0,3.48988944452
1,0.752319504969
2,0.0
3,1.02420020728
4,0.0
5,0.0
6,0.0
7,0.0
8,0.0
9,0.0
10,0.0
11,0.0
12,0.0
13,0.0
14,0.0
15,0.0
16,0.0
17,1.48751011609
18,0.0
19,0.0
20,0.0
21,0.0
22,0.0
23,0.0
24,0.0
25,0.418561914866
26,0.0
27,0.126978919143
28,0.0
29,0.0
30,0.0
31,0.0
32,0.0626131022755
33,0.0774961732811
34,0.0
35,0.0
36,0.0
37,0.0
38,0.0
39,0.0
40,0.0
41,0.0858043366289
42,0.0820550766684
43,0.0
44,0.0
45,0.0
46,0.0
47,0.0
48,0.0
49,0.0
50,0.0602362391387
51,0.026897074735
52,0.0437334318706
53,0.0
54,0.0
55,0.0353818596555
56,0.0293329566326
57,0.0
58,0.0
59,0.0744243429223
60,0.0291700391453
61,0.0
62,0.0218358039298
63,0.0
64,0.0
65,0.0
66,0.0
67,0.0
68,0.0
69,0.0
70,0.0545576479837
71,0.0
72,0.0
73,0.0291774197092
74,0.0
75,0.0289251711502
76,0.0
77,0.0
78,0.0
79,0.0
80,0.0
81,0.0179426528439
82,0.0
83,0.0
84,0.0
85,0.0
86,0.015573368604
87,0.0407436958054
88,0.0
89,0.0
90,0.0
91,0.0
92,0.0
93,0.0
94,0.0
95,0.0
96,0.0
97,0.0
98,0.0
99,0.0293584971221
100,0.0
101,0.0
102,0.0
103,0.0
104,0.0
105,0.0
106,0.0
107,0.0238290320597
108,0.0
109,0.0
110,0.027118967129
111,0.0
112,0.0
113,0.0
114,0.0
115,0.0
116,0.0
117,0.0321830117712
118,0.0
119,0.0
120,0.0
121,0.0
122,0.0
123,0.0
124,0.0
125,0.0
126,0.0327573976243
127,0.0317734025122
128,0.0
129,0.0
130,0.0
131,0.0
132,0.0
133,0.0
134,0.0
135,0.0
136,0.0287215251629
137,0.0
138,0.0
139,0.0
140,0.0
141,0.0
142,0.0129953279955
143,0.0
144,0.0136111901187
145,0.0
146,0.00836801159158
147,0.0
148,0.0
149,0.0
150,0.0
151,0.0
152,0.0155371821171
153,0.0
154,0.0
155,0.0
156,0.0
157,0.0310788713343
158,0.00727291176101
159,0.0
160,0.00692492283918
161,0.0
162,0.0
163,0.0
164,0.0378372092729
165,0.0101289922521
166,0.0
167,0.0
168,0.0
169,0.0
170,0.0173135305342
171,0.0
172,0.0
173,0.0
174,0.0
175,0.0
176,0.0
177,0.0
178,0.0
179,0.0
180,0.0215550993019
181,0.0
182,0.0
183,0.0261793686654
184,0.0
185,0.0
186,0.0
187,0.0
188,0.0
189,0.0
190,0.0
191,0.0
192,0.0
193,0.0110418997409
194,0.0
195,0.0
196,0.0
197,0.0
198,0.0
199,0.0
200,0.0
201,0.0296389583799
202,0.0
203,0.0195653735436
204,0.0
205,0.0112692365879
206,0.00872253272548
207,0.0
208,0.0
209,0.0
210,0.0
211,0.0
212,0.0
213,0.0
214,0.0
215,0.0
216,0.0
217,0.0
218,0.0
219,0.0
220,0.0
221,0.0
222,0.0
223,0.0
224,0.0
225,0.0
226,0.0
227,0.0
228,0.0
229,0.0
230,0.0210627143128
231,0.0
232,0.0
233,0.0
234,0.0
235,0.0
236,0.0394387332941
237,0.0
238,0.0
239,0.0118077661242
240,0.0
241,0.0
242,0.0
243,0.0119191826891
244,0.0
245,0.0
246,0.00889591184338
247,0.0
248,0.00724169895223
249,0.0226108432328
250,0.0
251,0.0
252,0.0
253,0.00689845837049
254,0.0
255,0.0
256,0.0
257,0.0197230495692
258,0.0
259,0.0
260,0.0
261,0.0
262,0.0
263,0.0
264,0.0
265,0.0
266,0.0
267,0.0
268,0.0
269,0.0
270,0.0
271,0.0
272,0.0
273,0.0
274,0.0
275,0.0
276,0.0
277,0.0
278,0.0
279,0.0
280,0.00616724325566
281,0.0
282,0.0
283,0.0
284,0.0
285,0.0
286,0.0
287,0.0274917886273
288,0.00821979806945
289,0.0
290,0.0
291,0.0
292,0.0
293,0.00484203812694
294,0.0
295,0.0
296,0.0
297,0.0
298,0.00878549834834
299,0.0
300,0.0
301,0.0
302,0.0
303,0.0
304,0.0136547959166
305,0.0
306,0.0
307,0.0
308,0.0
309,0.0
310,0.0
311,0.0
312,0.0
313,0.0
314,0.0
315,0.0
316,0.0171172245001
317,0.0127302067936
318,0.0
319,0.0
320,0.0
321,0.0
322,0.0
323,0.0
324,0.0
325,0.0
326,0.0
327,0.00957344449
328,0.0
329,0.0
330,0.00477177204977
331,0.0
332,0.0
333,0.0
334,0.0113164903072
335,0.0
336,0.0
337,0.0
338,0.0154255897401
339,0.0
340,0.00724380618728
341,0.0
342,0.0
343,0.0
344,0.0
345,0.00836201218892
346,0.0
347,0.00570003038343
348,0.0
349,0.0
350,0.0105536982724
351,0.0
352,0.0
353,0.00570975489807
354,0.0
355,0.0
356,0.0
357,0.0
358,0.0144760164795
359,0.0
360,0.0
361,0.0
362,0.0
363,0.0
364,0.0
365,0.0
366,0.0
367,0.0
368,0.0
369,0.0
370,0.00427278012955
371,0.0105346531865
372,0.0
373,0.0
374,0.0
375,0.0133363566409
376,0.00416693733966
377,0.0
378,0.0
379,0.0
380,0.0
381,0.0
382,0.0
383,0.0
384,0.0
385,0.0107526886471
386,0.0
387,0.0
388,0.0
389,0.0
390,0.0
391,0.0
392,0.0
393,0.0
394,0.0
395,0.0
396,0.0
397,0.0
398,0.0
399,0.0118164452324
400,0.0
401,0.0
402,0.0
403,0.0
404,0.0
405,0.0
406,0.0101370253722
407,0.0
408,0.0
409,0.0
410,0.00263881879705
411,0.0
412,0.00362060551053
413,0.00398228174264
414,0.00388519844721
415,0.0
416,0.0
417,0.0
418,0.00913065079156
419,0.0
420,0.0
421,0.0
422,0.00385502122684
423,0.00325813673543
424,0.0
425,0.0
426,0.0
427,0.00332689742339
428,0.0
429,0.0
430,0.0
431,0.00664043591739
432,0.0
433,0.0
434,0.0
435,0.0
436,0.0
437,0.0
438,0.0
439,0.0
440,0.0
441,0.0
442,0.0
443,0.0
444,0.0
445,0.010942355392
446,0.0
447,0.00347164695921
448,0.0
449,0.0163445469314
450,0.0
451,0.0
452,0.0
453,0.0
454,0.0
455,0.0
456,0.0
457,0.0
458,0.0
459,0.00317669318996
460,0.0
461,0.00793814007327
462,0.0
463,0.0
464,0.0
465,0.0
466,0.0
467,0.0
468,0.0
469,0.0103178848555
470,0.0
471,0.0
472,0.00486261058816
473,0.00372261237875
474,0.0
475,0.011696589508
476,0.0
477,0.0
478,0.0
479,0.0
480,0.0
481,0.0
482,0.00668546289819
483,0.0
484,0.0
485,0.00440391610937
486,0.00505643317394
487,0.00257739577379
488,0.0
489,0.0
490,0.0
491,0.0
492,0.0
493,0.0
494,0.0
495,0.0
496,0.0
497,0.00276908424526
498,0.00372365557196
499,0.0
500,0.0
501,0.0154752437308
502,0.00569458850683
503,0.0065940132299
504,0.0
505,0.0
506,0.0023496421018
507,0.00268598950988
508,0.0
509,0.0
510,0.00487603453292
511,0.0
512,0.0
513,0.0
514,0.0
515,0.00237333233034
516,0.0
517,0.0036234141673
518,0.00552796026802
519,0.0
520,0.0
521,0.0
522,0.0
523,0.0
524,0.0
525,0.0
526,0.0
527,0.0
528,0.0
529,0.0
530,0.0
531,0.0113968809106
532,0.00795291216048
533,0.0
534,0.0
535,0.0
536,0.0
537,0.00416953198112
538,0.0
539,0.0
540,0.0
541,0.0130258853351
542,0.00532854287881
543,0.00188984382262
544,0.00237955466686
545,0.0
546,0.0
547,0.0
548,0.0
549,0.0
550,0.0
551,0.0
552,0.0
553,0.0
554,0.0
555,0.0
556,0.0
557,0.0
558,0.0
559,0.0
560,0.0
561,0.00857906673225
562,0.0
563,0.0
564,0.0
565,0.0
566,0.0
567,0.00247128318163
568,0.0
569,0.00446235719531
570,0.0078019475236
571,0.0
572,0.0
573,0.0
574,0.00218706018341
575,0.0
576,0.0
577,0.00564891637101
578,0.0
579,0.0048240695298
580,0.0
581,0.0
582,0.00339293421085
583,0.0
584,0.0
585,0.0
586,0.0
587,0.0
588,0.0
589,0.0
590,0.0
591,0.0
592,0.0
593,0.0
594,0.0
595,0.0
596,0.0
597,0.0
598,0.0
599,0.00604604350781
600,0.0
601,0.0
602,0.0
603,0.0
604,0.0
605,0.0
606,0.0
607,0.0
608,0.0129813699805
609,0.0
610,0.00285707104675
611,0.0
612,0.00246562974931
613,0.0
614,0.0
615,0.0
616,0.0
617,0.0
618,0.0
619,0.0
620,0.0
621,0.0
622,0.0
623,0.0
624,0.0
625,0.0
626,0.0
627,0.00648346326689
628,0.0
629,0.0049616208954
630,0.0059028918364
631,0.0
632,0.0
633,0.00201789147595
634,0.0
635,0.00343336382521
636,0.00204159189519
637,0.0
638,0.0
639,0.0
640,0.0
641,0.0
642,0.0
643,0.0
644,0.0
645,0.0
646,0.00545732726177
647,0.0
648,0.0
649,0.0
650,0.00318974963215
651,0.00357981085119
652,0.0
653,0.0
654,0.0
655,0.00249711231393
656,0.0
657,0.0
658,0.00207011025542
659,0.0
660,0.0
661,0.0
662,0.00367120753671
663,0.0
664,0.0
665,0.0
666,0.0
667,0.0
668,0.0
669,0.0
670,0.0
671,0.0
672,0.0
673,0.0
674,0.0
675,0.0
676,0.0
677,0.0
678,0.00602876620032
679,0.0
680,0.00386451715883
681,0.0
682,0.0
683,0.0
684,0.0
685,0.0
686,0.0
687,0.00909013535463
688,0.00221546887206
689,0.0
690,0.0
691,0.00194781796643
692,0.0
693,0.0
694,0.0
695,0.0
696,0.0
697,0.0
698,0.0
699,0.0
700,0.0
701,0.0
702,0.0
703,0.0
704,0.00730805099984
705,0.0
706,0.0
707,0.0
708,0.0
709,0.0
710,0.0
711,0.0
712,0.0
713,0.0
714,0.0107881269469
715,0.0
716,0.0
717,0.00219305639207
718,0.0
719,0.0
720,0.0
721,0.00273983447708
722,0.0
723,0.0
724,0.0
725,0.0
726,0.0042176795041
727,0.0
728,0.00522892985354
729,0.0
730,0.00396248977932
731,0.0
732,0.0
733,0.0
734,0.0
735,0.0
736,0.0
737,0.0
738,0.0
739,0.0
740,0.00406815608869
741,0.00485929782601
742,0.0
743,0.0
744,0.0
745,0.0
746,0.00485085547281
747,0.00478087640145
748,0.0
749,0.0
750,0.00217727167414
751,0.00145972333137
752,0.00169417145954
753,0.0
754,0.0
755,0.00284218774224
756,0.0
757,0.0
758,0.0
759,0.00259570171278
760,0.0
761,0.0
762,0.0
763,0.00376780637009
764,0.0
765,0.0
766,0.0
767,0.0
768,0.00294192642434
769,0.00180098249684
770,0.0
771,0.00165055759023
772,0.0
773,0.0
774,0.0
775,0.0
776,0.005542157648
777,0.00245350398288
778,0.0
779,0.00465579800477
780,0.0
781,0.0
782,0.0
783,0.0
784,0.0
785,0.0
786,0.0
787,0.0
788,0.0
789,0.00566619264977
790,0.0
791,0.00422574464579
792,0.0
793,0.0
794,0.0
795,0.0
796,0.001217427509
797,0.0
798,0.00597920172049
799,0.0
800,0.0
801,0.00314881252451
802,0.0
803,0.00347558827407
804,0.00135695450326
805,0.0
806,0.0
807,0.0
808,0.0
809,0.0
810,0.0
811,0.0
812,0.0
813,0.00310822100417
814,0.0
815,0.0
816,0.00586534549681
817,0.0
818,0.0
819,0.0
820,0.00154031766295
821,0.00222222468098
822,0.0
823,0.0
824,0.0
825,0.0
826,0.0
827,0.0
828,0.00430703396208
829,0.0
830,0.0
831,0.00175305520596
832,0.0
833,0.0
834,0.0
835,0.0
836,0.0
837,0.0
838,0.0
839,0.0
840,0.00155242728123
841,0.0
842,0.0026491605189
843,0.0
844,0.0
845,0.0
846,0.0
847,0.00522698852508
848,0.00118304022613
849,0.0
850,0.0
851,0.0
852,0.0
853,0.0
854,0.0
855,0.0
856,0.00474538214823
857,0.0
858,0.0
859,0.00829709605447
860,0.0
861,0.00164333916531
862,0.0
863,0.0
864,0.00171745775025
865,0.00259522659163
866,0.0
867,0.0
868,0.0
869,0.0
870,0.0
871,0.0
872,0.0
873,0.0
874,0.0
875,0.0
876,0.00262584248983
877,0.0
878,0.0
879,0.0
880,0.00496708553775
881,0.0
882,0.0029861987426
883,0.0
884,0.0
885,0.0
886,0.0
887,0.0
888,0.0
889,0.0
890,0.0
891,0.0
892,0.0
893,0.0
894,0.0
895,0.00427414732538
896,0.0
897,0.0
898,0.0
899,0.0
900,0.0
901,0.0
902,0.0
903,0.0
904,0.0
905,0.0
906,0.00430393963545
907,0.00397377802352
908,0.0
909,0.0
910,0.0
911,0.00159835812909
912,0.0
913,0.0
914,0.0
915,0.0
916,0.0
917,0.0
918,0.0
919,0.00447093443652
920,0.0
921,0.0
922,0.0
923,0.0
924,0.0
925,0.0
926,0.00245327751929
927,0.0
928,0.00227998310199
929,0.00185573476081
930,0.00244320359024
931,0.00169033948052
932,0.00153680383992
933,0.0
934,0.00343188324661
935,0.00139811159536
936,0.00183568469517
937,0.0
938,0.0
939,0.0
940,0.00290725060409
941,0.00181874200129
942,0.0
943,0.0
944,0.0021697333149
945,0.00270747745796
946,0.0
947,0.0
948,0.0028479925564
949,0.0
950,0.00321051861768
951,0.0
952,0.0
953,0.0
954,0.00243336570468
955,0.0
956,0.0
957,0.0
958,0.0
959,0.00290928971978
960,0.0
961,0.0
962,0.0
963,0.0
964,0.0
965,0.00155939514676
966,0.0
967,0.0
968,0.0
969,0.0
970,0.0
971,0.0
972,0.00223077973595
973,0.0
974,0.00103053247246
975,0.0
976,0.00664915911253
977,0.0
978,0.0
979,0.00156155228598
980,0.0
981,0.0
982,0.0
983,0.0
984,0.00123863012474
985,0.0
986,0.0
987,0.0
988,0.0
989,0.00295140030875
990,0.00298330478978
991,0.0
992,0.0
993,0.0
994,0.00235161821018
995,0.00236650527855
996,0.0
997,0.00144404366407
998,0.0
999,0.0
1000,0.0
1001,0.0
1002,0.00245978839377
1003,0.0
1004,0.00282768540226
1005,0.0
1006,0.0
1007,0.0
1008,0.00114405632303
1009,0.00181480771104
1010,0.00187767623257
1011,0.0
1012,0.0
1013,0.0
1014,0.0
1015,0.00396237652126
1016,0.0
1017,0.0
1018,0.0
1019,0.0036144338003
1020,0.00147366189971
1021,0.0
1022,0.0
1023,0.0
1024,0.0
1025,0.0
1026,0.0
1027,0.0
1028,0.00116462513188
1029,0.0
1030,0.0
1031,0.0
1032,0.0
1033,0.00298472792675
1034,0.0
1035,0.0
1036,0.0
1037,0.0
1038,0.0
1039,0.0
1040,0.0
1041,0.00487201868456
1042,0.0
1043,0.0
1044,0.0
1045,0.00125136063448
1046,0.0
1047,0.0
1048,0.0
1049,0.00201790668204
1050,0.0
1051,0.0
1052,0.0
1053,0.00383077602414
1054,0.00163190994365
1055,0.0
1056,0.0
1057,0.0014439750005
1058,0.0
1059,0.0
1060,0.0
1061,0.0
1062,0.0
1063,0.0
1064,0.00269238772821
1065,0.0
1066,0.0
1067,0.00356729111976
1068,0.00402709884613
1069,0.00143251342901
1070,0.0
1071,0.0
1072,0.00139136638381
1073,0.0
1074,0.0
1075,0.00359658926297
1076,0.0
1077,0.00287252485413
1078,0.0
1079,0.0
1080,0.00106401936673
1081,0.0
1082,0.0
1083,0.0
1084,0.0
1085,0.0
1086,0.0
1087,0.00264050995003
1088,0.0
1089,0.0
1090,0.0
1091,0.0
1092,0.0
1093,0.00468088277111
1094,0.0
1095,0.0
1096,0.0
1097,0.00347463395015
1098,0.0
1099,0.000989417092286
1100,0.0
1101,0.0
1102,0.0
1103,0.0
1104,0.0
1105,0.00287412223959
1106,0.0
1107,0.0
1108,0.0
1109,0.0
1110,0.0
1111,0.0
1112,0.0
1113,0.0
1114,0.0049428748648
1115,0.0
1116,0.0
1117,0.0010200401834
1118,0.0
1119,0.0
1120,0.0
1121,0.0
1122,0.00109178561504
1123,0.0
1124,0.0
1125,0.0
1126,0.0
1127,0.0
1128,0.0
1129,0.0
1130,0.0
1131,0.0
1132,0.0
1133,0.0
1134,0.0
1135,0.0
1136,0.0
1137,0.0
1138,0.0
1139,0.0
1140,0.00815194772364
1141,0.0
1142,0.0
1143,0.00148760153975
1144,0.0
1145,0.0
1146,0.0
1147,0.0
1148,0.0
1149,0.0
1150,0.00215398969907
1151,0.0
1152,0.0
1153,0.0
1154,0.00377936101889
1155,0.0
1156,0.0
1157,0.0
1158,0.0
1159,0.0017823750525
1160,0.00121890213211
1161,0.0
1162,0.00299206958597
1163,0.0
1164,0.0
1165,0.0
1166,0.0
1167,0.0
1168,0.0
1169,0.0
1170,0.0
1171,0.0
1172,0.0
1173,0.00277460639572
1174,0.0
1175,0.0
1176,0.0
1177,0.0
1178,0.0
1179,0.0
1180,0.0
1181,0.0
1182,0.0
1183,0.0
1184,0.0
1185,0.0
1186,0.00638156210246
1187,0.0
1188,0.0
1189,0.0
1190,0.0
1191,0.0
1192,0.0
1193,0.0
1194,0.0
1195,0.0
1196,0.0
1197,0.0
1198,0.0
1199,0.0
1200,0.00588967697435
1201,0.0
1202,0.00509927051884
1203,0.00264394024896
1204,0.0
1205,0.0
1206,0.0
1207,0.0
1208,0.0
1209,0.0
1210,0.0
1211,0.00185409389779
1212,0.0
1213,0.00332696931435
1214,0.00103162179617
1215,0.0
1216,0.0
1217,0.00190670013474
1218,0.0
1219,0.000963709756128
1220,0.0
1221,0.00178108601224
1222,0.0
1223,0.0
1224,0.0
1225,0.0
1226,0.0
1227,0.00184291475301
1228,0.0
1229,0.0
1230,0.0
1231,0.0
1232,0.0
1233,0.0
1234,0.0
1235,0.0
1236,0.0
1237,0.0
1238,0.0
1239,0.0
1240,0.0
1241,0.0
1242,0.0
1243,0.0
1244,0.00300750571919
1245,0.0
1246,0.00416925118753
1247,0.0
1248,0.0
1249,0.0
1250,0.0
1251,0.0
1252,0.0
1253,0.0
1254,0.0
1255,0.0
1256,0.0
1257,0.0
1258,0.0
1259,0.00138924296166
1260,0.0
1261,0.00295996084181
1262,0.0
1263,0.0
1264,0.00185683967233
1265,0.0
1266,0.00107181925979
1267,0.0
1268,0.0008787798156
1269,0.00270000210139
1270,0.00166890274766
1271,0.0
1272,0.00383378087022
1273,0.0
1274,0.0
1275,0.0
1276,0.0
1277,0.0
1278,0.00213158040497
1279,0.0
1280,0.00302270736055
1281,0.0
1282,0.000863308412652
1283,0.0
1284,0.0
1285,0.0
1286,0.00341686232591
1287,0.0
1288,0.00133731730527
1289,0.0
1290,0.0
1291,0.0
1292,0.00257970915697
1293,0.0
1294,0.0
1295,0.0
1296,0.0
1297,0.0
1298,0.0
1299,0.0
1300,0.0
1301,0.0
1302,0.00203576811325
1303,0.0
1304,0.0
1305,0.0
1306,0.0
1307,0.0
1308,0.0
1309,0.0
1310,0.00204229249323
1311,0.0
1312,0.00241870049877
1313,0.0
1314,0.0
1315,0.0
1316,0.0
1317,0.0
1318,0.0
1319,0.0
1320,0.0
1321,0.00199884091884
1322,0.000908927515861
1323,0.0
1324,0.00183056080569
1325,0.0
1326,0.0
1327,0.00139230229007
1328,0.000824043757388
1329,0.0
1330,0.0
1331,0.0
1332,0.00118526532411
1333,0.0
1334,0.00175598170032
1335,0.0
1336,0.00414141513408
1337,0.0
1338,0.00101088642982
1339,0.0
1340,0.0
1341,0.0
1342,0.0
1343,0.0
1344,0.0
1345,0.0
1346,0.000889005238762
1347,0.0
1348,0.0
1349,0.0
1350,0.00146392012359
1351,0.0
1352,0.0
1353,0.0
1354,0.0
1355,0.00312643432406
1356,0.00200679439873
1357,0.0
1358,0.0
1359,0.0
1360,0.0
1361,0.0
1362,0.00170392209245
1363,0.0
1364,0.0
1365,0.0023048035061
1366,0.0
1367,0.0
1368,0.000930865791202
1369,0.0
1370,0.0
1371,0.00204217946915
1372,0.0
1373,0.0
1374,0.0
1375,0.0
1376,0.0
1377,0.0
1378,0.0
1379,0.00274224039796
1380,0.0
1381,0.00109619367387
1382,0.0
1383,0.0
1384,0.0
1385,0.0
1386,0.0
1387,0.0
1388,0.00264003363788
1389,0.0
1390,0.0
1391,0.0
1392,0.00328023728137
1393,0.0
1394,0.0
1395,0.00172250485498
1396,0.00114455209391
1397,0.0
1398,0.0
1399,0.0
1400,0.00203523186572
1401,0.0
1402,0.0
1403,0.00118621917729
1404,0.0
1405,0.00175765400591
1406,0.00218777861214
1407,0.0
1408,0.0
1409,0.0
1410,0.0
1411,0.0
1412,0.0
1413,0.0
1414,0.000927424125222
1415,0.0
1416,0.0
1417,0.0
1418,0.0
1419,0.000816917642712
1420,0.00101934937046
1421,0.0
1422,0.0
1423,0.0
1424,0.0
1425,0.0
1426,0.0
1427,0.0
1428,0.0
1429,0.0
1430,0.0
1431,0.0
1432,0.00189558736658
1433,0.0
1434,0.00299839980036
1435,0.0
1436,0.0
1437,0.0
1438,0.0
1439,0.00097667013469
1440,0.00134168717162
1441,0.0
1442,0.0
1443,0.0
1444,0.0
1445,0.0
1446,0.0
1447,0.0
1448,0.00151164185192
1449,0.00206093511192
1450,0.0
1451,0.0
1452,0.000763703001293
1453,0.0
1454,0.0
1455,0.0
1456,0.0
1457,0.0
1458,0.0
1459,0.00107964302697
1460,0.00111913561362
1461,0.00222794853125
1462,0.0
1463,0.0
1464,0.00269047418564
1465,0.00069245030426
1466,0.0
1467,0.0
1468,0.0
1469,0.0
1470,0.0
1471,0.0
1472,0.0
1473,0.00148775530506
1474,0.00231078896508
1475,0.0
1476,0.0
1477,0.0
1478,0.0
1479,0.0
1480,0.0
1481,0.0
1482,0.0
1483,0.0
1484,0.0
1485,0.0
1486,0.0
1487,0.0
1488,0.0
1489,0.0038110206517
1490,0.0
1491,0.0
1492,0.0
1493,0.0
1494,0.00125864410106
1495,0.00148867570865
1496,0.0
1497,0.0
1498,0.0025716223381
1499,0.00117035728547
1500,0.00111284225497
1501,0.0
1502,0.00226445425505
1503,0.0
1504,0.0
1505,0.0
1506,0.0
1507,0.0
1508,0.0
1509,0.0
1510,0.0
1511,0.00164523150025
1512,0.0
1513,0.0
1514,0.0
1515,0.0
1516,0.0
1517,0.0
1518,0.0
1519,0.0
1520,0.00115569336719
1521,0.0
1522,0.00142906473095
1523,0.0
1524,0.00213428582777
1525,0.0
1526,0.0
1527,0.0
1528,0.000714004483591
1529,0.00116623550714
1530,0.0
1531,0.0
1532,0.0
1533,0.0
1534,0.00101194208272
1535,0.0
1536,0.0
1537,0.0
1538,0.0
1539,0.0
1540,0.0
1541,0.00129034917346
1542,0.0
1543,0.0
1544,0.0
1545,0.0
1546,0.0
1547,0.0
1548,0.0
1549,0.0
1550,0.00228042258906
1551,0.0
1552,0.0
1553,0.000745994765279
1554,0.0
1555,0.00189622766755
1556,0.0
1557,0.00131651147366
1558,0.0
1559,0.0
1560,0.00200060047611
1561,0.0
1562,0.0
1563,0.0
1564,0.0
1565,0.000942960787652
1566,0.0
1567,0.0
1568,0.0
1569,0.0
1570,0.0
1571,0.0
1572,0.0
1573,0.00342756093011
1574,0.0
1575,0.0
1576,0.0
1577,0.0
1578,0.0
1579,0.00193671226047
1580,0.0
1581,0.0
1582,0.0
1583,0.0
1584,0.0
1585,0.0
1586,0.0
1587,0.0
1588,0.0
1589,0.0
1590,0.0
1591,0.0
1592,0.00258700883368
1593,0.0
1594,0.0
1595,0.0
1596,0.00102977122783
1597,0.0
1598,0.00305916444827
1599,0.0
1600,0.0
1601,0.00153284275102
1602,0.0
1603,0.0
1604,0.00173513498861
1605,0.0
1606,0.0
1607,0.0
1608,0.00235630305293
1609,0.00236834850982
1610,0.0
1611,0.0
1612,0.0
1613,0.0
1614,0.0
1615,0.0
1616,0.0
1617,0.0
1618,0.00294281326684
1619,0.0021216322866
1620,0.0
1621,0.0
1622,0.0
1623,0.0
1624,0.0
1625,0.0
1626,0.0
1627,0.0
1628,0.0
1629,0.0
1630,0.0
1631,0.0
1632,0.0
1633,0.0
1634,0.00202529151226
1635,0.0
1636,0.0
1637,0.00127046597602
1638,0.00282223384175
1639,0.000845641702939
1640,0.0
1641,0.00141743416047
1642,0.0
1643,0.0
1644,0.0
1645,0.0
1646,0.0
1647,0.0
1648,0.0
1649,0.0
1650,0.0
1651,0.0
1652,0.0
1653,0.000968068454762
1654,0.0
1655,0.0
1656,0.00370977957256
1657,0.0
1658,0.00110633356609
1659,0.00105473518702
1660,0.0
1661,0.000834748126797
1662,0.0
1663,0.0
1664,0.0
1665,0.0
1666,0.0
1667,0.0013905946338
1668,0.0
1669,0.0
1670,0.0
1671,0.00261697618609
1672,0.0
1673,0.0
1674,0.0
1675,0.0
1676,0.0
1677,0.0
1678,0.00293862676003
1679,0.00178529759876
1680,0.0
1681,0.000652100567084
1682,0.0
1683,0.0
1684,0.0
1685,0.0
1686,0.0
1687,0.0
1688,0.0
1689,0.0
1690,0.0
1691,0.00167920716828
1692,0.0
1693,0.00416033999005
1694,0.0
1695,0.0
1696,0.00149899199942
1697,0.0
1698,0.0
1699,0.0
1700,0.0
1701,0.0
1702,0.00173518067733
1703,0.0
1704,0.0
1705,0.0
1706,0.0
1707,0.00148979386867
1708,0.0
1709,0.0
1710,0.0
1711,0.0
1712,0.00180589058671
1713,0.0
1714,0.000628919010016
1715,0.0
1716,0.0
1717,0.0
1718,0.0
1719,0.0
1720,0.0
1721,0.0
1722,0.0
1723,0.0
1724,0.0
1725,0.0
1726,0.00316219421806
1727,0.00143718453167
1728,0.0
1729,0.0
1730,0.0
1731,0.0
1732,0.0
1733,0.0
1734,0.0
1735,0.0
1736,0.0
1737,0.0
1738,0.0
1739,0.00266268990576
1740,0.0
1741,0.0
1742,0.0
1743,0.0
1744,0.0
1745,0.0
1746,0.0
1747,0.0
1748,0.0
1749,0.0
1750,0.0
1751,0.0
1752,0.0
1753,0.0
1754,0.00380523254466
1755,0.00162940799252
1756,0.0
1757,0.00189503131589
1758,0.0
1759,0.0
1760,0.0
1761,0.00131096889201
1762,0.0
1763,0.0
1764,0.0
1765,0.0
1766,0.0
1767,0.00115194455844
1768,0.0
1769,0.0
1770,0.0
1771,0.0
1772,0.0
1773,0.0
1774,0.0
1775,0.0
1776,0.0
1777,0.00197962853308
1778,0.00283300311234
1779,0.0
1780,0.0
1781,0.0
1782,0.0013059148035
1783,0.0
1784,0.0
1785,0.0
1786,0.0
1787,0.0
1788,0.0
1789,0.00104313027717
1790,0.0
1791,0.0
1792,0.0022152478562
1793,0.0
1794,0.0
1795,0.0
1796,0.0
1797,0.00186203687903
1798,0.0
1799,0.000727553662882
1800,0.0
1801,0.0
1802,0.000707140497072
1803,0.0
1804,0.0
1805,0.0
1806,0.0
1807,0.00313356363712
1808,0.0
1809,0.0
1810,0.0
1811,0.00155109901048
1812,0.0
1813,0.0
1814,0.000685829292543
1815,0.0
1816,0.0
1817,0.0
1818,0.0
1819,0.0
1820,0.0
1821,0.00192758856817
1822,0.00199559542904
1823,0.000747654085754
1824,0.0
1825,0.0
1826,0.00102476200889
1827,0.0
1828,0.0
1829,0.0
1830,0.00144720509298
1831,0.0
1832,0.0
1833,0.0
1834,0.0
1835,0.0
1836,0.0
1837,0.00123140697041
1838,0.0
1839,0.0
1840,0.0
1841,0.0
1842,0.0
1843,0.0
1844,0.000923703515488
1845,0.0
1846,0.0
1847,0.0
1848,0.0
1849,0.00134427912757
1850,0.0
1851,0.0
1852,0.0
1853,0.0
1854,0.0
1855,0.0
1856,0.00351094825553
1857,0.0
1858,0.0
1859,0.0
1860,0.00148325549227
1861,0.00110344192742
1862,0.0
1863,0.0
1864,0.00095920049537
1865,0.000695341929477
1866,0.0
1867,0.0
1868,0.0
1869,0.0
1870,0.0
1871,0.0
1872,0.0
1873,0.000894364287489
1874,0.0
1875,0.0
1876,0.0
1877,0.00124608084895
1878,0.0
1879,0.0
1880,0.00120601539215
1881,0.0
1882,0.000858741261833
1883,0.0
1884,0.0
1885,0.0
1886,0.00238300371664
1887,0.0
1888,0.0
1889,0.0
1890,0.0
1891,0.00110645476102
1892,0.0
1893,0.0
1894,0.0
1895,0.0
1896,0.0
1897,0.0
1898,0.0
1899,0.0
1900,0.00102885425834
1901,0.0
1902,0.0
1903,0.0
1904,0.00274891832762
1905,0.000654215375484
1906,0.0
1907,0.0
1908,0.000591879432752
1909,0.0
1910,0.0
1911,0.00110401757013
1912,0.00238722542434
1913,0.000815641198098
1914,0.0
1915,0.0
1916,0.0
1917,0.00177312747345
1918,0.0
1919,0.0
1920,0.0
1921,0.0
1922,0.0
1923,0.0
1924,0.00058385595623
1925,0.0
1926,0.0
1927,0.0
1928,0.0
1929,0.00170834816073
1930,0.000688097083379
1931,0.0
1932,0.00120571751354
1933,0.0
1934,0.0
1935,0.0
1936,0.0
1937,0.0
1938,0.0
1939,0.00124903255801
1940,0.00260474999429
1941,0.000734948301781
1942,0.0
1943,0.0
1944,0.0
1945,0.0
1946,0.0
1947,0.0
1948,0.0
1949,0.0
1950,0.0
1951,0.0
1952,0.0
1953,0.0
1954,0.0
1955,0.0
1956,0.00165465162737
1957,0.0
1958,0.0
1959,0.0
1960,0.0
1961,0.0
1962,0.0
1963,0.0
1964,0.0
1965,0.0
1966,0.00316672009144
1967,0.00253494772807
1968,0.0
1969,0.0
1970,0.000829390660403
1971,0.0
1972,0.0
1973,0.0
1974,0.0
1975,0.0
1976,0.0
1977,0.0
1978,0.0
1979,0.0
1980,0.0
1981,0.0
1982,0.0
1983,0.0
1984,0.0
1985,0.0
1986,0.0
1987,0.0
1988,0.0
1989,0.0
1990,0.0
1991,0.0
1992,0.0
1993,0.00414642097331
1994,0.0
1995,0.00199636261508
1996,0.0
1997,0.0
1998,0.000839359127862
1999,0.0
2000,0.0
2001,0.0
2002,0.0
2003,0.0
2004,0.0
2005,0.0
2006,0.0
2007,0.0
2008,0.00182258594809
2009,0.0
2010,0.0
2011,0.0
2012,0.0
2013,0.00341273071764
2014,0.0
2015,0.00100037070432
2016,0.0
2017,0.0
2018,0.000897421122994
2019,0.0
2020,0.000789472454749
2021,0.0
2022,0.00118592195585
2023,0.0
2024,0.0
2025,0.00060509990126
2026,0.0
2027,0.0
2028,0.0
2029,0.0
2030,0.0
2031,0.0
2032,0.0
2033,0.0
2034,0.0
2035,0.0
2036,0.0
2037,0.0
2038,0.0
2039,0.00283813520754
2040,0.000914775730795
2041,0.0
2042,0.0
2043,0.0
2044,0.0
2045,0.0
2046,0.0
2047,0.0
2048,0.0
2049,0.0033547473526
2050,0.0
2051,0.0011686034564
2052,0.0
2053,0.0
2054,0.00125691023225
2055,0.00141290570094
2056,0.0
2057,0.00129432792936
2058,0.0
2059,0.0
2060,0.0
2061,0.000568643200777
2062,0.0
2063,0.0
2064,0.0
2065,0.0
2066,0.0
2067,0.00113456353289
2068,0.0
2069,0.0
2070,0.000646393937161
2071,0.0
2072,0.0
2073,0.0
2074,0.0
2075,0.00154736300025
2076,0.0
2077,0.0
2078,0.0
2079,0.00147577468888
2080,0.000806738263484
2081,0.0
2082,0.0
2083,0.0
2084,0.0
2085,0.0
2086,0.0
2087,0.0
2088,0.00158720211644
2089,0.0
2090,0.0
2091,0.0
2092,0.00312856557585
2093,0.0
2094,0.0
2095,0.00194637058306
2096,0.0
2097,0.00160196313362
2098,0.0
2099,0.0
2100,0.0
2101,0.0
2102,0.0
2103,0.0
2104,0.0
2105,0.0
2106,0.0
2107,0.0
2108,0.00194043493037
2109,0.000939586658282
2110,0.00110577219043
2111,0.0
2112,0.0
2113,0.0
2114,0.0
2115,0.0
2116,0.0
2117,0.0
2118,0.0
2119,0.0018573669801
2120,0.0
2121,0.00138179975702
2122,0.0
2123,0.0
2124,0.00169904827869
2125,0.0
2126,0.0
2127,0.0
2128,0.0
2129,0.0
2130,0.0
2131,0.0
2132,0.0
2133,0.0
2134,0.0
2135,0.0
2136,0.0
2137,0.00059885826018
2138,0.0
2139,0.00223341364851
2140,0.0
2141,0.0
2142,0.0
2143,0.0
2144,0.0
2145,0.0
2146,0.0
2147,0.00137532949436
2148,0.0
2149,0.0
2150,0.0
2151,0.00117075836966
2152,0.00233257744761
2153,0.0
2154,0.000775195247247
2155,0.0
2156,0.0
2157,0.0
2158,0.0
2159,0.0
2160,0.0
2161,0.0
2162,0.0
2163,0.0
2164,0.000949978051921
2165,0.0
2166,0.0
2167,0.00320995326784
2168,0.0
2169,0.000668679406687
2170,0.0
2171,0.000972474910411
2172,0.0
2173,0.0
2174,0.00312572154808
2175,0.0
2176,0.0
2177,0.000887462383809
2178,0.0
2179,0.0
2180,0.0
2181,0.0
2182,0.00265284621093
2183,0.0
2184,0.0
2185,0.0
2186,0.0
2187,0.0
2188,0.00115674247015
2189,0.0
2190,0.0
2191,0.0
2192,0.00153846292335
2193,0.0
2194,0.0005430165745
2195,0.0
2196,0.0
2197,0.0
2198,0.0
2199,0.0
2200,0.0
2201,0.000580260389924
2202,0.0
2203,0.00226228471045
2204,0.0
2205,0.00145204257536
2206,0.0
2207,0.0
2208,0.0
2209,0.000689354242807
2210,0.0
2211,0.00105482104529
2212,0.0
2213,0.0
2214,0.0
2215,0.000541206666722
2216,0.0
2217,0.0
2218,0.0
2219,0.00218305475517
2220,0.0
2221,0.0
2222,0.0
2223,0.0
2224,0.0
2225,0.00070174150655
2226,0.0
2227,0.0
2228,0.0
2229,0.00158164194602
2230,0.0
2231,0.0
2232,0.0
2233,0.0
2234,0.00116470244689
2235,0.0
2236,0.0
2237,0.0
2238,0.000585207674147
2239,0.0
2240,0.0
2241,0.0
2242,0.0
2243,0.00162243958609
2244,0.0
2245,0.0
2246,0.0
2247,0.0
2248,0.0
2249,0.0
2250,0.00289118798371
2251,0.0
2252,0.0
2253,0.0
2254,0.000961285599699
2255,0.0
2256,0.0014101860211
2257,0.0
2258,0.0008318399829
2259,0.0
2260,0.00260283362504
2261,0.0
2262,0.00105986376092
2263,0.0
2264,0.0
2265,0.00070802544143
2266,0.00100462393736
2267,0.000495149734497
2268,0.0
2269,0.0
2270,0.0
2271,0.0
2272,0.0
2273,0.0
2274,0.0
2275,0.0
2276,0.0
2277,0.0
2278,0.0
2279,0.0
2280,0.00144129942919
2281,0.0
2282,0.0
2283,0.0
2284,0.00122891782893
2285,0.00107870459141
2286,0.0
2287,0.0
2288,0.00198729580526
2289,0.000728586898855
2290,0.0
2291,0.0
2292,0.0
2293,0.0
2294,0.0
2295,0.00068102039277
2296,0.0
2297,0.0
2298,0.00076887624447
2299,0.0
2300,0.000462945770223
2301,0.000808098850536
2302,0.0
2303,0.0
2304,0.00093562132522
2305,0.0
2306,0.0
2307,0.0
2308,0.00116840587935
2309,0.000659550983019
2310,0.000539620839311
2311,0.0
2312,0.0
2313,0.00101722263833
2314,0.0
2315,0.0
2316,0.000667597349357
2317,0.0
2318,0.0011322124781
2319,0.0
2320,0.0
2321,0.0
2322,0.0
2323,0.0
2324,0.0
2325,0.0
2326,0.00182643696105
2327,0.0
2328,0.00116339630641
2329,0.0
2330,0.0
2331,0.00138530745261
2332,0.0
2333,0.000603796072783
2334,0.000770242917236
2335,0.0
2336,0.0
2337,0.0
2338,0.0
2339,0.0
2340,0.0
2341,0.0
2342,0.00177815592918
2343,0.0
2344,0.0
2345,0.000907082655462
2346,0.0
2347,0.0
2348,0.00107182546853
2349,0.000728736803066
2350,0.0
2351,0.0
2352,0.000954464028497
2353,0.0
2354,0.0
2355,0.000847825295867
2356,0.0
2357,0.0
2358,0.0
2359,0.000800584892586
2360,0.0
2361,0.0
2362,0.0
2363,0.000642430670981
2364,0.0
2365,0.000952228350415
2366,0.000610558215263
2367,0.0
2368,0.0
2369,0.0
2370,0.0
2371,0.0
2372,0.0
2373,0.0
2374,0.0
2375,0.0
2376,0.0
2377,0.0
2378,0.0
2379,0.0
2380,0.0
2381,0.0
2382,0.00270279515236
2383,0.00225823628955
2384,0.0
2385,0.00125599792535
2386,0.0
2387,0.000623230621337
2388,0.00077149623323
2389,0.0
2390,0.000585659133818
2391,0.0
2392,0.0
2393,0.00202768825613
2394,0.00152120068426
2395,0.0
2396,0.0
2397,0.00142677978636
2398,0.00135057765048
2399,0.0
2400,0.0
2401,0.0
2402,0.00115913442831
2403,0.0
2404,0.0
2405,0.00121233144077
2406,0.0
2407,0.0
2408,0.00174047076367
2409,0.000957075298376
2410,0.000588305430782
2411,0.000504644384287
2412,0.0
2413,0.000966971068697
2414,0.0
2415,0.0
2416,0.000955457354261
2417,0.0
2418,0.0
2419,0.0
2420,0.0
2421,0.0
2422,0.0
2423,0.0
2424,0.0
2425,0.00116426285377
2426,0.000878777647367
2427,0.0
2428,0.0
2429,0.0
2430,0.000691203722009
2431,0.0
2432,0.0
2433,0.0
2434,0.0
2435,0.0
2436,0.0
2437,0.0
2438,0.00159481140975
2439,0.0
2440,0.0
2441,0.0
2442,0.00148635504958
2443,0.0
2444,0.00232981559236
2445,0.0
2446,0.0
2447,0.0
2448,0.0
2449,0.000731456781511
2450,0.0
2451,0.0
2452,0.0
2453,0.0
2454,0.0
2455,0.0
2456,0.0
2457,0.0
2458,0.0
2459,0.0
2460,0.00206657810644
2461,0.00162016367217
2462,0.0
2463,0.0
2464,0.0
2465,0.00145203938632
2466,0.0
2467,0.0
2468,0.0
2469,0.000752543170778
2470,0.0
2471,0.000628753056865
2472,0.000868980235786
2473,0.0
2474,0.0
2475,0.0
2476,0.0
2477,0.0
2478,0.0
2479,0.0
2480,0.0
2481,0.0
2482,0.00091058083735
2483,0.0
2484,0.0
2485,0.00140415706337
2486,0.0
2487,0.0
2488,0.0
2489,0.0
2490,0.0
2491,0.0
2492,0.0
2493,0.000962630422909
2494,0.0
2495,0.000608703685675
2496,0.0
2497,0.0
2498,0.0
2499,0.0
2500,0.0
2501,0.0
2502,0.0
2503,0.0
2504,0.0
2505,0.0
2506,0.0
2507,0.000979546960781
2508,0.00226229443119
2509,0.000677707144566
2510,0.000745028984703
2511,0.0
2512,0.000558463317406
2513,0.000754422231863
2514,0.000909648663883
2515,0.0
2516,0.0
2517,0.0010486983258
2518,0.000880210798144
2519,0.0
2520,0.000460330243851
2521,0.00140584381171
2522,0.0
2523,0.000619452641474
2524,0.000970239136254
2525,0.000487277874451
2526,0.0
2527,0.000918428018342
2528,0.000626290393271
2529,0.00188978592763
2530,0.0
2531,0.000926102853971
2532,0.0
2533,0.0
2534,0.0
2535,0.0
2536,0.00040776905767
2537,0.0
2538,0.0
2539,0.0
2540,0.0
2541,0.00195164847785
2542,0.0
2543,0.0
2544,0.0
2545,0.0
2546,0.000952418650927
2547,0.0
2548,0.0
2549,0.0018317785015
2550,0.0
2551,0.0
2552,0.00153014932222
2553,0.00103025684591
2554,0.0
2555,0.0
2556,0.0
2557,0.000983604310801
2558,0.0
2559,0.0
2560,0.0
2561,0.0
2562,0.0
2563,0.0
2564,0.0
2565,0.00161275403385
2566,0.0
2567,0.000513878344185
2568,0.000523436386017
2569,0.0
2570,0.0
2571,0.0
2572,0.0
2573,0.0
2574,0.0
2575,0.00120994464635
2576,0.0
2577,0.0
2578,0.0
2579,0.0
2580,0.00200208056646
2581,0.0
2582,0.0
2583,0.0
2584,0.0
2585,0.0
2586,0.0
2587,0.0
2588,0.00128634143135
2589,0.0
2590,0.00129036418259
2591,0.0
2592,0.0
2593,0.0
2594,0.0
2595,0.0
2596,0.0
2597,0.000494983307039
2598,0.00114507048293
2599,0.0
2600,0.0
2601,0.0
2602,0.0
2603,0.0
2604,0.00138681752971
2605,0.000438833765966
2606,0.000494008148527
2607,0.0
2608,0.00067584672683
2609,0.0
2610,0.000852624703412
2611,0.0
2612,0.0
2613,0.0
2614,0.0
2615,0.00188914612629
2616,0.0
2617,0.000426398530694
2618,0.0
2619,0.0
2620,0.0
2621,0.0
2622,0.0
2623,0.000825520140207
2624,0.0
2625,0.0
2626,0.0
2627,0.0
2628,0.000942344468073
2629,0.000694902390455
2630,0.0
2631,0.000499386147323
2632,0.00104380562437
2633,0.0
2634,0.0
2635,0.0
2636,0.0
2637,0.0
2638,0.0
2639,0.0
2640,0.0
2641,0.0
2642,0.00126740617176
2643,0.0
2644,0.0
2645,0.0
2646,0.0
2647,0.0
2648,0.0
2649,0.0
2650,0.000927044212262
2651,0.000563894810742
2652,0.0
2653,0.0
2654,0.0
2655,0.00176585728411
2656,0.0
2657,0.000420985119709
2658,0.0
2659,0.000431569514888
2660,0.00138380460669
2661,0.0
2662,0.0
2663,0.000711836172382
2664,0.0
2665,0.0
2666,0.0
2667,0.0
2668,0.0
2669,0.0
2670,0.0
2671,0.0
2672,0.00177095614887
2673,0.0
2674,0.0
2675,0.000718139805498
2676,0.0
2677,0.0
2678,0.0
2679,0.0
2680,0.00101712428883
2681,0.0
2682,0.0
2683,0.0
2684,0.000626285995092
2685,0.000581951055439
2686,0.00140992122915
2687,0.0
2688,0.0
2689,0.0
2690,0.000854779561151
2691,0.0
2692,0.000891636789586
2693,0.000741438333097
2694,0.0
2695,0.0
2696,0.00053608992766
2697,0.0
2698,0.0
2699,0.0
2700,0.0
2701,0.0
2702,0.0
2703,0.0
2704,0.0
2705,0.0
2706,0.0
2707,0.00110948628308
2708,0.0
2709,0.0
2710,0.0
2711,0.000992372316764
2712,0.000551140707807
2713,0.000888121064815
2714,0.0
2715,0.0
2716,0.0
2717,0.000888982111887
2718,0.000983533226818
2719,0.0
2720,0.0
2721,0.0
2722,0.0
2723,0.0
2724,0.0
2725,0.000807499805819
2726,0.0
2727,0.0
2728,0.0
2729,0.0
2730,0.00137963887982
2731,0.00165028034431
2732,0.0
2733,0.0
2734,0.0
2735,0.0
2736,0.000909166642523
2737,0.0
2738,0.0
2739,0.000501160538186
2740,0.0
2741,0.000720579226423
2742,0.0
2743,0.0
2744,0.000389528619169
2745,0.0
2746,0.0
2747,0.000577023722572
2748,0.0
2749,0.000761046309599
2750,0.0
2751,0.0
2752,0.0
2753,0.00162240436949
2754,0.0
2755,0.0
2756,0.000578240565985
2757,0.0
2758,0.0
2759,0.0
2760,0.0
2761,0.00118938363935
2762,0.000749503267174
2763,0.0
2764,0.0
2765,0.0
2766,0.0
2767,0.0
2768,0.0
2769,0.00141328344213
2770,0.0
2771,0.000410544296932
2772,0.0
2773,0.000924938211118
2774,0.0
2775,0.000942465561326
2776,0.0
2777,0.0
2778,0.000450029561604
2779,0.0
2780,0.000449427899964
2781,0.0
2782,0.00107049043745
2783,0.0
2784,0.0
2785,0.0
2786,0.0
2787,0.0
2788,0.0
2789,0.0
2790,0.0
2791,0.000645526595127
2792,0.000705321228678
2793,0.0
2794,0.0
2795,0.0
2796,0.0
2797,0.000492399771513
2798,0.000590398244332
2799,0.0
2800,0.0
2801,0.0
2802,0.0
2803,0.0
2804,0.0
2805,0.0
2806,0.0
2807,0.0
2808,0.00074715671392
2809,0.0
2810,0.0
2811,0.00158550363344
2812,0.000509886654026
2813,0.0
2814,0.0
2815,0.0
2816,0.0
2817,0.000937987971598
2818,0.0
2819,0.0
2820,0.0
2821,0.0
2822,0.0
2823,0.000544290232253
2824,0.00128343036631
2825,0.0
2826,0.0
2827,0.0
2828,0.0
2829,0.00103592648597
2830,0.0
2831,0.000891662795774
2832,0.0
2833,0.0
2834,0.00186727949267
2835,0.0
2836,0.0
2837,0.0
2838,0.0
2839,0.0
2840,0.0010561616887
2841,0.000633539818025
2842,0.000593055571897
2843,0.0
2844,0.0
2845,0.0
2846,0.0
2847,0.0
2848,0.0
2849,0.00162149901797
2850,0.00205251489209
2851,0.0
2852,0.00125151356381
2853,0.00115796600749
2854,0.0
2855,0.0
2856,0.0
2857,0.000611066890683
2858,0.0
2859,0.0
2860,0.0
2861,0.0
2862,0.000704933277708
2863,0.000554287364672
2864,0.000440676532861
2865,0.0
2866,0.0
2867,0.0
2868,0.0
2869,0.0
2870,0.0
2871,0.00092711445635
2872,0.000858535523927
2873,0.0
2874,0.0
2875,0.0
2876,0.000412240471173
2877,0.0
2878,0.0
2879,0.0
2880,0.0
2881,0.0
2882,0.0
2883,0.0
2884,0.0
2885,0.0
2886,0.0
2887,0.0
2888,0.0
2889,0.00124779811674
2890,0.000486951559194
2891,0.0
2892,0.0
2893,0.0
2894,0.0
2895,0.0
2896,0.0
2897,0.0
2898,0.0
2899,0.0
2900,0.0
2901,0.0
2902,0.0
2903,0.0
2904,0.0
2905,0.0
2906,0.00194913202643
2907,0.002243263355
2908,0.0
2909,0.0
2910,0.0
2911,0.0
2912,0.0
2913,0.00135828220721
2914,0.0
2915,0.0
2916,0.0
2917,0.00151616415527
2918,0.000431973932448
2919,0.0
2920,0.0
2921,0.0
2922,0.0
2923,0.0
2924,0.0
2925,0.00118319051648
2926,0.0
2927,0.00123733023562
2928,0.0
2929,0.0
2930,0.0
2931,0.000408988814989
2932,0.0
2933,0.0
2934,0.0014324035848
2935,0.0
2936,0.000930750824568
2937,0.0
2938,0.0
2939,0.0
2940,0.0
2941,0.000863737301698
2942,0.0
2943,0.0
2944,0.0
2945,0.0
2946,0.0
2947,0.0
2948,0.00168524071318
2949,0.0
2950,0.0
2951,0.00177433193055
2952,0.0
2953,0.0
2954,0.0
2955,0.0
2956,0.000686073242867
2957,0.000799058367008
2958,0.000597814471341
2959,0.0
2960,0.000923772685919
2961,0.0
2962,0.0
2963,0.000783959118833
2964,0.000415673520726
2965,0.00101771901359
2966,0.000436651397433
2967,0.0
2968,0.0
2969,0.0
2970,0.000391170815369
2971,0.0
2972,0.00050682859073
2973,0.0
2974,0.00076203657863
2975,0.000495170306763
2976,0.0
2977,0.0
2978,0.0
2979,0.00140642055654
2980,0.0
2981,0.0
2982,0.0
2983,0.0
2984,0.0
2985,0.00111435893876
2986,0.0
2987,0.000717944893561
2988,0.0
2989,0.0
2990,0.0
2991,0.0
2992,0.0
2993,0.0
2994,0.000761375024808
2995,0.0
2996,0.0
2997,0.0
2998,0.00120162649768
2999,0.0
3000,0.0
3001,0.000417129066075
3002,0.0
3003,0.000414583029414
3004,0.0
3005,0.00076350712089
3006,0.0
3007,0.0
3008,0.000763424701726
3009,0.0
3010,0.000393218841911
3011,0.0
3012,0.0
3013,0.000556420986531
3014,0.0
3015,0.0
3016,0.0
3017,0.0
3018,0.0
3019,0.0
3020,0.000795803004656
3021,0.0
3022,0.0
3023,0.0
3024,0.0
3025,0.000517290468221
3026,0.0
3027,0.0
3028,0.0
3029,0.0
3030,0.0
3031,0.00173760733846
3032,0.0
3033,0.000533773075693
3034,0.0
3035,0.0
3036,0.00118684306543
3037,0.000995907675445
3038,0.0
3039,0.0
3040,0.0
3041,0.0
3042,0.0
3043,0.0
3044,0.000705366109487
3045,0.000774779725159
3046,0.0
3047,0.0
3048,0.0
3049,0.000610462836072
3050,0.000587358348373
3051,0.0
3052,0.000880164077488
3053,0.000723176696418
3054,0.0
3055,0.0
3056,0.0
3057,0.000546694667179
3058,0.000827824239318
3059,0.00039268001027
3060,0.0
3061,0.0
3062,0.0
3063,0.00109593174675
3064,0.0
3065,0.000476494560238
3066,0.0
3067,0.0
3068,0.0
3069,0.0
3070,0.0
3071,0.0
3072,0.0
3073,0.0
3074,0.0
3075,0.0
3076,0.0
3077,0.00169161859455
3078,0.0
3079,0.0
3080,0.0
3081,0.00062870010487
3082,0.000456648160574
3083,0.0
3084,0.00136891132047
3085,0.0
3086,0.000763493120621
3087,0.0
3088,0.0
3089,0.0
3090,0.00152615373768
3091,0.0
3092,0.0
3093,0.0
3094,0.0
3095,0.0
3096,0.0
3097,0.0
3098,0.000346671259257
3099,0.0
3100,0.0
3101,0.0
3102,0.0
3103,0.0
3104,0.0
3105,0.0
3106,0.000860955931051
3107,0.0
3108,0.0
3109,0.0
3110,0.0
3111,0.0
3112,0.0
3113,0.00150212107557
3114,0.0
3115,0.00100149800607
3116,0.0
3117,0.0
3118,0.0
3119,0.0
3120,0.00108728867263
3121,0.0
3122,0.0
3123,0.0
3124,0.0
3125,0.0
3126,0.0
3127,0.0
3128,0.0
3129,0.0
3130,0.0
3131,0.0
3132,0.0
3133,0.0
3134,0.0
3135,0.0
3136,0.0
3137,0.0
3138,0.0
3139,0.0
3140,0.0
3141,0.00137834031506
3142,0.0
3143,0.0
3144,0.0
3145,0.000730003682755
3146,0.00244099163559
3147,0.0
3148,0.0
3149,0.0
3150,0.0
3151,0.0
3152,0.000821664243585
3153,0.0
3154,0.0
3155,0.0
3156,0.00074697451997
3157,0.00120499243208
3158,0.0
3159,0.0
3160,0.000617440321542
3161,0.00123443743802
3162,0.000508693534919
3163,0.000472060569145
3164,0.0
3165,0.0
3166,0.0
3167,0.0
3168,0.0
3169,0.0
3170,0.0
3171,0.0
3172,0.0
3173,0.0
3174,0.0
3175,0.0
3176,0.0
3177,0.00245115318981
3178,0.0
3179,0.000452666711766
3180,0.0
3181,0.00104122110085
3182,0.000370639776737
3183,0.0
3184,0.0
3185,0.0
3186,0.0
3187,0.0
3188,0.0
3189,0.0
3190,0.000395141638722
3191,0.0
3192,0.0
3193,0.0
3194,0.0
3195,0.0
3196,0.0
3197,0.00103338742307
3198,0.0
3199,0.000386772058992
3200,0.0
3201,0.0
3202,0.000786244768907
3203,0.0
3204,0.0
3205,0.0
3206,0.0
3207,0.00157802238828
3208,0.0
3209,0.000505704057486
3210,0.0
3211,0.000554519088146
3212,0.0
3213,0.0
3214,0.0
3215,0.0
3216,0.000403744881248
3217,0.000784228056118
3218,0.0
3219,0.0
3220,0.0
3221,0.0
3222,0.0
3223,0.0
3224,0.0
3225,0.0
3226,0.0
3227,0.0
3228,0.0
3229,0.000845975203042
3230,0.0
3231,0.00117865210473
3232,0.0
3233,0.0
3234,0.0
3235,0.0
3236,0.0
3237,0.0
3238,0.0
3239,0.0
3240,0.0
3241,0.0
3242,0.0
3243,0.0
3244,0.0
3245,0.0
3246,0.0
3247,0.0
3248,0.0
3249,0.0
3250,0.0
3251,0.0
3252,0.0
3253,0.0
3254,0.0
3255,0.0
3256,0.0028112925145
3257,0.00232205775486
3258,0.0
3259,0.0
3260,0.0
3261,0.0
3262,0.0
3263,0.00100021867437
3264,0.0
3265,0.0
3266,0.0
3267,0.000808352370763
3268,0.0
3269,0.0
3270,0.0
3271,0.0
3272,0.000454868887894
3273,0.0
3274,0.0
3275,0.0
3276,0.00118130840625
3277,0.0
3278,0.000865456859389
3279,0.000531518870222
3280,0.0
3281,0.000725019080143
3282,0.0
3283,0.000463848008471
3284,0.000627426445586
3285,0.000515992909823
3286,0.0
3287,0.000640892575724
3288,0.00056577105279
3289,0.000473092159933
3290,0.000437268971818
3291,0.000508035835563
3292,0.000393370325256
3293,0.0
3294,0.000354005843652
3295,0.000388713233666
3296,0.000398396163809
3297,0.0
3298,0.0
3299,0.0
3300,0.0
3301,0.0
3302,0.0
3303,0.0
3304,0.0
3305,0.0
3306,0.0
3307,0.0
3308,0.0
3309,0.000804929832838
3310,0.0
3311,0.0
3312,0.000860464770158
3313,0.000690240615834
3314,0.000462543739918
3315,0.00081055630519
3316,0.00095437556413
3317,0.0
3318,0.0
3319,0.0
3320,0.0
3321,0.0
3322,0.0
3323,0.000885229349895
3324,0.0
3325,0.0
3326,0.0
3327,0.0
3328,0.000345563048549
3329,0.0
3330,0.0
3331,0.0
3332,0.0
3333,0.0
3334,0.000947789863842
3335,0.0
3336,0.0
3337,0.0
3338,0.0
3339,0.0
3340,0.0
3341,0.00128892689673
3342,0.0
3343,0.0
3344,0.00106705200467
3345,0.0
3346,0.0
3347,0.000363067391215
3348,0.0
3349,0.0
3350,0.0
3351,0.0
3352,0.0
3353,0.0
3354,0.0
3355,0.0
3356,0.0
3357,0.000404197641221
3358,0.000793331489639
3359,0.0
3360,0.0
3361,0.0
3362,0.0
3363,0.0
3364,0.000818231132629
3365,0.0
3366,0.0
3367,0.0
3368,0.0
3369,0.0
3370,0.0
3371,0.00071895043293
3372,0.0
3373,0.0
3374,0.00141832247727
3375,0.000544194100958
3376,0.0
3377,0.000656080843586
3378,0.0
3379,0.0
3380,0.0
3381,0.0
3382,0.000827244702934
3383,0.0
3384,0.0
3385,0.0
3386,0.00111854218643
3387,0.000492238422356
3388,0.0
3389,0.0
3390,0.0
3391,0.0
3392,0.0
3393,0.000449156080228
3394,0.000700815509782
3395,0.0
3396,0.0
3397,0.000431524472681
3398,0.000570868057459
3399,0.0
3400,0.0
3401,0.0
3402,0.0
3403,0.0
3404,0.000577502278714
3405,0.0
3406,0.0
3407,0.0
3408,0.000996794825104
3409,0.0
3410,0.000400737918442
3411,0.0
3412,0.0
3413,0.0
3414,0.0
3415,0.0
3416,0.0
3417,0.00125240897941
3418,0.0
3419,0.000471659560469
3420,0.0
3421,0.00057609426213
3422,0.0
3423,0.0
3424,0.0
3425,0.0
3426,0.0
3427,0.0
3428,0.0
3429,0.0
3430,0.00107423235051
3431,0.0
3432,0.0
3433,0.0
3434,0.0
3435,0.0
3436,0.000708269582215
3437,0.000447992165412
3438,0.0
3439,0.0
3440,0.0
3441,0.0
3442,0.0
3443,0.0
3444,0.0
3445,0.0
3446,0.0
3447,0.0
3448,0.0
3449,0.0
3450,0.00131923565876
3451,0.00230164951402
3452,0.000361517691165
3453,0.0
3454,0.000614074169115
3455,0.0
3456,0.0
3457,0.0
3458,0.0
3459,0.0
3460,0.0
3461,0.0
3462,0.0
3463,0.00129009441952
3464,0.000803537127503
3465,0.0
3466,0.0
3467,0.0
3468,0.0
3469,0.0
3470,0.000633278006323
3471,0.0
3472,0.0
3473,0.0
3474,0.0
3475,0.0
3476,0.0
3477,0.0
3478,0.0
3479,0.0
3480,0.000629423038794
3481,0.0
3482,0.0
3483,0.0
3484,0.0
3485,0.0
3486,0.0
3487,0.0012709635713
3488,0.000382562529427
3489,0.0
3490,0.0
3491,0.0
3492,0.0
3493,0.0
3494,0.0
3495,0.0
3496,0.0
3497,0.000663002190492
3498,0.0
3499,0.0
3500,0.0
3501,0.0
3502,0.0
3503,0.0
3504,0.0
3505,0.00107281204074
3506,0.0
3507,0.0
3508,0.0
3509,0.0
3510,0.0
3511,0.0
3512,0.0
3513,0.0
3514,0.0012412628917
3515,0.000646471578459
3516,0.000904234912424
3517,0.0
3518,0.0
3519,0.0
3520,0.0
3521,0.0
3522,0.0
3523,0.00142824465867
3524,0.0
3525,0.0
3526,0.0
3527,0.0
3528,0.0
3529,0.0
3530,0.0
3531,0.000597514650467
3532,0.0
3533,0.0
3534,0.0
3535,0.000758873986619
3536,0.0
3537,0.0
3538,0.0
3539,0.000658156384553
3540,0.000804469926658
3541,0.00037979734662
3542,0.0
3543,0.0
3544,0.000451858872428
3545,0.0
3546,0.0
3547,0.0
3548,0.0
3549,0.00109903293238
3550,0.0
3551,0.0
3552,0.0
3553,0.0
3554,0.0
3555,0.0
3556,0.0
3557,0.0
3558,0.0
3559,0.0
3560,0.00113274083523
3561,0.0
3562,0.0
3563,0.0
3564,0.000424735362045
3565,0.00084776835703
3566,0.000592678278225
3567,0.0
3568,0.0
3569,0.0
3570,0.0
3571,0.0
3572,0.000613415868792
3573,0.000686734919901
3574,0.0
3575,0.000770919369477
3576,0.0
3577,0.0
3578,0.0
3579,0.0
3580,0.0
3581,0.0
3582,0.00144215830802
3583,0.0
3584,0.000523531693663
3585,0.0
3586,0.000565882852603
3587,0.0
3588,0.00127803642585
3589,0.0
3590,0.0
3591,0.0
3592,0.0
3593,0.000675949914002
3594,0.0
3595,0.0
3596,0.0
3597,0.00102065671252
3598,0.0
3599,0.0
3600,0.0
3601,0.0
3602,0.0
3603,0.000840158105153
3604,0.000681733648125
3605,0.0
3606,0.000603624517675
3607,0.0
3608,0.0
3609,0.0
3610,0.0
3611,0.000599743544735
3612,0.0
3613,0.0
3614,0.0
3615,0.0
3616,0.0
3617,0.0
3618,0.0
3619,0.000602162466063
3620,0.0
3621,0.0
3622,0.0
3623,0.0
3624,0.000444863887952
3625,0.0
3626,0.0
3627,0.0
3628,0.0
3629,0.000410236616754
3630,0.0
3631,0.0
3632,0.00140446438453
3633,0.0
3634,0.0
3635,0.0
3636,0.0
3637,0.0
3638,0.0
3639,0.000745555547912
3640,0.0
3641,0.000335363591103
3642,0.0
3643,0.0
3644,0.000994271415454
3645,0.0
3646,0.000633069219561
3647,0.0
3648,0.0
3649,0.0
3650,0.0
3651,0.0
3652,0.000633751041796
3653,0.0
3654,0.0
3655,0.0
3656,0.0
3657,0.0
3658,0.0
3659,0.0
3660,0.0
3661,0.000718556651345
3662,0.00041430266358
3663,0.0
3664,0.0
3665,0.000962125432879
3666,0.00154735182603
3667,0.0
3668,0.0
3669,0.000602953724542
3670,0.0
3671,0.0
3672,0.0
3673,0.0
3674,0.000621036257825
3675,0.0
3676,0.0
3677,0.000507090770683
3678,0.0
3679,0.000564943671844
3680,0.0
3681,0.00080661395003
3682,0.0
3683,0.0
3684,0.000684164858234
3685,0.0
3686,0.0
3687,0.000946489845352
3688,0.0
3689,0.0
3690,0.0
3691,0.0
3692,0.0
3693,0.0
3694,0.0
3695,0.0011770045149
3696,0.000731875311186
3697,0.000336362377699
3698,0.0
3699,0.0
3700,0.0
3701,0.0
3702,0.0
3703,0.00100001479821
3704,0.0
3705,0.0
3706,0.0
3707,0.0
3708,0.0
3709,0.0
3710,0.0
3711,0.0
3712,0.0
3713,0.00136665065558
3714,0.0
3715,0.0
3716,0.0
3717,0.0
3718,0.0
3719,0.000961796624855
3720,0.000545548758077
3721,0.000417175305096
3722,0.0
3723,0.0
3724,0.000572952940841
3725,0.0
3726,0.000385187664523
3727,0.000671725005907
3728,0.0
3729,0.000311405202582
3730,0.000337256776804
3731,0.0
3732,0.0
3733,0.000868020331682
3734,0.0
3735,0.000365564809246
3736,0.000519918195409
3737,0.000581742952887
3738,0.0
3739,0.0
3740,0.000471280727558
3741,0.0
3742,0.0
3743,0.000376334902226
3744,0.0
3745,0.0
3746,0.000851073517968
3747,0.0
3748,0.0
3749,0.0
3750,0.0
3751,0.000368130775479
3752,0.0
3753,0.000435349517216
3754,0.0
3755,0.0
3756,0.000934697398595
3757,0.0
3758,0.0
3759,0.0
3760,0.000563760252576
3761,0.0
3762,0.0
3763,0.0
3764,0.0
3765,0.0
3766,0.000380441797101
3767,0.0
3768,0.0
3769,0.0
3770,0.0
3771,0.0
3772,0.00101480766539
3773,0.0
3774,0.0
3775,0.0
3776,0.000668803518669
3777,0.0
3778,0.0
3779,0.000607434368718
3780,0.0
3781,0.0
3782,0.0
3783,0.0
3784,0.0
3785,0.0
3786,0.0
3787,0.0
3788,0.000615630524317
3789,0.00040370693307
3790,0.0
3791,0.0
3792,0.0
3793,0.0
3794,0.0
3795,0.0
3796,0.0
3797,0.0
3798,0.00132809062255
3799,0.0
3800,0.0
3801,0.0
3802,0.0
3803,0.000574046769619
3804,0.000758791480972
3805,0.000429502486942
3806,0.0
3807,0.0
3808,0.0
3809,0.0
3810,0.0
3811,0.0
3812,0.000544412938523
3813,0.0
3814,0.000509324648393
3815,0.0
3816,0.0
3817,0.0
3818,0.0
3819,0.0
3820,0.0
3821,0.000893455849945
3822,0.000327659054092
3823,0.0
3824,0.000864470497873
3825,0.000641060773684
3826,0.0
3827,0.000290195574905
3828,0.0
3829,0.0
3830,0.000539129350331
3831,0.0
3832,0.00121959952414
3833,0.0
3834,0.0
3835,0.0
3836,0.0
3837,0.0
3838,0.0
3839,0.0
3840,0.0
3841,0.0
3842,0.0
3843,0.0
3844,0.0
3845,0.000981630650737
3846,0.0
3847,0.0
3848,0.0
3849,0.0
3850,0.0
3851,0.00111904399464
3852,0.0
3853,0.0
3854,0.0
3855,0.0
3856,0.0
3857,0.0
3858,0.0
3859,0.000310827371789
3860,0.0
3861,0.0
3862,0.0
3863,0.00108938359467
3864,0.0
3865,0.0
3866,0.0
3867,0.0
3868,0.0
3869,0.0
3870,0.0
3871,0.0
3872,0.0
3873,0.0
3874,0.0
3875,0.0
3876,0.0
3877,0.0
3878,0.000360007080615
3879,0.0
3880,0.0
3881,0.00130310024321
3882,0.0
3883,0.0
3884,0.000936193838012
3885,0.000325207184879
3886,0.0
3887,0.0
3888,0.0
3889,0.0
3890,0.0
3891,0.0
3892,0.0
3893,0.0
3894,0.000829879531429
3895,0.0
3896,0.0
3897,0.0
3898,0.0
3899,0.0
3900,0.0
3901,0.0
3902,0.00123709072075
3903,0.0
3904,0.0
3905,0.0
3906,0.0
3907,0.0
3908,0.0
3909,0.0
3910,0.0
3911,0.0
3912,0.0
3913,0.0
3914,0.0
3915,0.0
3916,0.0
3917,0.0
3918,0.0
3919,0.0
3920,0.00072387576108
3921,0.0
3922,0.000516501625268
3923,0.0
3924,0.0
3925,0.0
3926,0.0
3927,0.0
3928,0.0
3929,0.0
3930,0.0
3931,0.0
3932,0.0
3933,0.00189504245995
3934,0.00057820829333
3935,0.0
3936,0.000301949153431
3937,0.000457151271812
3938,0.0
3939,0.0
3940,0.00039569880087
3941,0.0
3942,0.0
3943,0.0
3944,0.0
3945,0.0
3946,0.0
3947,0.0
3948,0.000320682100194
3949,0.0
3950,0.0
3951,0.0
3952,0.000725902668632
3953,0.0
3954,0.0
3955,0.0
3956,0.0
3957,0.0
3958,0.0
3959,0.0
3960,0.0
3961,0.0010797516693
3962,0.000331935138286
3963,0.0004182726134
3964,0.0
3965,0.000313535409628
3966,0.0
3967,0.00135403440343
3968,0.0
3969,0.0
3970,0.0
3971,0.000578339406841
3972,0.0
3973,0.0
3974,0.0
3975,0.0
3976,0.000753360550796
3977,0.00100782047648
3978,0.00052744842412
3979,0.000373512562815
3980,0.0
3981,0.000346018137211
3982,0.0
3983,0.0
3984,0.000740372954641
3985,0.0
3986,0.0
3987,0.0
3988,0.0
3989,0.0
3990,0.000858509151647
3991,0.000420679001987
3992,0.0
3993,0.0
3994,0.000717197590412
3995,0.0
3996,0.000468049196473
3997,0.0
3998,0.000323789530325
3999,0.0
4000,0.0
4001,0.0
4002,0.0
4003,0.0
4004,0.0
4005,0.0
4006,0.0
4007,0.0
4008,0.0
4009,0.0
4010,0.000831265978603
4011,0.00141979560709
4012,0.0
4013,0.0
4014,0.000697200449774
4015,0.000562219913866
4016,0.000372836139243
4017,0.000329192523463
4018,0.0
4019,0.0
4020,0.0
4021,0.0
4022,0.0
4023,0.0
4024,0.0
4025,0.0
4026,0.000309985829725
4027,0.0
4028,0.0
4029,0.0
4030,0.000535379331269
4031,0.0
4032,0.000344576778745
4033,0.000315221484883
4034,0.000359835874308
4035,0.00030384923939
4036,0.0
4037,0.0
4038,0.0
4039,0.0
4040,0.0
4041,0.0
4042,0.0
4043,0.0
4044,0.0
4045,0.000355954966441
4046,0.0
4047,0.0
4048,0.0
4049,0.0
4050,0.0
4051,0.0
4052,0.0
4053,0.0
4054,0.0
4055,0.0
4056,0.0
4057,0.0
4058,0.00126056415537
4059,0.000960916769758
4060,0.0
4061,0.0
4062,0.000645355347966
4063,0.0
4064,0.0
4065,0.0
4066,0.0
4067,0.0
4068,0.0
4069,0.0
4070,0.0
4071,0.000898758804591
4072,0.0
4073,0.000532834954972
4074,0.0
4075,0.0
4076,0.000940577741521
4077,0.0
4078,0.0
4079,0.0
4080,0.0
4081,0.000432339411427
4082,0.000473486890075
4083,0.0
4084,0.000614099828549
4085,0.000622739882998
4086,0.0
4087,0.0
4088,0.000408350080764
4089,0.0
4090,0.0
4091,0.0
4092,0.000873443862247
4093,0.0
4094,0.000585698107461
4095,0.0
4096,0.0
4097,0.000702694482094
4098,0.0
4099,0.000316402901679
4100,0.0
4101,0.0
4102,0.0
4103,0.0
4104,0.0
4105,0.0
4106,0.0
4107,0.0
4108,0.0
4109,0.0
4110,0.0
4111,0.0
4112,0.000601403022601
4113,0.0
4114,0.000355590492261
4115,0.000571987069191
4116,0.0
4117,0.000476364361754
4118,0.0
4119,0.0
4120,0.0
4121,0.0
4122,0.0
4123,0.000778607863122
4124,0.0
4125,0.0
4126,0.0
4127,0.000871006068351
4128,0.00031840737187
4129,0.0
4130,0.0
4131,0.000451463510148
4132,0.0
4133,0.00150773308819
4134,0.0
4135,0.000398654895944
4136,0.0
4137,0.0
4138,0.0
4139,0.0
4140,0.0
4141,0.0
4142,0.0
4143,0.0
4144,0.0
4145,0.00035736946116
4146,0.0
4147,0.0
4148,0.0
4149,0.0
4150,0.0
4151,0.000644505966835
4152,0.0
4153,0.000432259910751
4154,0.0
4155,0.0
4156,0.0
4157,0.000555089333202
4158,0.000350788003535
4159,0.0
4160,0.0
4161,0.0
4162,0.0
4163,0.00149168029375
4164,0.0
4165,0.0
4166,0.0
4167,0.000264860845995
4168,0.0
4169,0.0
4170,0.0
4171,0.0
4172,0.0
4173,0.0
4174,0.000573034678683
4175,0.000414765093624
4176,0.00191840333136
4177,0.0
4178,0.000359321891311
4179,0.0
4180,0.000507493081372
4181,0.0
4182,0.0
4183,0.0
4184,0.0
4185,0.0
4186,0.0
4187,0.0
4188,0.0
4189,0.0
4190,0.0
4191,0.0
4192,0.0
4193,0.0
4194,0.0
4195,0.0
4196,0.0
4197,0.0
4198,0.0
4199,0.0
4200,0.000517864445217
4201,0.000314215670662
4202,0.0
4203,0.0
4204,0.0
4205,0.0
4206,0.0
4207,0.0
4208,0.0
4209,0.0
4210,0.0
4211,0.0
4212,0.0
4213,0.0
4214,0.0
4215,0.0
4216,0.0
4217,0.00259837584238
4218,0.0
4219,0.000344205206818
4220,0.000907678430237
4221,0.000516529922842
4222,0.0
4223,0.0
4224,0.0
4225,0.0
4226,0.0
4227,0.0
4228,0.0
4229,0.0
4230,0.0
4231,0.000866250174787
4232,0.00110516755131
4233,0.0
4234,0.0
4235,0.000466091792223
4236,0.0
4237,0.0
4238,0.0
4239,0.0
4240,0.0
4241,0.0
4242,0.0
4243,0.0
4244,0.0
4245,0.0
4246,0.0
4247,0.0
4248,0.00124219405816
4249,0.0
4250,0.0
4251,0.0
4252,0.0014942224475
4253,0.000290908229871
4254,0.0
4255,0.0
4256,0.0
4257,0.000611116190135
4258,0.0
4259,0.000336010545568
4260,0.0
4261,0.0
4262,0.0
4263,0.0
4264,0.0
4265,0.0
4266,0.0
4267,0.0
4268,0.0
4269,0.000832856266773
4270,0.0
4271,0.0
4272,0.0
4273,0.000478206943492
4274,0.0
4275,0.00101527928594
4276,0.000700721564974
4277,0.0
4278,0.0
4279,0.000509603875221
4280,0.0
4281,0.0
4282,0.0
4283,0.0
4284,0.0
4285,0.0
4286,0.000766342218413
4287,0.000458772597038
4288,0.0
4289,0.0
4290,0.0
4291,0.000304388419594
4292,0.000380741790277
4293,0.000379195373822
4294,0.0
4295,0.0
4296,0.0
4297,0.0
4298,0.000533931117668
4299,0.0
4300,0.0
4301,0.0
4302,0.000748303908352
4303,0.0
4304,0.00031915706221
4305,0.000566227343063
4306,0.0
4307,0.0
4308,0.0
4309,0.0
4310,0.0
4311,0.0
4312,0.0
4313,0.0
4314,0.00094734212141
4315,0.0
4316,0.0
4317,0.0
4318,0.0
4319,0.000939903322151
4320,0.0002783076456
4321,0.0
4322,0.0
4323,0.000378200066581
4324,0.0
4325,0.0
4326,0.0
4327,0.0
4328,0.0
4329,0.0
4330,0.00149162494581
4331,0.0
4332,0.0
4333,0.0
4334,0.0
4335,0.00121160873904
4336,0.000312800292613
4337,0.0004152307809
4338,0.0
4339,0.0
4340,0.000631210938103
4341,0.0
4342,0.0
4343,0.0
4344,0.0
4345,0.0
4346,0.0
4347,0.0
4348,0.000609770724592
4349,0.000342798528942
4350,0.0
4351,0.0
4352,0.0
4353,0.0
4354,0.0
4355,0.0
4356,0.0
4357,0.00124171526595
4358,0.000295042225204
4359,0.0
4360,0.0
4361,0.0
4362,0.0
4363,0.0
4364,0.0
4365,0.000721971854492
4366,0.0
4367,0.0
4368,0.0
4369,0.0
4370,0.000672294369715
4371,0.0
4372,0.00124062147764
4373,0.000310240515833
4374,0.0
4375,0.0
4376,0.0
4377,0.0
4378,0.00076148823839
4379,0.0
4380,0.0
4381,0.0
4382,0.0
4383,0.0
4384,0.000307951731627
4385,0.0
4386,0.0
4387,0.0
4388,0.0
4389,0.0
4390,0.0
4391,0.000748634778968
4392,0.000471706638184
4393,0.000332287000764
4394,0.000497819656033
4395,0.0
4396,0.0
4397,0.00122056595699
4398,0.0
4399,0.0
4400,0.0
4401,0.0
4402,0.0
4403,0.0
4404,0.0
4405,0.0
4406,0.00105313014561
4407,0.0
4408,0.000807723072601
4409,0.0
4410,0.0
4411,0.00067877405266
4412,0.0
4413,0.0
4414,0.0
4415,0.0
4416,0.0
4417,0.000487733555897
4418,0.0
4419,0.0
4420,0.0
4421,0.0
4422,0.000297169307852
4423,0.0
4424,0.000235294852665
4425,0.000282101800029
4426,0.0
4427,0.0
4428,0.000815375019093
4429,0.0
4430,0.000285474179871
4431,0.0
4432,0.000270959663224
4433,0.0
4434,0.0
4435,0.0
4436,0.0
4437,0.0
4438,0.0
4439,0.0
4440,0.000775946723934
4441,0.0
4442,0.00119208444509
4443,0.000328316487403
4444,0.0
4445,0.0
4446,0.0
4447,0.0
4448,0.0
4449,0.0
4450,0.000381156253412
4451,0.0
4452,0.0
4453,0.0
4454,0.0010730461993
4455,0.0
4456,0.0
4457,0.0
4458,0.0
4459,0.0
4460,0.0
4461,0.0
4462,0.0
4463,0.000660127640622
4464,0.0
4465,0.0
4466,0.0
4467,0.0
4468,0.0
4469,0.0
4470,0.0
4471,0.0
4472,0.0
4473,0.0
4474,0.000856133905081
4475,0.0
4476,0.0
4477,0.00146919665121
4478,0.0
4479,0.0
4480,0.0
4481,0.0
4482,0.0
4483,0.0
4484,0.0
4485,0.0
4486,0.0
4487,0.0
4488,0.0
4489,0.0
4490,0.0
4491,0.0
4492,0.0
4493,0.000283201936311
4494,0.0
4495,0.00141438050338
4496,0.0
4497,0.000511062580883
4498,0.000399356638732
4499,0.000669240960812
4500,0.0
4501,0.0
4502,0.00142731722355
4503,0.0
4504,0.0
4505,0.0
4506,0.000455080282607
4507,0.000940335620351
4508,0.0
4509,0.0
4510,0.00030062677867
4511,0.000445794956553
4512,0.000675862370169
4513,0.000366847823565
4514,0.000330753584657
4515,0.0
4516,0.0
4517,0.0
4518,0.0
4519,0.000562050255246
4520,0.0
4521,0.0
4522,0.0
4523,0.0
4524,0.0
4525,0.0
4526,0.0
4527,0.00150108582881
4528,0.0
4529,0.0
4530,0.000629523413168
4531,0.00049790975771
4532,0.0
4533,0.0
4534,0.000706765002609
4535,0.0
4536,0.0
4537,0.0
4538,0.0
4539,0.0
4540,0.0
4541,0.0
4542,0.0
4543,0.000742412968562
4544,0.00032740128925
4545,0.0
4546,0.00029303968046
4547,0.000876826791406
4548,0.0
4549,0.0
4550,0.000390582002511
4551,0.0
4552,0.0
4553,0.0
4554,0.0
4555,0.0
4556,0.0
4557,0.0
4558,0.0
4559,0.000562384823772
4560,0.0
4561,0.000298923938393
4562,0.0
4563,0.00107363202567
4564,0.0
4565,0.000292038322287
4566,0.0
4567,0.0
4568,0.0
4569,0.0
4570,0.0
4571,0.0
4572,0.000801419668553
4573,0.0
4574,0.000394591325153
4575,0.0
4576,0.000603041729883
4577,0.0
4578,0.0
4579,0.0
4580,0.0
4581,0.0
4582,0.0
4583,0.000439032842759
4584,0.000528371728503
4585,0.000403637035002
4586,0.0
4587,0.0
4588,0.0
4589,0.000706005879108
4590,0.0
4591,0.0
4592,0.0
4593,0.0
4594,0.0
4595,0.0
4596,0.0
4597,0.0
4598,0.0
4599,0.0
4600,0.0
4601,0.0
4602,0.0
4603,0.000850243176733
4604,0.0
4605,0.0
4606,0.00129700074563
4607,0.000306244321962
4608,0.0
4609,0.0
4610,0.0
4611,0.0
4612,0.0
4613,0.0
4614,0.0
4615,0.0
4616,0.0
4617,0.0
4618,0.0
4619,0.00150492117572
4620,0.0
4621,0.0
4622,0.000638209714782
4623,0.0
4624,0.0
4625,0.0
4626,0.0
4627,0.0
4628,0.000262156848569
4629,0.000384887566914
4630,0.0
4631,0.000294584869818
4632,0.0
4633,0.0
4634,0.0
4635,0.0
4636,0.0
4637,0.000635829986246
4638,0.0
4639,0.0
4640,0.0
4641,0.0
4642,0.0
4643,0.0
4644,0.00059207570678
4645,0.0
4646,0.0
4647,0.0
4648,0.0
4649,0.0
4650,0.0
4651,0.000456105417802
4652,0.000256029617595
4653,0.0
4654,0.0
4655,0.00117213022929
4656,0.000285330887162
4657,0.0
4658,0.0
4659,0.0
4660,0.0
4661,0.0
4662,0.000557664029327
4663,0.000342117559593
4664,0.0
4665,0.0
4666,0.0
4667,0.0
4668,0.0
4669,0.0
4670,0.0
4671,0.0
4672,0.000269001699287
4673,0.0
4674,0.0
4675,0.0
4676,0.0
4677,0.0
4678,0.000283414223942
4679,0.0
4680,0.0
4681,0.0
4682,0.0
4683,0.0
4684,0.0
4685,0.000916047038047
4686,0.000533853838132
4687,0.0
4688,0.0
4689,0.0
4690,0.0
4691,0.000375149620831
4692,0.000222508983466
4693,0.00072707336351
4694,0.0
4695,0.0
4696,0.0
4697,0.0
4698,0.0
4699,0.000560172697176
4700,0.0
4701,0.000481982800815
4702,0.000382705995609
4703,0.0
4704,0.0
4705,0.0
4706,0.0
4707,0.0
4708,0.000581437630214
4709,0.000445778438212
4710,0.0
4711,0.000768771143036
4712,0.000348874999244
4713,0.000296039893052
4714,0.000252630449763
4715,0.0
4716,0.0
4717,0.0
4718,0.0
4719,0.0
4720,0.0
4721,0.000922609612051
4722,0.000552315247455
4723,0.0002756778971
4724,0.00024855621155
4725,0.000247426248854
4726,0.0
4727,0.0
4728,0.0
4729,0.0
4730,0.0
4731,0.0
4732,0.0
4733,0.0
4734,0.0
4735,0.000500148154651
4736,0.0
4737,0.0
4738,0.0
4739,0.0
4740,0.000830612557615
4741,0.000303736164738
4742,0.0
4743,0.0
4744,0.0
4745,0.0
4746,0.0
4747,0.0
4748,0.0
4749,0.0
4750,0.0
4751,0.0
4752,0.0
4753,0.00131743605681
4754,0.0
4755,0.000755335910675
4756,0.0
4757,0.0
4758,0.0
4759,0.0
4760,0.0
4761,0.0
4762,0.0
4763,0.00103596566736
4764,0.00050768436816
4765,0.0
4766,0.0
4767,0.0
4768,0.0
4769,0.000573722606732
4770,0.0
4771,0.0
4772,0.000230416459849
4773,0.0
4774,0.0
4775,0.00044758677265
4776,0.0
4777,0.0004796281178
4778,0.0
4779,0.0
4780,0.0
4781,0.0
4782,0.0
4783,0.0
4784,0.00058537686168
4785,0.0
4786,0.000517342201014
4787,0.00158619704984
4788,0.000259908691058
4789,0.0
4790,0.0
4791,0.000269359634907
4792,0.000350399882572
4793,0.0
4794,0.0
4795,0.000393128519786
4796,0.0
4797,0.000337436367174
4798,0.000450031241673
4799,0.0
4800,0.000461801257567
4801,0.000911456372902
4802,0.0
4803,0.00069446972528
4804,0.000873828266022
4805,0.0
4806,0.0
4807,0.0
4808,0.000496165948414
4809,0.000270178303552
4810,0.0
4811,0.0
4812,0.0
4813,0.0
4814,0.0
4815,0.0
4816,0.0
4817,0.0
4818,0.0
4819,0.000753875609066
4820,0.0
4821,0.0
4822,0.0
4823,0.000657827794605
4824,0.0
4825,0.000298923959091
4826,0.000598128036739
4827,0.0
4828,0.000455510354502
4829,0.00039399172656
4830,0.0
4831,0.000429626733407
4832,0.0
4833,0.0
4834,0.0
4835,0.00052135747541
4836,0.0
4837,0.0
4838,0.0
4839,0.0
4840,0.0
4841,0.0
4842,0.0
4843,0.000496235509418
4844,0.0
4845,0.0
4846,0.0
4847,0.0
4848,0.000491045337088
4849,0.0
4850,0.0
4851,0.0
4852,0.0
4853,0.0
4854,0.0
4855,0.0
4856,0.0
4857,0.000222534698516
4858,0.0
4859,0.000660743976784
4860,0.000382666163069
4861,0.0
4862,0.0
4863,0.000242342255394
4864,0.000248962493551
4865,0.0
4866,0.0
4867,0.000608905374288
4868,0.0
4869,0.0
4870,0.0
4871,0.0
4872,0.000288327334479
4873,0.000257389105099
4874,0.0
4875,0.000351559765628
4876,0.0
4877,0.0
4878,0.000928791238238
4879,0.0
4880,0.00119564077349
4881,0.000865860707967
4882,0.00030971595677
4883,0.0
4884,0.0
4885,0.000294161766256
4886,0.0
4887,0.00100663109502
4888,0.0
4889,0.0
4890,0.0
4891,0.000465220532387
4892,0.0
4893,0.000303644269547
4894,0.0
4895,0.0
4896,0.000296620842625
4897,0.0
4898,0.0
4899,0.0
4900,0.0
4901,0.0
4902,0.0
4903,0.000575948745759
4904,0.0
4905,0.0
4906,0.0
4907,0.0
4908,0.0
4909,0.0
4910,0.000724589172815
4911,0.0
4912,0.0
4913,0.0
4914,0.0
4915,0.000221090874447
4916,0.0
4917,0.0
4918,0.000517964009286
4919,0.0
4920,0.0
4921,0.0
4922,0.0
4923,0.0
4924,0.0
4925,0.0
4926,0.0
4927,0.0
4928,0.0
4929,0.0
4930,0.0
4931,0.0
4932,0.0
4933,0.00114373361597
4934,0.0
4935,0.0
4936,0.0
4937,0.0
4938,0.0
4939,0.0
4940,0.0
4941,0.0
4942,0.000728174357262
4943,0.0
4944,0.000244282975487
4945,0.000911371279261
4946,0.0
4947,0.0
4948,0.000319748832482
4949,0.0
4950,0.000370284415369
4951,0.000290714402678
4952,0.0
4953,0.0
4954,0.0
4955,0.0
4956,0.000617126072849
4957,0.0
4958,0.000314495492352
4959,0.0
4960,0.0
4961,0.000247712395687
4962,0.000237963416422
4963,0.0
4964,0.0
4965,0.0
4966,0.000696608454215
4967,0.000476491465813
4968,0.0
4969,0.0
4970,0.0
4971,0.000608058593538
4972,0.0
4973,0.000479066810374
4974,0.0
4975,0.0
4976,0.0
4977,0.0
4978,0.000567021832751
4979,0.000614684805702
4980,0.0
4981,0.0
4982,0.000431437251477
4983,0.0
4984,0.0
4985,0.0
4986,0.000471812352548
4987,0.0
4988,0.0
4989,0.0
4990,0.000497504193733
4991,0.0
4992,0.0
4993,0.0
4994,0.0
4995,0.0
4996,0.0
4997,0.0
4998,0.0
4999,0.0
