0,4.94826183228e-05
1,2.42163579642e-05
2,0.000129576721879
3,4.12090230384e-08
4,3.84726413453e-06
5,2.89598674235e-06
6,2.2888292092e-05
7,3.853575123e-07
8,4.42653632149e-06
9,2.59021683272e-06
10,7.18150012292e-06
11,0.00169411100234
12,6.29164847301e-06
13,1.35720084179e-06
14,3.96934393022e-06
15,3.12363686542e-06
16,1.03986979748e-05
17,1.81363910229e-05
18,1.03440937979e-06
19,1.2464811352e-06
20,1.38030239245e-05
21,2.31344651934e-06
22,0.00197351022135
23,0.000290814918155
24,2.37805229943e-06
25,2.06936066287e-06
26,1.91584818948e-06
27,7.38996978722e-07
28,2.65832267628e-06
29,0.000203625617243
30,3.79801761738e-06
31,4.70840051787e-07
32,1.16968685058e-06
33,4.67960039372e-05
34,1.5862681893e-06
35,3.2478932912e-07
36,1.40539510652e-06
37,6.0934407708e-07
38,9.3541728104e-07
39,6.31408506732e-07
40,4.40897125979e-07
41,1.55330318826e-06
42,5.48943262356e-06
43,1.66662408585e-06
44,4.35023502751e-05
45,1.37433044273e-06
46,1.12183017267e-06
47,5.9231212591e-05
48,8.34829762653e-07
49,2.21073145897e-07
50,3.46691059683e-06
51,8.829197247e-07
52,1.63211875524e-06
53,1.03553875335e-06
54,6.68120837901e-07
55,1.32995815854e-06
56,0.0317474009142
57,9.90359721786e-07
58,1.44275561142e-06
59,5.13278113238e-07
60,1.30135852253e-06
61,5.19152093863e-08
62,2.09285279175e-07
63,6.92891269276e-07
64,4.70804048923e-07
65,2.41198201271e-06
66,4.24864857447e-07
67,7.09828082483e-07
68,8.77401284607e-05
69,7.80394862806e-07
70,0.00014889617479
71,7.14381440778e-07
72,8.50878880915e-07
73,1.14018129959e-06
74,3.7910317075e-07
75,1.9188391692e-06
76,2.17823591449e-06
77,2.89926591002e-07
78,2.92859364315e-07
79,4.97881826806e-07
80,4.13625831342e-07
81,1.30172557568e-07
82,4.91235159217e-07
83,1.28822545693e-07
84,1.07035968918e-06
85,1.19534650536e-07
86,8.59535931287e-07
87,2.809323165e-08
88,9.49329390537e-05
89,2.0812480728e-05
90,8.2973430797e-07
91,2.78249892331e-05
92,1.12441770276e-06
93,0.00152837224216
94,1.02466250069e-06
95,6.74246682415e-07
96,7.80623058557e-07
97,7.05321382722e-08
98,0.000506118837499
99,4.49082318273e-07
100,1.78180875393e-06
101,5.94119141087e-05
102,1.63870934445e-06
103,8.37102392582e-07
104,4.02922474129e-07
105,5.86917769651e-07
106,2.73182132984e-05
107,5.07624046218e-07
108,1.66775791705e-06
109,3.218879651e-08
110,3.78196450233e-07
111,7.4541419694e-07
112,0.00233488996511
113,1.05714576452e-06
114,5.71835274786e-07
115,6.79842768317e-07
116,5.64920147649e-05
117,1.84387913396e-07
118,5.3493883991e-07
119,1.79194414568e-06
120,1.91693777767e-07
121,5.24662211768e-07
122,4.11784879595e-07
123,6.53571083333e-07
124,4.0172406986e-07
125,4.3713816671e-08
126,9.48703613429e-07
127,1.21149621938e-06
128,9.53987082151e-08
129,2.05134356612e-07
130,6.57015931438e-08
131,9.30047439359e-08
132,2.10795671509e-07
133,4.11503278978e-07
134,6.51860988131e-07
135,7.5846014133e-07
136,1.06378619257e-06
137,4.66459629671e-07
138,2.45996253322e-05
139,5.68648281187e-07
140,2.26980131633e-05
141,0.0334582932856
142,6.04452885249e-07
143,7.7046880042e-07
144,1.8059042566e-05
145,3.73825424279e-06
146,2.05353575316e-08
147,1.06471100542e-08
148,1.08358292299e-08
149,0.000173696608765
150,2.83472236876e-08
151,5.33352501073e-07
152,1.57498843381e-08
153,8.17790598288e-05
154,2.29415995792e-07
155,0.00892857120511
156,0.00216478795282
157,5.82216207339e-06
158,2.61497720594e-07
159,9.671098952e-07
160,5.10177555344e-07
161,8.18116108722e-07
162,4.26012261257e-07
163,2.28483791512e-07
164,8.09477581776e-07
165,6.19119260074e-08
166,4.69774404949e-07
167,0.00933295770451
168,4.34854789861e-07
169,7.29846464945e-08
170,2.6171910464e-07
171,5.28525439118e-08
172,2.03400767969e-08
173,6.1718018897e-07
174,1.26644702835e-06
175,2.799888537e-07
176,2.93409871991e-07
177,7.30235970664e-07
178,0.000239825010026
179,5.80661930807e-05
180,1.1546135818e-07
181,0.605759091552
182,2.86369295736e-07
183,0.297999935364
184,2.49860817863e-07
185,3.28358124217e-06
186,2.31050144801e-07
187,3.32970901743e-07
188,4.40012557623e-08
189,6.21232658538e-07
190,5.58546826346e-07
191,4.46521001603e-08
192,6.1548635556e-08
193,1.83226529804e-06
194,6.51544208097e-07
195,2.53414302575e-07
196,1.50586403749e-05
197,2.31364046817e-07
198,4.60168433003e-07
199,2.88170472026e-07
200,2.32808112504e-08
201,7.38148881407e-07
202,3.04485824395e-05
203,1.72782785651e-07
204,1.31332444908e-05
205,8.36581075845e-06
206,7.57797515142e-08
207,6.01826491419e-05
208,6.28445345251e-07
209,3.96995692248e-07
210,0.000233208686655
211,5.0888168788e-07
212,5.4862865571e-07
213,4.44861215585e-07
214,1.67187960226e-05
215,2.11499327517e-05
216,1.34572536822e-05
217,6.20576476815e-07
218,2.10163338123e-07
219,1.76744119225e-08
220,8.29140124855e-08
221,5.38692871581e-07
222,5.66997640368e-07
223,3.68026149712e-07
224,8.08669352344e-06
225,1.76356989822e-07
226,2.41580686174e-07
227,6.447911655e-07
228,1.68300287964e-07
229,6.93635225779e-07
230,1.65228765095e-05
231,2.71684944647e-07
232,6.61426724855e-05
233,1.16799350908e-07
234,2.23335371903e-08
235,5.26094431308e-06
236,3.77400561301e-08
237,1.84343013202e-06
238,3.92130699338e-07
239,8.03743639608e-06
240,5.61590200933e-07
241,4.5069067079e-07
242,6.88787880002e-07
243,2.08881027069e-08
244,2.09888203347e-07
245,3.39353801809e-07
246,2.59160208536e-07
247,1.14749564967e-08
248,6.31898346497e-07
249,2.68144542323e-07
250,6.01814676266e-07
251,2.67145280366e-07
252,5.5221594206e-07
253,9.59796868227e-07
254,1.11794804304e-07
255,3.99507139646e-07
256,9.92669936687e-08
257,2.67297667803e-05
258,7.05432821265e-06
259,0.0214076855487
260,9.48789579623e-08
261,2.20156534744e-07
262,4.43798711999e-07
263,4.09656902276e-07
264,3.49391057915e-07
265,1.9193021702e-05
266,1.53401193186e-06
267,3.60943850204e-07
268,1.78179521556e-07
269,2.21534333831e-07
270,1.22812286995e-07
271,3.98956939221e-07
272,1.66440132108e-07
273,7.05611661542e-06
274,3.39335943017e-07
275,9.8541922355e-06
276,3.5983945307e-06
277,9.40191604179e-05
278,9.53081049102e-05
279,4.7559455903e-07
280,1.8964584622e-06
281,4.78480651462e-07
282,3.84922265368e-07
283,5.47792808945e-07
284,2.21844553986e-07
285,3.124199881e-05
286,5.53960825623e-07
287,1.44667866664e-07
288,4.62623937668e-05
289,5.49394238454e-07
290,3.89282992695e-07
291,1.61630987813e-07
292,1.25247357317e-05
293,2.50549169622e-07
294,5.29954024267e-07
295,1.86935666011e-08
296,3.83682339958e-07
297,6.07969687693e-07
298,0.000129598829809
299,2.38069035174e-05
300,1.94706208747e-07
301,0.0001049388531
302,3.82605867372e-07
303,5.94304866906e-08
304,6.38639900813e-07
305,1.4407867264e-07
306,4.23878527446e-07
307,4.72826159126e-07
308,6.11908500895e-07
309,0.00640633980001
310,3.12132324636e-06
311,4.12258719165e-08
312,5.51491449275e-07
313,0.0549604132048
314,3.73407700118e-07
315,0.00032916194636
316,6.05753306441e-07
317,1.51896660069e-07
318,1.43052113182e-07
319,9.86053948542e-08
320,5.71798067802e-05
321,3.44535838426e-05
322,3.14415595569e-07
323,9.64760652017e-06
324,2.58368915401e-05
325,1.4105421676e-07
326,1.36369984016e-07
327,2.42066612399e-07
328,5.16358413893e-07
329,0.00123888831349
330,5.0218125649e-07
331,3.63802662573e-07
332,2.53129612582e-07
333,1.86244605038e-07
334,1.67686455987e-07
335,5.96639828188e-06
336,5.45934627021e-05
337,4.59640848469e-07
338,4.49285323436e-07
339,3.88777906715e-05
340,5.00595642853e-08
341,0.00635397840938
342,3.44800033368e-07
343,2.6255873987e-07
344,1.4298064427e-08
345,3.47598756128e-05
346,2.96183406439e-07
347,2.29641767735e-05
348,3.49004205048e-07
349,5.59211882697e-07
350,4.64554145504e-07
351,2.45177796439e-08
352,1.02756689326e-05
353,1.57964091082e-05
354,1.98619511533e-06
355,2.8651284363e-07
356,1.41556612536e-07
357,4.67434318893e-07
358,1.36590936955e-07
359,6.81328859946e-06
360,1.4393752156e-06
361,6.00812228766e-06
362,3.60970107745e-07
363,5.13731425421e-07
364,6.76536605785e-08
365,9.59797356301e-08
366,3.2536739804e-07
367,4.14826648534e-06
368,4.23845141096e-07
369,4.99381346878e-07
370,1.32125634919e-07
371,2.08250499039e-07
372,3.28945338597e-07
373,1.26470547864e-05
374,4.96965203695e-07
375,4.80037532869e-07
376,1.61865010619e-05
377,3.75424574111e-07
378,9.70218393252e-08
379,3.66093250942e-06
380,3.90598750917e-07
381,4.79797713758e-07
382,6.39260409489e-05
383,7.28947680808e-06
384,1.57399676822e-05
385,2.33302942458e-05
386,4.11836768695e-05
387,1.9266175302e-07
388,3.44831537709e-06
389,4.20766875604e-08
390,5.5301703639e-07
391,1.93336730439e-07
392,4.35854357257e-07
393,9.49663595183e-07
394,5.48268422429e-06
395,1.03406064084e-07
396,3.64957342245e-05
397,0.000170781323808
398,2.86007676787e-07
399,1.7017061232e-07
400,4.50917367486e-07
401,2.23734796793e-07
402,3.42030248748e-07
403,9.84160363836e-05
404,4.77858419183e-07
405,2.60071766466e-05
406,3.81625625486e-07
407,2.15290085447e-07
408,0.00574105353423
409,8.23470945685e-08
410,6.75138977613e-08
411,2.56318407261e-07
412,2.74500052994e-05
413,1.47767256276e-05
414,1.11433504773e-05
415,3.76736140392e-07
416,5.58548471523e-05
417,1.16463155239e-07
418,0.000109702452154
419,4.66644507031e-07
420,5.58556388747e-08
421,7.06344323476e-08
422,8.10910554527e-05
423,1.81827148731e-07
424,1.69503984929e-07
425,2.18661413838e-05
426,3.8577943793e-07
427,8.12270048293e-08
428,0.000128499627266
429,1.62661995275e-05
430,3.4227166713e-07
431,4.93201015947e-07
432,2.07963875938e-07
433,4.64796959143e-07
434,6.65462146438e-07
435,5.47710412773e-05
436,2.19070507139e-07
437,3.42913820531e-07
438,2.63270725947e-07
439,8.18460039843e-08
440,1.71399218273e-07
441,8.26159053836e-08
442,0.00155756600326
443,8.74168064062e-05
444,0.000148473946457
445,5.42842989196e-07
446,1.74180521953e-08
447,3.06035342506e-07
448,5.32743824865e-07
449,3.18312037363e-07
450,9.47870444893e-08
451,5.08107663293e-05
452,2.63303986088e-08
453,9.82488273729e-08
454,1.63701706581e-07
455,4.18018084554e-08
456,9.9924324957e-06
457,8.6759260717e-05
458,3.48599861629e-07
459,8.79830401396e-05
460,1.31491675661e-06
461,2.19743181439e-07
462,4.53818844903e-07
463,8.63077994907e-06
464,2.30689472815e-05
465,2.41374818858e-07
466,2.66796356838e-05
467,5.92290545695e-08
468,8.23173642106e-06
469,2.04925659888e-07
470,4.85474502041e-07
471,7.59001352332e-06
472,9.92844042756e-08
473,2.18674026314e-07
474,1.27492719027e-07
475,1.4663296139e-09
476,4.38572976094e-07
477,0.00163070957485
478,7.06347257785e-06
479,9.04224762465e-09
480,4.71123204722e-08
481,4.43263216849e-07
482,3.15117285902e-07
483,1.24186137124e-07
484,0.000500401583648
485,2.33307150691e-05
486,1.75836866612e-07
487,1.75620996351e-07
488,2.93091125936e-07
489,2.77882506686e-07
490,0.000549834711657
491,3.51711612877e-07
492,3.08555766187e-05
493,9.30198884972e-08
494,1.71197563372e-10
495,6.33047374924e-06
496,1.55159958292e-07
497,2.54213751695e-08
498,3.88778833774e-05
499,1.58419247565e-07
500,3.14308615497e-07
501,0.00594848084278
502,3.28830029834e-07
503,0.00025364180274
504,0.000135091149823
505,0.000406493086488
506,4.09232634672e-07
507,8.97292364595e-07
508,1.75602991722e-06
509,0.000446029133983
510,9.52356006344e-08
511,3.96340754294e-05
512,1.82137967255e-05
513,3.94518678893e-07
514,2.52605696946e-07
515,5.13017264906e-07
516,1.55241777976e-07
517,1.03636405254e-07
518,2.12057010306e-07
519,1.30013393788e-05
520,0.00016161469669
521,3.79409801203e-07
522,6.9497738779e-08
523,2.79006842112e-05
524,1.63783052217e-07
525,4.10934213242e-06
526,3.32857014084e-07
527,2.86499119249e-05
528,3.10569825609e-06
529,6.83894528904e-08
530,2.59986935111e-07
531,6.45831280162e-07
532,4.59277100096e-07
533,2.95448026554e-07
534,2.27643829839e-07
535,5.59891140542e-08
536,2.91886935029e-07
537,1.29723778014e-08
538,1.89975275938e-07
539,3.63788520869e-07
540,1.4732029986e-07
541,1.72598634343e-07
542,4.04131641383e-05
543,1.50347913891e-07
544,2.44294352769e-06
545,3.22310135031e-07
546,2.80132398031e-07
547,4.35148032062e-07
548,1.18856622115e-07
549,4.81585215031e-07
550,1.26520094342e-08
551,1.97150848451e-07
552,1.5552230715e-07
553,1.50297001974e-05
554,3.33496353402e-10
555,1.6458006052e-07
556,3.64880433621e-07
557,3.07429394121e-07
558,1.67148319906e-07
559,2.3131617673e-07
560,1.47157392929e-07
561,3.1479524228e-07
562,2.1506241395e-07
563,2.77243192053e-07
564,0.000479054511194
565,2.05800149869e-06
566,1.47210548319e-07
567,2.25615496742e-07
568,1.45249794889e-07
569,3.09567391616e-09
570,1.0711102729e-06
571,0.000157390765623
572,1.40781769169e-05
573,4.79417270727e-06
574,1.25106712704e-08
575,5.48451143251e-08
576,2.17278302497e-08
577,3.37935525304e-07
578,1.17831643739e-07
579,9.12761112896e-08
580,1.26636692188e-07
581,1.54520785144e-05
582,5.17129591519e-07
583,3.06572608836e-07
584,1.60665669509e-07
585,1.05403781999e-07
586,0.000252500444512
587,9.96883127243e-05
588,2.72860282781e-07
589,3.06034881342e-07
590,1.10013701483e-05
591,2.3023467518e-07
592,1.2874547757e-07
593,5.25756604706e-06
594,5.83013163089e-08
595,2.99731652352e-07
596,1.81616402645e-07
597,4.35072044022e-08
598,1.49884985754e-05
599,2.20536350384e-07
600,2.51108955713e-07
601,8.80367220183e-08
602,1.80595904817e-05
603,3.11807989823e-07
604,3.71649805006e-07
605,5.761105608e-07
606,4.55764598562e-06
607,1.36419933818e-08
608,9.3895964136e-07
609,1.0495025601e-06
610,1.49845108848e-07
611,1.67050382445e-05
612,1.01295143945e-05
613,1.60555738162e-07
614,2.2058213261e-07
615,3.03593126702e-07
616,1.44914882211e-07
617,4.5795217841e-07
618,1.81085894924e-06
619,8.01607222505e-06
620,3.11041401558e-05
621,2.56957826522e-07
622,1.2803718564e-07
623,6.36132765973e-08
624,1.5272994954e-07
625,2.32830665369e-07
626,3.260174724e-06
627,2.33565629567e-07
628,1.70841992344e-07
629,5.22606677382e-06
630,1.969288084e-05
631,2.47940910234e-07
632,3.08012159089e-08
633,2.76050816491e-07
634,1.33359728594e-07
635,9.62138826116e-08
636,0.180826490434
637,1.37960867667e-05
638,1.9460799501e-05
639,2.02571464854e-07
640,6.70100825305e-08
641,4.16397476644e-07
642,3.5013002674e-07
643,4.04663021005e-07
644,4.33695306171e-07
645,1.79865755648e-05
646,2.28672078679e-07
647,9.04213432484e-06
648,2.08454803496e-07
649,1.51328692318e-05
650,9.64482159802e-05
651,6.5553496348e-08
652,8.51145145881e-08
653,2.42355343113e-07
654,1.84773506456e-08
655,6.55042833933e-06
656,0.000169340448173
657,2.84965357626e-07
658,2.40242842554e-07
659,3.62204575255e-08
660,3.55470830156e-07
661,4.02550767903e-08
662,1.48283065258e-07
663,2.18404218785e-07
664,2.35142957144e-07
665,2.09371116922e-05
666,1.24035843469e-08
667,3.84380286724e-07
668,1.61228227962e-07
669,2.89261806774e-07
670,1.2469384748e-07
671,0.000388499080401
672,8.35726284243e-05
673,8.70388274591e-07
674,5.99376175128e-06
675,4.91374856614e-07
676,7.16537859617e-06
677,2.65931712612e-07
678,3.27941700038e-07
679,0.00024187364375
680,2.13344503916e-05
681,5.4720992492e-05
682,1.27569454402e-05
683,2.75758930366e-07
684,1.24138329309e-06
685,2.77914241043e-07
686,6.25438213094e-08
687,1.93408252054e-07
688,1.87003414702e-07
689,8.70417745465e-06
690,2.64302518341e-05
691,1.04416870691e-05
692,2.31946547731e-07
693,3.32214185889e-07
694,1.70038346454e-07
695,2.4260426694e-07
696,3.04157158948e-07
697,4.95834414349e-07
698,3.56132535036e-07
699,2.09747597819e-05
700,2.05289867821e-07
701,9.1372811184e-09
702,0.0144184853071
703,2.04829622774e-07
704,1.69884970909e-07
705,4.29460502893e-07
706,2.94590102605e-07
707,3.78343477734e-05
708,1.17403170141e-08
709,4.43688013121e-07
710,2.03007614228e-05
711,9.77321974815e-08
712,4.79749306823e-07
713,0.0002437153712
714,3.26205624148e-07
715,1.17710918124e-08
716,1.25822259349e-07
717,3.00283479744e-07
718,2.19044020566e-07
719,3.20852327462e-08
720,1.41935897755e-07
721,1.58669366409e-05
722,1.18441043895e-05
723,4.54511243453e-08
724,1.18339866551e-08
725,1.07924591654e-06
726,1.10698602722e-08
727,3.06494669184e-07
728,1.28206945138e-05
729,1.43688631496e-07
730,2.05474257853e-05
731,3.36621893424e-07
732,0.00497293133168
733,4.07970500242e-07
734,1.91556052106e-07
735,3.11130768273e-07
736,5.02064770049e-05
737,1.40915652795e-07
738,2.07798217212e-05
739,4.01892584429e-07
740,1.12301941191e-05
741,2.37512090564e-09
742,1.67311309503e-07
743,2.1315254831e-08
744,2.8033800654e-07
745,1.97872853988e-07
746,2.85716087881e-07
747,4.25777318195e-07
748,3.07132436178e-07
749,2.05541955694e-07
750,8.33465822598e-08
751,0.000113944346351
752,3.59035017091e-07
753,3.84345791598e-07
754,1.19352875748e-07
755,9.79821482338e-08
756,8.30142601675e-08
757,2.04470791566e-07
758,3.39715715532e-07
759,0.000890210352889
760,1.344146285e-07
761,3.06806178232e-07
762,9.00245678192e-05
763,6.35595146535e-05
764,2.86816769341e-07
765,0.000202031762618
766,1.79371588545e-07
767,1.66657796641e-07
768,2.98806908942e-07
769,3.6327192849e-06
770,2.36256228079e-05
771,1.66436580492e-07
772,1.1899969992e-08
773,4.31085182609e-07
774,1.77210951273e-07
775,3.68630934428e-05
776,5.47338720578e-08
777,0.000647947521704
778,4.00910241301e-07
779,4.11731049359e-07
780,2.8686901635e-07
781,1.52895534988e-05
782,4.74451543988e-05
783,2.17945883476e-07
784,3.2729745772e-07
785,9.66535380564e-06
786,7.06428853256e-05
787,4.83528634787e-07
788,5.12418593831e-08
789,2.59387685013e-07
790,5.36184823356e-07
791,1.07715666095e-07
792,9.23018081662e-08
793,2.93920658888e-07
794,9.2311649477e-06
795,2.97076232616e-07
796,9.36927599621e-06
797,1.76647548627e-05
798,4.15391568323e-05
799,1.60866937766e-07
800,1.15225496142e-07
801,9.66500068649e-09
802,2.01191168283e-07
803,1.0329399638e-07
804,1.2723038506e-07
805,1.40014990016e-07
806,1.99207936473e-07
807,3.4592516518e-06
808,3.85581862282e-07
809,2.57958400958e-07
810,1.73672141243e-07
811,2.4644303862e-06
812,8.26623242431e-07
813,5.33938043753e-05
814,1.00760937058e-07
815,5.36871019919e-06
816,2.33861736791e-07
817,3.20018296273e-05
818,1.51366273285e-07
819,6.82481533684e-08
820,7.61617690831e-08
821,1.09378505321e-07
822,2.24951968408e-07
823,1.10397542149e-07
824,4.07772311847e-07
825,1.40422998815e-07
826,3.61810275021e-07
827,9.76141336163e-07
828,1.17454097973e-08
829,5.2410250731e-07
830,4.17230868591e-07
831,3.40434438983e-07
832,4.42109013695e-07
833,1.93165468945e-07
834,3.35413134807e-06
835,2.39229976273e-07
836,1.92830034258e-07
837,1.62248326151e-05
838,2.26755440793e-06
839,1.24728293132e-07
840,2.78477909451e-05
841,1.00663189914e-07
842,1.19182527864e-07
843,2.05758399425e-07
844,2.85993687173e-07
845,3.50028782832e-05
846,2.46258784667e-07
847,1.69777397404e-07
848,3.64506408081e-07
849,7.59300413011e-07
850,3.70244106014e-07
851,7.1383840908e-08
852,1.17299044511e-07
853,3.23485831586e-07
854,4.3387372419e-07
855,3.80186223697e-07
856,2.07622357285e-07
857,2.04167799425e-07
858,2.85314992388e-05
859,4.95429574848e-06
860,3.85275347304e-07
861,1.64593487737e-07
862,2.02498164215e-07
863,3.7053172525e-07
864,1.48410637426e-07
865,2.60288517293e-07
866,2.84068961156e-07
867,7.55718099167e-08
868,1.68712230104e-07
869,6.02152606122e-08
870,2.91652417685e-07
871,9.93756731022e-08
872,4.04622011767e-05
873,1.68867536138e-05
874,1.33018760094e-07
875,1.79280637959e-05
876,5.51041746786e-08
877,1.15521028208e-05
878,9.16814632665e-08
879,2.80974105751e-07
880,3.22345156901e-06
881,4.09080456411e-07
882,1.2714351144e-07
883,3.27014368177e-08
884,4.16227898753e-07
885,2.46787475179e-07
886,1.13087477378e-07
887,1.72417657476e-07
888,2.28520603103e-07
889,2.57241973709e-07
890,1.14364316927e-08
891,4.82509654889e-07
892,4.83216483907e-07
893,1.99385132552e-07
894,8.19442590314e-05
895,2.42293965141e-07
896,1.40180045557e-07
897,1.50183992176e-07
898,0.275896376816
899,1.14477732541e-06
900,1.48637876641e-07
901,4.3554169012e-07
902,4.13766837837e-07
903,1.14718794897e-08
904,1.65911708142e-07
905,8.98336883295e-06
906,2.53018596263e-05
907,2.09131836678e-07
908,2.15734718545e-07
909,2.18565621944e-07
910,1.15342122466e-08
911,2.02656702563e-08
912,0.00161068674077
913,5.75120699639e-08
914,1.17517422817e-08
915,1.05827127591e-06
916,3.35822486983e-07
917,1.13754826826e-07
918,7.36794564922e-06
919,4.72775250521e-05
920,2.9840963913e-07
921,3.75927560881e-07
922,1.40674643082e-07
923,1.31606036118e-07
924,1.09279367716e-07
925,1.35681091632e-07
926,9.52427228727e-08
927,0.140245294982
928,2.70295292984e-07
929,1.38924543284e-07
930,0.0833561486542
931,3.10932173701e-07
932,1.39226476306e-07
933,6.22623035709e-08
934,4.41563661325e-07
935,8.01442738342e-08
936,3.63150030445e-06
937,3.89723794569e-06
938,1.36240727835e-05
939,1.417928496e-07
940,2.1831601958e-07
941,8.79261502788e-06
942,1.02864727157e-05
943,4.06721967576e-07
944,8.58749712814e-08
945,4.54754378865e-07
946,5.77874878572e-08
947,1.6595684306e-05
948,1.72851256495e-08
949,1.69513352549e-07
950,1.57546848378e-07
951,0.000157452815593
952,2.72375061727e-07
953,2.72444119341e-07
954,1.68276959444e-07
955,4.47130672225e-07
956,2.55143660068e-07
957,2.19902079857e-08
958,4.36158713855e-07
959,2.29611194899e-07
960,8.58125298634e-06
961,4.66504910365e-08
962,3.05951991347e-07
963,3.83203934236e-06
964,2.22554643736e-05
965,4.80244732284e-07
966,2.147901852e-05
967,2.93850185263e-08
968,9.35965800484e-08
969,2.09931632259e-07
970,1.55874642149e-05
971,2.87292217942e-07
972,2.47288982439e-07
973,9.2499250296e-08
974,1.39258472697e-07
975,5.90948173244e-08
976,4.47127819783e-07
977,6.29216989519e-05
978,1.93380926099e-07
979,5.34416608378e-08
980,6.440934662e-08
981,1.63276608122e-07
982,2.5473072679e-07
983,4.49904768215e-07
984,4.31608369066e-07
985,3.47385814957e-07
986,2.71531842473e-06
987,3.0751214584e-05
988,1.37906451281e-05
989,7.88635701347e-06
990,3.1228442596e-07
991,6.22696321675e-05
992,3.54743341446e-05
993,1.03194804676e-07
994,1.03531733547e-06
995,1.49214543496e-07
996,4.10921502581e-07
997,2.782331469e-07
998,2.47277428545e-06
999,1.11538456348e-07
1000,5.36157517175e-08
1001,1.76734768248e-07
1002,3.86736813234e-06
1003,3.86570461268e-07
1004,3.42350908959e-07
1005,6.92312985063e-08
1006,2.75152308032e-07
1007,1.18940186211e-05
1008,7.80713867987e-08
1009,1.77693832011e-07
1010,0.203552370533
1011,1.42950371583e-07
1012,1.50418463214e-08
1013,3.00047135196e-07
1014,1.22298683704e-05
1015,1.25963031276e-07
1016,1.40285743001e-07
1017,2.9244247308e-07
1018,5.4001492235e-06
1019,4.03325208233e-07
1020,3.40880231979e-07
1021,4.02774250512e-07
1022,9.6641747336e-06
1023,1.77905800339e-07
1024,1.07881886304e-07
1025,1.54715362874e-07
1026,1.9746695102e-07
1027,2.18399778546e-07
1028,1.79516014136e-05
1029,2.5097516125e-05
1030,1.40087395537e-07
1031,7.66328217519e-07
1032,6.52902000891e-08
1033,6.63185329476e-08
1034,3.53606268865e-05
1035,1.68592178895e-07
1036,2.50481515851e-08
1037,1.32797751943e-07
1038,3.9887302489e-07
1039,7.2303591168e-08
1040,0.0022678596307
1041,5.89844222032e-08
1042,3.63424037059e-08
1043,9.17821441543e-08
1044,1.85558204276e-07
1045,2.62882021362e-07
1046,5.28729271937e-08
1047,2.588878239e-07
1048,5.18804502475e-05
1049,3.74933955771e-06
1050,0.000124194372305
1051,9.06152237041e-06
1052,2.44986253626e-07
1053,3.36939203314e-07
1054,0.132412203836
1055,4.67928107944e-05
1056,1.88934410197e-07
1057,1.08321086208e-05
1058,1.52512165808e-07
1059,4.95851007144e-06
1060,1.51797187191e-07
1061,3.62053090675e-07
1062,3.69697731966e-05
1063,0.000108137679111
1064,1.42498227384e-07
1065,1.50504494506e-05
1066,1.42010196291e-06
1067,1.91204396462e-07
1068,3.94186355777e-05
1069,2.46194366819e-07
1070,3.14941635189e-07
1071,3.94641738093e-07
1072,2.78509989478e-07
1073,4.77953606955e-07
1074,3.86376666425e-07
1075,1.07801046947e-07
1076,9.08413529992e-08
1077,1.9993776683e-07
1078,2.75835471093e-08
1079,7.26090415318e-08
1080,5.21369560198e-06
1081,2.05075477819e-07
1082,9.35077872095e-08
1083,1.35758803591e-06
1084,1.91951729961e-05
1085,7.48074859313e-06
1086,6.80958412106e-08
1087,1.2838978382e-07
1088,2.43766456691e-07
1089,0.0001117644551
1090,7.63736932676e-08
1091,1.27713743727e-07
1092,2.8719963602e-07
1093,3.60363357542e-07
1094,6.14812258667e-08
1095,4.68700932082e-07
1096,1.72345994155e-07
1097,1.14969889814e-07
1098,3.00746698758e-07
1099,2.05360766443e-07
1100,1.7330477366e-07
1101,8.24172349171e-08
1102,2.96804151824e-05
1103,6.65042948105e-06
1104,0.0191549947561
1105,6.68739617528e-08
1106,1.45157326162e-07
1107,9.23497073855e-08
1108,4.27668449811e-06
1109,8.37792067259e-08
1110,3.65284326137e-07
1111,1.35686753221e-05
1112,7.6147514166e-08
1113,9.48042530804e-08
1114,0.100740415647
1115,4.65018496154e-07
1116,3.02531995203e-05
1117,4.61749700305e-07
1118,3.94260243444e-07
1119,6.80103027741e-08
1120,1.73012524378e-07
1121,3.67289232361e-07
1122,0.220557270229
1123,3.57811867195e-07
1124,1.17251799685e-08
1125,7.19525099673e-08
1126,2.1307949703e-05
1127,3.77991869207e-07
1128,2.4786895835e-07
1129,1.52584875036e-05
1130,1.43328946754e-07
1131,0.00653096764881
1132,6.30897802396e-05
1133,2.76886140443e-07
1134,3.58465585693e-07
1135,1.36748535863e-07
1136,1.55409257215e-08
1137,4.69839001239e-05
1138,1.94560050976e-07
1139,1.92684550804e-05
1140,4.45383012624e-07
1141,3.35326545289e-05
1142,4.30399781285e-07
1143,1.85531089735e-05
1144,2.85356394027e-07
1145,1.08836125531e-07
1146,3.38413576823e-05
1147,2.80231283136e-07
1148,0.000977800813712
1149,1.15248085938e-07
1150,1.77621901162e-05
1151,1.15108318397e-05
1152,8.48770718325e-08
1153,1.11262495798e-07
1154,4.12418830198e-07
1155,1.12302980291e-05
1156,9.42578625477e-05
1157,6.02093749166e-07
1158,2.17931541309e-07
1159,6.86212641488e-05
1160,2.48052324834e-07
1161,1.41678166788e-07
1162,0.42106349698
1163,9.89819721881e-08
1164,5.23137681996e-05
1165,7.26508299845e-08
1166,4.46360598551e-07
1167,3.44174712935e-07
1168,5.25363175527e-08
1169,1.82457929201e-07
1170,2.07463205248e-07
1171,1.70084521202e-07
1172,3.07888666152e-07
1173,2.91692907913e-07
1174,1.5561614614e-07
1175,1.54841882709e-07
1176,7.41394255731e-08
1177,1.30074739287e-07
1178,2.77688836165e-07
1179,8.53806963831e-07
1180,4.25956502377e-05
1181,0.0840806867011
1182,3.01107727811e-07
1183,6.33724821226e-06
1184,7.75530371546e-09
1185,4.01645970541e-06
1186,4.67837216864e-07
1187,2.58330053127e-07
1188,5.11691115394e-06
1189,3.92255002667e-07
1190,1.4201309981e-07
1191,1.1912076494e-05
1192,0.0236840327857
1193,3.95538168851e-07
1194,0.000883237725959
1195,3.42335165719e-07
1196,1.65943196978e-07
1197,3.78198545664e-06
1198,6.4154403704e-08
1199,6.5246386803e-08
1200,3.64124589113e-07
1201,2.45630139305e-08
1202,3.41423718289e-07
1203,0.000558457484584
1204,1.39498082578e-05
1205,2.04811638218e-06
1206,3.25213176893e-07
1207,4.97624688635e-08
1208,3.04829091302e-07
1209,1.63022242987e-07
1210,3.92643775203e-07
1211,1.95576511524e-07
1212,2.51897933179e-07
1213,2.59440164526e-06
1214,3.44257709348e-07
1215,2.32673323351e-05
1216,8.71178051408e-08
1217,3.5383013075e-07
1218,1.96384464246e-07
1219,5.29806283106e-06
1220,8.12917657593e-06
1221,4.24911479465e-06
1222,1.12043392427e-07
1223,2.7828723985e-07
1224,3.45771979015e-07
1225,0.000222829738712
1226,3.26667515627e-05
1227,1.04282581804e-06
1228,1.09763182338e-07
1229,2.50835261366e-05
1230,2.17397395694e-08
1231,6.40456027436e-08
1232,3.38980344094e-07
1233,3.0621326747e-08
1234,2.97828988198e-07
1235,1.07444507441e-07
1236,1.81215612191e-05
1237,5.17656860572e-08
1238,3.65652600825e-07
1239,3.08249689225e-07
1240,2.42061171439e-07
1241,3.59274353561e-07
1242,1.02653789095e-08
1243,4.43108087851e-07
1244,2.07703845931e-07
1245,3.39911954787e-08
1246,1.69096665967e-07
1247,1.5365879893e-05
1248,1.73596270393e-06
1249,8.15287922695e-05
1250,4.69958482235e-07
1251,1.33788363912e-06
1252,1.65324662937e-05
1253,1.14269077558e-05
1254,3.0811151615e-07
1255,5.03065436028e-08
1256,3.57842314224e-07
1257,3.62588813337e-07
1258,8.4320206555e-06
1259,1.28066705487e-06
1260,1.97556501488e-07
1261,8.99996818634e-06
1262,4.78833606714e-05
1263,7.9825162152e-05
1264,3.45594984371e-07
1265,1.43827870329e-06
1266,1.16592409229e-07
1267,0.000353434465527
1268,1.28791135579e-07
1269,3.53815846988e-08
1270,1.18461104743e-08
1271,2.26838458958e-08
1272,1.76266112205e-07
1273,4.39271532034e-07
1274,2.68419316387e-06
1275,7.79349851269e-06
1276,3.10688066423e-07
1277,3.60814815533e-07
1278,3.99804451873e-07
1279,2.7035439992e-07
1280,2.27219112034e-07
1281,4.05508939091e-07
1282,7.07757214452e-08
1283,3.70463817037e-07
1284,1.82482940682e-07
1285,8.47657048434e-06
1286,3.02701828547e-05
1287,9.70520795532e-05
1288,0.000145109804312
1289,3.86539790151e-07
1290,4.44609688456e-07
1291,7.50474130712e-06
1292,1.92909897647e-07
1293,2.91702025189e-07
1294,3.60815049469e-05
1295,3.94260484674e-07
1296,2.9371946963e-05
1297,5.87581005903e-08
1298,1.12137014638e-07
1299,3.72877190143e-07
1300,1.4813040855e-07
1301,2.50236299671e-07
1302,4.20523073078e-07
1303,2.30975273901e-07
1304,6.2798042386e-05
1305,1.36499049061e-07
1306,2.69248057835e-07
1307,5.21583129775e-08
1308,0.104789021487
1309,1.73569657324e-05
1310,2.36041681469e-09
1311,1.65063447327e-05
1312,6.04841140248e-06
1313,3.49335177912e-07
1314,4.81438884847e-05
1315,4.04808321447e-07
1316,1.92562207489e-07
1317,0.000224142908932
1318,2.52225848535e-07
1319,3.12436756216e-07
1320,7.22524639031e-05
1321,3.78913319905e-05
1322,5.42176282021e-06
1323,2.32511899021e-07
1324,2.52142907886e-05
1325,1.65698888289e-05
1326,3.64093480137e-05
1327,3.05415975769e-07
1328,3.25222653856e-06
1329,1.19514759723e-07
1330,3.1219764372e-07
1331,4.13350537561e-07
1332,1.87778390932e-07
1333,1.03039781439e-05
1334,2.290581856e-07
1335,5.35657567643e-05
1336,7.02551582582e-08
1337,6.83337471433e-08
1338,1.19073255721e-07
1339,2.18022246656e-07
1340,5.27402082022e-05
1341,7.3124886417e-08
1342,2.21096069013e-07
1343,4.40607404396e-07
1344,4.42141320249e-08
1345,3.65926687624e-08
1346,3.55467535554e-08
1347,3.8616157135e-05
1348,2.36481666965e-07
1349,2.53112145402e-07
1350,2.02191728855e-07
1351,2.54775467655e-07
1352,2.28766629922e-07
1353,1.22935680706e-06
1354,1.92548766652e-07
1355,2.47722688904e-07
1356,9.89157666739e-08
1357,1.58427903743e-05
1358,1.35524474313e-05
1359,1.23957861387e-07
1360,2.49539865784e-07
1361,1.36063224068e-05
1362,1.99776266472e-07
1363,1.14390173534e-07
1364,3.45317304651e-07
1365,1.8333866646e-07
1366,2.04104980298e-07
1367,2.49816105992e-07
1368,2.52171208763e-07
1369,2.74193861592e-07
1370,0.0848666949738
1371,1.41547293166e-07
1372,8.31319646706e-05
1373,1.53874267767e-05
1374,3.78384739554e-07
1375,9.56204752211e-06
1376,2.55430204791e-05
1377,3.64132422495e-07
1378,1.9654287442e-07
1379,3.96472340747e-06
1380,0.00189688317092
1381,0.000148828727534
1382,5.83774906989e-08
1383,1.42245593049e-07
1384,4.08357135491e-07
1385,4.44588849679e-08
1386,3.1782554894e-07
1387,2.47467626931e-07
1388,7.34526152701e-05
1389,2.8659665946e-07
1390,3.99096866912e-07
1391,5.61195292469e-08
1392,3.0185019184e-07
1393,6.53189539984e-05
1394,7.24212580151e-08
1395,0.000123486537118
1396,9.14760837553e-09
1397,4.41864494549e-05
1398,2.34350075913e-07
1399,6.8819860129e-06
1400,1.10336925553e-08
1401,3.06026520056e-08
1402,2.08226584136e-07
1403,4.3282025196e-08
1404,3.30730916114e-07
1405,3.93655970927e-07
1406,5.47345774181e-06
1407,7.96258423203e-08
1408,1.50097842253e-07
1409,0.00159472224975
1410,1.62819929057e-07
1411,3.26063283557e-07
1412,3.60481567484e-07
1413,1.85627880808e-08
1414,5.6869897632e-08
1415,2.31537225866e-07
1416,3.46569445434e-07
1417,7.90182036861e-09
1418,3.11300641969e-07
1419,3.35708608005e-07
1420,0.000134537527137
1421,8.75195355548e-07
1422,2.31029193716e-07
1423,0.0307025444742
1424,5.10595784638e-06
1425,2.18886149781e-05
1426,1.75922408126e-07
1427,1.01234448479e-05
1428,1.309664845e-07
1429,4.4581909075e-07
1430,1.77275400976e-07
1431,7.4685450752e-06
1432,1.35947398228e-07
1433,1.66309314468e-07
1434,1.69476176303e-07
1435,1.7229657972e-07
1436,3.60409368999e-07
1437,3.49587493673e-06
1438,2.14878147987e-07
1439,4.01323647179e-07
1440,1.15318727111e-07
1441,7.6260416774e-05
1442,7.74578154621e-08
1443,1.20461643549e-06
1444,1.02659240532e-07
1445,7.47557429128e-08
1446,1.81778601916e-07
1447,1.46712885626e-07
1448,2.86299454465e-07
1449,2.33403301838e-07
1450,2.24034412207e-07
1451,4.67030208072e-05
1452,1.53420851858e-07
1453,1.33516280846e-07
1454,1.32432532743e-07
1455,1.47134035984e-08
1456,1.38161366175e-07
1457,4.03775289483e-07
1458,1.542054968e-07
1459,1.47416643896e-07
1460,4.38655466321e-07
1461,0.000199936991719
1462,2.28553305434e-07
1463,1.35982232337e-06
1464,9.05682156761e-08
1465,2.31015721137e-07
1466,4.59181325875e-05
1467,6.19417535576e-05
1468,9.4638025663e-08
1469,2.08063151432e-07
1470,1.9230467921e-07
1471,2.73662989959e-05
1472,0.000101589757177
1473,3.25473892808e-07
1474,3.92886645875e-07
1475,3.39351980228e-07
1476,6.7936087271e-07
1477,2.23978292884e-07
1478,1.52705939268e-07
1479,2.01594809307e-07
1480,2.23095753772e-07
1481,7.09931424594e-08
1482,0.000483290456368
1483,2.35213731126e-07
1484,7.12869429166e-08
1485,1.78555817798e-05
1486,2.62896988868e-05
1487,6.12134772526e-08
1488,1.93485608342e-07
1489,1.85052671534e-05
1490,1.42614671825e-07
1491,5.80475839988e-08
1492,1.98955053749e-07
1493,1.39768196235e-07
1494,4.5075408433e-07
1495,3.90334130923e-05
1496,8.90130853511e-08
1497,9.62514390804e-05
1498,1.45499403949e-07
1499,2.13272698432e-08
1500,1.35397442978e-07
1501,2.30447484971e-05
1502,1.09180446026e-07
1503,3.56930644555e-07
1504,1.49367984819e-05
1505,1.04450192255e-06
1506,3.43624237443e-07
1507,4.28635605065e-08
1508,7.06526036112e-07
1509,3.98577785821e-07
1510,7.22642801954e-06
1511,1.39536816538e-07
1512,5.36414694498e-06
1513,1.05850943253e-07
1514,1.15319050515e-07
1515,3.344203109e-07
1516,0.0979004804326
1517,3.39440861328e-07
1518,1.44613060144e-07
1519,0.00115770311056
1520,7.10256719282e-08
1521,3.37714609199e-08
1522,9.7155606309e-08
1523,3.09023969273e-06
1524,3.21409322153e-07
1525,9.21685632014e-08
1526,1.72817462744e-07
1527,6.95029452921e-08
1528,3.22639998932e-07
1529,2.68222103779e-07
1530,2.22521934894e-05
1531,6.49319799635e-06
1532,1.16957203231e-07
1533,3.41164795279e-07
1534,4.5187562776e-08
1535,6.79027685123e-06
1536,6.50074606754e-07
1537,9.08891896082e-05
1538,3.85291131247e-07
1539,1.17237062351e-05
1540,1.22872891702e-05
1541,1.840673678e-07
1542,1.04569157391e-07
1543,7.5103675359e-05
1544,1.92715057772e-07
1545,2.81487601294e-07
1546,2.27467783161e-07
1547,1.01771640399e-07
1548,1.16626747716e-07
1549,2.02128643798e-07
1550,3.62320231809e-07
1551,9.74719042894e-07
1552,2.46125749493e-07
1553,8.71106762115e-08
1554,3.64720866117e-07
1555,4.34616349576e-08
1556,6.43105910227e-07
1557,1.09285692561e-07
1558,1.41163715408e-07
1559,4.56330229554e-07
1560,2.67673832646e-07
1561,9.66687786773e-08
1562,2.60867801089e-07
1563,2.60138222552e-07
1564,1.24795768073e-07
1565,2.61447505489e-07
1566,4.46715963685e-08
1567,8.72089161187e-05
1568,2.03447915255e-05
1569,1.88252104177e-07
1570,1.32651675356e-07
1571,4.03707451732e-07
1572,5.41129040877e-08
1573,7.27086484271e-08
1574,2.08801125525e-07
1575,1.51811161765e-07
1576,8.26308722779e-07
1577,3.70780774778e-06
1578,1.72938581307e-07
1579,1.26647231969e-07
1580,7.18344462432e-08
1581,2.10171610913e-07
1582,1.24888215962e-08
1583,1.62578132622e-06
1584,2.59481626687e-07
1585,5.69787687386e-07
1586,1.20658359402e-05
1587,2.1257813345e-07
1588,1.07142998588e-07
1589,2.33044738606e-05
1590,1.05491048695e-07
1591,2.30829122236e-07
1592,5.93720887886e-08
1593,0.000185213948579
1594,6.97441711657e-06
1595,1.0914930674e-06
1596,3.5793550487e-06
1597,2.8811116995e-07
1598,3.67421482342e-07
1599,1.29577161246e-05
1600,4.49032061228e-05
1601,1.9124170903e-05
1602,1.58705748198e-07
1603,6.15743492737e-08
1604,1.14116159222e-07
1605,4.5736826573e-07
1606,3.939322886e-07
1607,0.000329647563028
1608,9.53175462839e-07
1609,2.87611197034e-07
1610,3.16115756531e-08
1611,4.17162100378e-07
1612,3.18328451115e-07
1613,2.53977636137e-08
1614,1.06883376445e-07
1615,0.000123024593293
1616,0.000176497820483
1617,5.6693871774e-06
1618,1.37425148488e-07
1619,1.64191494899e-07
1620,1.89615014328e-07
1621,7.20109472021e-08
1622,5.48350155711e-05
1623,2.09739698977e-07
1624,4.05831080479e-07
1625,4.26651822054e-08
1626,4.22716936617e-07
1627,1.32696092639e-07
1628,1.31527091964e-07
1629,1.25608652655e-08
1630,2.12305043027e-07
1631,5.16257357396e-09
1632,3.28518540265e-07
1633,1.70224709519e-07
1634,1.12382267337e-08
1635,3.55186917551e-07
1636,1.85300364423e-08
1637,5.71782512113e-06
1638,3.23357780916e-07
1639,6.35993797596e-08
1640,1.40323763882e-07
1641,1.3103025514e-07
1642,1.08526324214e-07
1643,3.41348754059e-06
1644,9.37073673405e-06
1645,2.23385055543e-07
1646,1.36717131224e-07
1647,3.12763625504e-06
1648,1.17132618345e-07
1649,7.85897428263e-05
1650,7.90390078507e-08
1651,7.51000026693e-08
1652,4.63703534862e-05
1653,5.52025242148e-08
1654,1.09705579498e-06
1655,0.000376385913604
1656,3.40267597709e-07
1657,4.23384170136e-07
1658,4.39773591315e-07
1659,2.08472155637e-07
1660,3.37606491771e-05
1661,3.29794591128e-07
1662,2.03832925846e-07
1663,1.602671242e-06
1664,3.73622947781e-07
1665,1.2343401742e-06
1666,3.0838131928e-06
1667,1.22226975601e-07
1668,2.54093182959e-07
1669,4.31639502103e-07
1670,9.34349017777e-08
1671,2.81391751534e-07
1672,5.3505814589e-05
1673,5.98106251322e-07
1674,1.02783020313e-07
1675,6.3497460848e-08
1676,1.50262740655e-06
1677,4.22809828783e-07
1678,1.22637137926e-07
1679,1.36470402564e-05
1680,4.10834426632e-08
1681,5.71216122643e-06
1682,3.73916135503e-06
1683,2.61191708262e-07
1684,9.03532679982e-07
1685,2.31508294644e-07
1686,8.03435227804e-07
1687,1.11557554927e-07
1688,6.28555248403e-08
1689,3.65322196547e-07
1690,8.35984834742e-08
1691,1.65102009811e-07
1692,3.7774949836e-07
1693,7.13601871582e-07
1694,1.03008995689e-05
1695,3.30765898873e-07
1696,9.95335041519e-06
1697,3.85342401781e-07
1698,3.60161381505e-05
1699,4.055515335e-07
1700,2.55451633585e-05
1701,3.79159677823e-05
1702,1.32776886677e-07
1703,1.84047060222e-06
1704,9.76200313417e-08
1705,3.15850824519e-05
1706,1.6784169971e-06
1707,1.63576152202e-07
1708,8.21694156465e-05
1709,1.67260123312e-06
1710,2.55317431393e-07
1711,2.57736337399e-07
1712,3.80691247447e-07
1713,2.99193409407e-07
1714,2.77704502417e-07
1715,3.791722957e-07
1716,3.03060184685e-05
1717,1.58966283905e-07
1718,1.01482347375e-07
1719,2.15844553168e-08
1720,0.000123939245536
1721,3.01959045745e-08
1722,2.10234365214e-05
1723,3.98886357456e-07
1724,3.28142266956e-07
1725,2.77020580099e-07
1726,1.5799934978e-07
1727,1.14094135505e-05
1728,2.04939463102e-07
1729,3.01373422606e-05
1730,2.44665663958e-07
1731,1.13970862405e-07
1732,3.04195201878e-07
1733,3.82288557308e-07
1734,6.98566637009e-06
1735,1.28877255051e-07
1736,0.000656742151092
1737,2.45919502788e-05
1738,1.48089002386e-07
1739,0.0364848913356
1740,2.9564416984e-07
1741,2.06885767533e-05
1742,1.9434946539e-07
1743,3.00965605413e-07
1744,3.43618621954e-08
1745,5.40918108441e-08
1746,1.24856706839e-07
1747,2.71642420418e-05
1748,3.90273745479e-07
1749,1.75698577317e-07
1750,4.30377405032e-06
1751,1.20553304727e-07
1752,7.0824820309e-07
1753,1.0409491421e-07
1754,4.27077387681e-07
1755,1.44417066676e-07
1756,4.26916126454e-08
1757,0.000118276124146
1758,7.11574510539e-05
1759,2.46594580315e-07
1760,9.96833579818e-08
1761,8.43438668601e-06
1762,9.87594541511e-05
1763,2.65029326215e-07
1764,7.31691703028e-08
1765,1.02833426722e-07
1766,3.06711158304e-07
1767,2.47876840651e-07
1768,3.18033978041e-07
1769,1.41434894395e-07
1770,1.54217033455e-08
1771,4.07751476471e-07
1772,1.99863402551e-08
1773,6.1408597482e-08
1774,0.161331919051
1775,1.61824625278e-07
1776,2.77931560319e-05
1777,6.69516987432e-08
1778,4.28679696652e-07
1779,3.64949278084e-06
1780,5.45315358829e-08
1781,1.28148860492e-07
1782,2.5164573724e-05
1783,5.00612620462e-08
1784,4.17330507756e-06
1785,5.03894404581e-05
1786,2.08750941399e-07
1787,5.97082489789e-08
1788,3.31739496039e-07
1789,0.00182663425025
1790,2.82015875508e-07
1791,7.59758998981e-08
1792,2.25618746477e-07
1793,3.68413187353e-06
1794,9.52395255477e-07
1795,2.45865722571e-07
1796,1.85152315088e-08
1797,1.86041875001e-07
1798,3.24161153817e-07
1799,2.94359666694e-07
1800,4.15622856332e-07
1801,5.1201935793e-06
1802,5.04589172657e-08
1803,1.32893857835e-07
1804,5.55796851434e-06
1805,3.66314300093e-07
1806,2.21579373074e-07
1807,6.5051932993e-07
1808,1.56922038767e-07
1809,4.23299205478e-08
1810,1.680656717e-07
1811,2.84147349721e-07
1812,1.33277069249e-07
1813,7.5273371454e-08
1814,2.06628772428e-05
1815,8.60844169895e-08
1816,1.3259177591e-08
1817,2.88768369282e-07
1818,6.39396389598e-08
1819,3.90910080293e-07
1820,1.07381437935e-07
1821,2.4111246974e-06
1822,3.54277416633e-06
1823,1.23487981491e-07
1824,2.0770657765e-05
1825,2.13170452597e-06
1826,1.4731843783e-07
1827,9.4196730278e-06
1828,1.92853879872e-07
1829,2.95794917752e-07
1830,2.30419332761e-07
1831,1.94966155089e-07
1832,2.17210677898e-06
1833,0.00103894565897
1834,3.68751182533e-05
1835,1.07004434678e-08
1836,4.33662602029e-08
1837,0.000123665156586
1838,5.39731438201e-08
1839,3.48292705538e-07
1840,1.5497101551e-07
1841,3.05130241475e-07
1842,1.97475880843e-05
1843,4.95060097321e-07
1844,1.55389859996e-07
1845,3.04309305153e-07
1846,3.35903591611e-05
1847,1.3729097711e-05
1848,1.78671846645e-07
1849,1.2218555461e-07
1850,0.000222840908418
1851,3.05251038373e-07
1852,2.38646042225e-07
1853,1.29659871642e-05
1854,1.3973152461e-05
1855,4.74863055274e-07
1856,2.64133473737e-07
1857,0.000118767791626
1858,1.08456867597e-06
1859,9.31345661713e-08
1860,8.23727143661e-08
1861,3.73266382716e-08
1862,5.58119682987e-08
1863,1.86322915408e-07
1864,2.67373500107e-07
1865,3.53509856964e-06
1866,2.33565328432e-07
1867,3.11164218371e-07
1868,1.24522694602e-05
1869,3.04965381372e-07
1870,6.95427962745e-07
1871,3.18977125276e-07
1872,1.75155986367e-07
1873,1.27666828074e-07
1874,0.00456641452885
1875,1.55863134636e-07
1876,4.87002525021e-05
1877,1.2200359535e-07
1878,9.29763247134e-08
1879,3.57865735308e-07
1880,6.70746142707e-08
1881,0.000287066386043
1882,1.74726426383e-07
1883,2.22653509746e-07
1884,2.14658447257e-08
1885,2.46800183362e-05
1886,7.24235272464e-08
1887,2.20180983883e-07
1888,4.50830310901e-08
1889,2.32021484319e-07
1890,6.37804512887e-08
1891,1.86732279327e-05
1892,9.17513276711e-06
1893,2.45323117307e-07
1894,1.03251553677e-07
1895,3.42575299675e-07
1896,0.374350685756
1897,1.34659424903e-05
1898,2.4737064407e-07
1899,3.9163256718e-07
1900,2.51588385655e-08
1901,9.09942917443e-08
1902,1.73893559959e-07
1903,2.88113552936e-07
1904,2.18112305408e-05
1905,1.79385530965e-07
1906,1.151676809e-07
1907,2.75068657921e-07
1908,1.93200609037e-05
1909,2.06846098455e-06
1910,1.37654191518e-07
1911,0.00238739718358
1912,1.18126440372e-07
1913,2.08093151687e-06
1914,2.41283364349e-07
1915,1.23709019065e-06
1916,0.0571578424709
1917,1.26882258717e-07
1918,1.97494724629e-06
1919,2.46226982353e-07
1920,2.96231899812e-07
1921,2.82466595591e-07
1922,1.86642741672e-07
1923,9.73134850753e-08
1924,3.30881121798e-06
1925,2.27605948832e-05
1926,9.61991195703e-08
1927,4.84489555689e-08
1928,7.12174742574e-06
1929,1.11832039285e-06
1930,5.90661707348e-08
1931,1.86735675487e-07
1932,0.000116357085539
1933,4.29927555373e-08
1934,6.84206909813e-06
1935,4.00985402309e-07
1936,1.43575958728e-07
1937,6.70385019785e-08
1938,8.88226162494e-08
1939,9.66380679629e-08
1940,1.11545219114e-08
1941,1.38202062121e-07
1942,2.7341440447e-06
1943,0.000922742018025
1944,2.32470412438e-08
1945,2.37647435393e-07
1946,2.29449871454e-07
1947,4.53689667994e-06
1948,1.6278719254e-06
1949,2.24323779418e-06
1950,1.45981351086e-08
1951,1.06911429552e-08
1952,6.43534815442e-06
1953,1.95723841136e-07
1954,1.90108400547e-07
1955,1.99292757915e-07
1956,0.066381376922
1957,2.79130308055e-07
1958,2.65431703016e-07
1959,0.00370608183066
1960,1.50690451589e-07
1961,1.31963767913e-07
1962,9.2240788353e-08
1963,3.16620826994e-07
1964,3.57406024784e-07
1965,7.2542716364e-07
1966,2.77693076603e-07
1967,2.15273455155e-07
1968,2.53801459135e-07
1969,1.33736697758e-05
1970,2.72981430118e-07
1971,2.33281284717e-07
1972,1.3358173875e-07
1973,3.43079671542e-08
1974,1.4270242766e-07
1975,4.19000961991e-07
1976,8.66463518286e-08
1977,9.76348595721e-08
1978,5.93737789998e-07
1979,1.19530493855e-05
1980,5.31556128368e-08
1981,6.05223181323e-08
1982,4.00173273051e-07
1983,1.89161290534e-05
1984,1.21328034126e-07
1985,2.31119893906e-07
1986,3.87459292513e-07
1987,0.000193311878511
1988,1.25216861978e-07
1989,1.05419020563e-07
1990,2.82955230107e-07
1991,2.89328234938e-07
1992,9.68243994283e-07
1993,1.8587535927e-05
1994,5.8236636453e-07
1995,1.33164241954e-06
1996,1.36436373356e-05
1997,2.41302699874e-07
1998,2.03675164685e-07
1999,9.23756169589e-06
