0,2.51215456012
1,13.7185544386
2,11.0356400297
3,0.931207801638
4,1.28560418726
5,0.806587364026
6,0.161003170706
7,3.07137693615e-06
8,0.00125088228725
9,0.508460501183
10,11.6861770511
11,1.6519121175e-06
12,5.95293756067e-06
13,5.95293219208e-06
14,8.35871011918e-05
15,2.52908091092e-06
16,2.58859123692e-06
17,1.97307847808
18,0.228135507654
19,3.54373031319e-06
20,0.000245485012662
21,0.00100615184164
22,1.13833404621
23,0.0356622616875
24,0.466012046591
25,0.000397146422898
26,0.00580256922109
27,2.60477046732e-06
28,0.000692098701796
29,0.698414740451
30,0.000992674831953
31,0.442278806662
32,1.12428447109
33,3.53917463195
34,1.69967371333e-06
35,3.32944912862
36,1.12818050703
37,5.95292682393e-06
38,5.95292145622e-06
39,1.59837499791e-06
40,0.000106655731619
41,5.95291608807e-06
42,0.0481500694916
43,0.113276511649
44,0.190622743601
45,1.68622201069e-06
46,0.132705120899
47,0.00948018114595
48,5.5842011046e-05
49,5.79990409583e-05
50,0.000947920519661
51,0.439231777163
52,0.258407931909
53,0.00373280574088
54,3.40201525173e-06
55,0.558082397371
56,5.95291071992e-06
57,1.75314857751
58,0.106234974736
59,0.106057374558
60,0.23500258461
61,1.96322511314e-06
62,0.328338189637
63,0.330388040461
64,1.74605195331
65,0.0442656752696
66,0.522016653983
67,5.95290535177e-06
68,0.194328716567
69,0.344608341147
70,0.0335374495635
71,0.909906187724
72,0.0122270376469
73,0.0873280547942
74,5.95289998406e-06
75,9.54794384258e-05
76,0.52814143352
77,0.0826185322382
78,0.16012245429
79,0.0902774142638
80,0.0644016838455
81,6.0930592681e-06
82,1.27832185404e-05
83,0.000688723067939
84,6.90836442745e-05
85,0.0241929095632
86,1.09101030787e-06
87,7.58668328214e-05
88,0.000813528685927
89,0.0595050919266
90,1.83577561219e-06
91,0.0974077041464
92,3.56159363495e-05
93,0.00402200229143
94,2.20442963077e-05
95,5.95289461636e-06
96,1.26991547234e-06
97,0.318706799945
98,4.86476829376e-07
99,0.0200706916601
100,0.153302188354
101,0.0885616270981
102,0.184058759687
103,0.000295429705283
104,0.153531615306
105,0.0142602726549
106,0.00309105311641
107,0.00838137299891
108,0.000146408372365
109,2.0978970552e-05
110,0.00069414255607
111,0.107516802289
112,5.54114934048e-07
113,0.0186885170538
114,4.60292594351e-06
115,0.0256151183384
116,5.92231685159e-06
117,7.79663389187e-05
118,0.000357402806033
119,0.268707838342
120,3.25501102028e-06
121,0.036643701156
122,0.895889040216
123,0.0527814652299
124,0.0484305412943
125,0.0117693165975
126,5.33098014971e-05
127,0.000967056411116
128,8.56628272872e-07
129,0.0201374846286
130,0.000395525058304
131,0.202312755298
132,0.0156479984655
133,0.000198210656769
134,0.00161648069419
135,3.68114876853e-05
136,7.92744696828e-05
137,0.00316980519975
138,0.510132671025
139,1.35934074574e-06
140,3.22613594195e-06
141,0.0233429417805
142,0.164310557337
143,0.000381625980823
144,0.0221837842929
145,0.000487543269902
146,1.0473415804
147,0.102058747859
148,0.622130624327
149,2.08467740848e-07
150,0.0443753267875
151,0.0521963841306
152,4.14766360816e-05
153,1.48219019071e-05
154,0.0350660083716
155,1.10126638786e-06
156,0.0108038486102
157,6.03623732998e-06
158,0.0557794622913
159,0.00045342979207
160,0.000320252558452
161,0.160219349586
162,1.94407046552e-05
163,1.11184659701e-06
164,0.0201183808801
165,1.71400360005e-06
166,3.19884185784e-06
167,6.04684890271e-07
168,0.0129046818933
169,5.67310648846e-05
170,1.19516745123e-06
171,0.259175901154
172,0.0502103502854
173,3.18753534034e-06
174,0.0197113199765
175,4.15226863917e-05
176,9.37241814741e-06
177,3.23834729764e-05
178,8.94999598988e-07
179,0.0104376117347
180,0.0132394138374
181,0.0504793602602
182,0.000552064357936
183,0.000413293608223
184,0.000609565956963
185,0.128489363818
186,6.23307350816e-05
187,0.0186043299073
188,0.011387929141
189,0.05867601968
190,0.0217801887357
191,0.000134389597952
192,0.0176811224289
193,5.95288924865e-06
194,0.0532851324472
195,1.42299691497e-06
196,0.0365434493332
197,0.011324502186
198,3.5841964875e-05
199,1.69721824517e-06
200,0.000903555682452
201,0.0178992804204
202,0.01578169609
203,0.00777836519776
204,5.9528838805e-06
205,0.0147272592983
206,0.144269207215
207,0.133165488261
208,2.34381014597e-06
209,0.0339680737929
210,0.548449554637
211,1.66518718547e-06
212,1.01887264581e-06
213,1.55516703093e-06
214,1.32192517062e-05
215,1.62978533513e-06
216,0.0193568447157
217,3.40153328615e-06
218,0.00359578357442
219,0.000121556582263
220,5.95287851279e-06
221,0.00685047031276
222,0.0410570869124
223,0.00653884861092
224,0.0155017731042
225,0.00185110980346
226,0.00120616330077
227,0.100593565368
228,1.61307719426e-06
229,0.000755929662113
230,0.0109853846794
231,9.66197494556e-05
232,0.000302929873626
233,0.0189367117259
234,5.95287314464e-06
235,5.95286777694e-06
236,5.95286240967e-06
237,0.739244400679
238,3.67370290532e-05
239,0.018285614048
240,0.00772514227286
241,0.00701024933096
242,4.35612649841e-07
243,5.1920787864e-05
244,0.00772777449945
245,0.0424265191409
246,0.000244386529922
247,0.0151802986128
248,3.3374577374e-05
249,0.213348055495
250,0.00970922101598
251,0.000197196931354
252,0.0167898258574
253,0.00035899987215
254,3.15173073706e-06
255,0.0168929486384
256,0.0840510414388
257,1.13168513993e-05
258,0.0338944796532
259,0.000243492298002
260,1.23287618747e-06
261,0.0104405965649
262,0.0137913450056
263,1.00488242005e-06
264,5.58971262166e-07
265,3.06603270276e-05
266,9.50779394882e-07
267,0.000100879864227
268,0.0146945375264
269,0.000104119878416
270,4.2634184203e-06
271,2.23750573092e-06
272,0.471808039286
273,0.0535988241025
274,0.0160431538609
275,5.90903457603e-06
276,0.00203276982405
277,0.0302505435079
278,0.000103377417889
279,0.150285304482
280,0.0370001315057
281,5.95285704197e-06
282,2.60147035469e-07
283,3.78066699508e-05
284,0.0355469617532
285,0.0901887253636
286,1.41406942422e-06
287,3.26365756753e-07
288,7.92034104968e-08
289,0.300526177056
290,1.97824770076e-06
291,2.24685163952e-06
292,2.66456746711e-06
293,2.53918118376e-05
294,0.0080525990567
295,0.00341129476625
296,0.0254609281518
297,0.00594430683583
298,0.0316739880307
299,5.90680959007e-05
300,2.01448512416e-06
301,0.00502238076865
302,1.9196852582
303,4.38902569488e-06
304,0.000148742122084
305,0.582944565961
306,0.00842405815122
307,0.00115690638897
308,0.000114118785364
309,5.82683135752e-06
310,0.250557154977
311,0.0395829914123
312,7.05029238244e-05
313,0.00643512043318
314,5.72504105515e-05
315,6.11619392643e-06
316,9.39584462234e-07
317,0.147814655076
318,0.00279029044555
319,0.0134986934046
320,0.00161086428822
321,0.199846099199
322,0.082367725013
323,4.94973093516e-05
324,0.0202951940923
325,3.63051977471e-05
326,1.2754643004e-06
327,0.000548717870987
328,0.000223084131575
329,1.89457056665e-05
330,0.0278364595909
331,0.00694610302023
332,0.000455481862126
333,0.0179713708861
334,3.4294839002e-07
335,0.00649662019072
336,2.85182777815e-06
337,0.0290895658892
338,2.49099546323e-06
339,0.00644693366912
340,0.0140324209742
341,3.03794125361e-05
342,2.74245196613
343,5.95285167426e-06
344,0.0157106395072
345,0.118999675035
346,0.00910923149503
347,0.238749867035
348,1.2512558382e-05
349,0.0096165837867
350,0.0175515128538
351,0.0255002439294
352,0.00614894738923
353,0.0048666775705
354,0.00560539866471
355,2.26891104248e-05
356,0.0639672634873
357,1.24522793765e-06
358,4.69053624386e-07
359,0.00957884398349
360,0.217978756911
361,3.82035523847e-05
362,0.00543708596592
363,3.18458751103e-06
364,4.82396210977e-07
365,0.00675726939833
366,2.43629171504e-07
367,2.96319086335e-06
368,5.94698210799e-05
369,0.118972275291
370,0.000316400074327
371,0.000877135161075
372,0.00963371366732
373,0.0050690709492
374,1.70818897305e-07
375,0.0241311640411
376,0.0187810287363
377,0.00704357260336
378,0.00724735472821
379,1.30844906445e-05
380,1.44708707606e-06
381,0.016889209016
382,0.00523763091161
383,0.0107061153635
384,9.3784132169e-05
385,0.0708049542194
386,4.95489638993e-05
387,5.952846307e-06
388,0.0248382859241
389,0.00673931357585
390,0.0131602141566
391,5.95284093929e-06
392,5.95283557159e-06
393,0.0318930867422
394,0.000260816182082
395,4.15001161992e-05
396,5.95283020433e-06
397,0.0351620402232
398,0.00136764851812
399,3.99857530399e-05
400,0.000263980792533
401,2.7657075794e-06
402,2.83463947646e-05
403,2.54232386621e-05
404,0.0226103061226
405,0.0235938639371
406,0.0189399225813
407,0.00410778694943
408,0.101779613435
409,0.0231267781409
410,5.95282483751e-06
411,0.0103149418734
412,0.000844437160149
413,0.00703774212783
414,5.12654316412e-06
415,0.000978819984679
416,0.00106054772236
417,0.00591798961115
418,0.0361280723545
419,0.00472449815686
420,5.95281947069e-06
421,5.95281410254e-06
422,0.00163507262948
423,0.0823552500972
424,2.98583830326e-05
425,2.72886653086e-05
426,8.97871987204e-07
427,0.401670016384
428,0.00929733169824
429,0.00581968613849
430,2.29233900751e-05
431,1.83805409748e-06
432,3.97145702546e-07
433,4.08456194307e-05
434,0.169836094412
435,0.00035745529101
436,0.00133466238711
437,0.260401892928
438,0.0331856322279
439,0.02884839113
440,3.32383039014e-05
441,1.50009697747e-06
442,0.00127301221334
443,0.0173406320549
444,0.00661483678579
445,1.18062871479e-07
446,0.00669269370121
447,4.55782809095e-05
448,0.457060678655
449,1.38402121577e-05
450,2.68997636166e-07
451,1.61853518144e-06
452,0.323101373184
453,0.000274512997238
454,0.0116041485765
455,0.0327729363197
456,1.73970287961e-05
457,2.86231329638e-06
458,0.0219067090623
459,0.0115766143208
460,4.12294381938e-05
461,0.00021240354846
462,0.0727303323478
463,0.317401422941
464,0.0065176438508
465,0.065034698307
466,0.0368879467104
467,0.000497000226015
468,3.14872050313e-05
469,0.0150661955189
470,1.66967609717e-05
471,5.95280873528e-06
472,0.0157364700719
473,1.12719023715e-06
474,0.0123815926261
475,0.00178037123882
476,2.83090617881e-06
477,2.67164043422e-06
478,0.0446912311824
479,0.1734334595
480,5.95280336801e-06
481,0.00154499541861
482,0.000274099310731
483,0.00412180541215
484,0.329050204857
485,0.0218020921859
486,0.0405515370389
487,0.0234418959822
488,1.33144804515e-07
489,5.9527980012e-06
490,5.95279263438e-06
491,0.00020369747534
492,0.00226102659045
493,0.0275020385649
494,0.00607823773072
495,0.00670251954924
496,0.00594499530899
497,0.0812868975966
498,0.00487861857816
499,0.0187348712056
500,3.42651606758e-05
501,3.09713441699e-06
502,5.95278726667e-06
503,5.95278189985e-06
504,5.20458945993e-05
505,2.03386821224e-06
506,2.23051456949e-06
507,0.0306023284487
508,2.84270060003e-06
509,0.000105805675107
510,0.00117587123619
511,0.0236104668321
512,0.0064309605692
513,0.00598287967936
514,0.159683639654
515,0.00590007844475
516,0.000530283822201
517,0.083721762455
518,5.95277653259e-06
519,1.95052973564e-05
520,0.0357197747187
521,6.0490094051e-05
522,0.000113787297952
523,0.00270976628911
524,1.95039143447e-08
525,0.0374089963003
526,1.42261148728e-06
527,0.00214612013427
528,5.22229435584e-07
529,0.00733094241841
530,2.82516494243e-06
531,5.95277116666e-06
532,1.41597082263e-05
533,2.84633158243e-06
534,7.05340397478e-08
535,5.95276579896e-06
536,0.00946299685757
537,0.0455366211774
538,0.00900572250759
539,0.0268395454118
540,0.0186285363286
541,0.000445800681345
542,0.0213032399128
543,1.33776873843e-05
544,0.0205241255351
545,0.00466829775819
546,1.96597112247e-05
547,2.62022699464e-05
548,0.00773215319472
549,0.00794895380351
550,0.00356861950806
551,0.00514667745037
552,0.00837740862214
553,7.42746236324e-05
554,0.000390128230359
555,0.0121012983518
556,0.00162567422447
557,0.0229051553592
558,9.60504082492e-07
559,1.79719609067e-06
560,0.00471628583594
561,0.00119186436412
562,0.000779219065797
563,5.95276043258e-06
564,1.71520559032e-05
565,5.88170413851e-05
566,0.014594789116
567,8.20256519718e-05
568,4.99080319292e-05
569,8.95317150014e-05
570,2.87469032579e-05
571,3.90938280169e-05
572,9.30134473642e-06
573,0.00972512595399
574,0.0368045941202
575,0.00684103344823
576,0.0306630727437
577,0.0262477200287
578,0.00550020624692
579,0.00164184632284
580,3.74381829538e-07
581,0.0113435538528
582,0.00450131976254
583,5.08152475088e-05
584,1.04096418402e-05
585,2.27170167513e-05
586,2.85105668607e-06
587,0.000183843416215
588,0.0342145695795
589,0.00191227914901
590,0.0369911524
591,1.26920738388e-05
592,0.0256607459924
593,2.14641027632e-05
594,2.50543499836e-08
595,0.00549845732163
596,0.00745818216497
597,0.00124376677362
598,0.000629478655811
599,0.00258436527994
600,0.00809599860218
601,0.0112831689749
602,0.00224680954358
603,2.11893304314e-06
604,6.94338414148e-06
605,0.000455843420982
606,0.0104836526229
607,4.53081062446e-06
608,0.00758692547092
609,2.35568279727e-06
610,6.7485113453e-07
611,6.26449345088e-05
612,0.517454085892
613,5.94687634978e-05
614,0.211449960107
615,0.00341186631926
616,5.95275506621e-06
617,0.00319480202668
618,0.0120014303076
619,0.000159426827802
620,0.00515169920657
621,0.00118971099368
622,0.00448889883564
623,4.2243081183e-05
624,0.0123209057507
625,0.0101343524369
626,5.95274969939e-06
627,3.87718691836e-05
628,0.00352554411865
629,0.00752839719121
630,7.3760296011e-05
631,0.0211302129744
632,0.00342171841843
633,0.0401681999737
634,2.53495276881e-05
635,3.38199395501e-05
636,0.0068339261086
637,2.09846469496e-06
638,0.0065349730545
639,0.0377807408432
640,2.33719954289e-05
641,0.00409585990136
642,2.82614564484e-06
643,4.86631791985e-05
644,0.00581107176077
645,0.00109838842705
646,2.574861766e-05
647,5.95274433213e-06
648,0.00312088658223
649,5.21090122449e-05
650,0.00755132826554
651,0.0308709428439
652,5.95273896531e-06
653,5.95273359938e-06
654,0.0309068922826
655,0.0332077172904
656,5.95272823256e-06
657,0.00702787213455
658,0.0036577456667
659,5.95272286574e-06
660,0.000104805684853
661,0.0324156646887
662,0.0227302088055
663,3.35288464992e-06
664,0.0065342345044
665,0.0352059892963
666,0.00267886018478
667,2.60524548362e-06
668,2.82170927313e-06
669,0.0423118897328
670,5.95271749937e-06
671,0.00561266303633
672,0.0213050078281
673,4.84758727453e-05
674,3.95248298524e-05
675,0.000109962210824
676,0.00013113688564
677,0.0118639782956
678,0.00289578045439
679,4.05797278381e-05
680,1.68122871802e-06
681,0.0132565113902
682,0.670101684229
683,1.42069146136e-06
684,0.000159210278049
685,9.80767838153e-05
686,0.0176389686767
687,0.000105897867321
688,7.48259326444e-08
689,0.00426146492027
690,0.00474261344721
691,5.95271213255e-06
692,0.00363643141397
693,5.95270676707e-06
694,5.5807381805e-05
695,5.95270140025e-06
696,5.95269603387e-06
697,4.62301340409e-06
698,2.86963009e-06
699,0.0040848315749
700,5.74424932125e-05
701,0.00398551912773
702,0.00739615917331
703,0.107679844408
704,4.82191040374e-07
705,0.017776378317
706,0.0325506474581
707,1.54494049606e-06
708,2.96568802163e-06
709,0.00305063555156
710,0.000529116920355
711,0.00689720580733
712,0.000298133165438
713,3.26088738027e-05
714,0.0358542006669
715,0.00892417901281
716,2.56746865457e-06
717,5.95269066794e-06
718,3.2264406819e-06
719,5.40626508538e-06
720,0.0114556318311
721,0.00533728025177
722,0.0139590633542
723,0.00862304740412
724,1.53029486571e-06
725,2.83850888638e-06
726,0.000161790571929
727,0.00205780743538
728,0.0138046635842
729,2.94523778565e-05
730,0.0109036043818
731,3.51093763507e-08
732,2.84023912811e-06
733,0.00826473491808
734,0.220523937497
735,0.0190450074404
736,0.0108492534949
737,1.41906869539e-06
738,0.0308817032168
739,0.000527211741132
740,5.43762012111e-05
741,0.0119639925127
742,0.0670642905778
743,9.16140283636e-07
744,0.0143886982182
745,6.37677196158e-07
746,0.000543262817761
747,5.62721840801e-05
748,6.48775513867e-08
749,0.0376516517771
750,0.000519007132831
751,0.00952355630999
752,0.000985297971446
753,8.68944982336e-05
754,0.0142056477649
755,1.10133557202e-05
756,0.00039375317053
757,0.0108240872061
758,3.08919641612e-06
759,0.0226451604501
760,0.00214017732686
761,0.000146312594318
762,0.00248180154618
763,0.00744382099214
764,0.00500107567383
765,0.00275647691633
766,0.00812544870491
767,0.00998181490814
768,0.00873130651817
769,0.0119765143246
770,0.00581378299099
771,0.000860732867214
772,2.82005309238e-06
773,0.00385113530046
774,2.6422795818e-06
775,3.60378590973e-05
776,0.0471680728771
777,0.00488086627072
778,0.281519516193
779,0.0065425711662
780,0.00882045425107
781,0.00104480149552
782,3.01811268111e-05
783,4.06556631887e-05
784,0.00606151234666
785,0.00195110043115
786,0.00047767637031
787,0.255250647784
788,0.000125088877303
789,0.00521609888597
790,0.0025035157644
791,5.0680429578e-07
792,0.0815978749254
793,0.000739477319476
794,5.95268530201e-06
795,7.56903081045e-08
796,0.000143486106461
797,0.000560660011556
798,0.00358976734619
799,0.0859985379246
800,0.000333184933397
801,0.00342975488301
802,7.5946482217e-07
803,0.00561901171345
804,4.9377995115e-07
805,0.0020501195958
806,6.85610958023e-05
807,0.000220682208344
808,5.40035193355e-05
809,0.0117741701644
810,0.00455598885788
811,0.00879143762807
812,0.00947302130724
813,2.89476010451e-06
814,9.99706964229e-06
815,4.66448315703e-06
816,0.00762093700823
817,0.00208871509863
818,0.0146647899861
819,2.63219158469e-07
820,0.00598518114692
821,0.000176954539942
822,0.0107092357889
823,0.00758757449714
824,2.68583539303e-05
825,2.8443315557e-08
826,3.59999675909e-05
827,0.378731231379
828,6.24441551784e-06
829,0.00117424779361
830,0.00208285773926
831,0.00811805182974
832,0.00449742548915
833,1.54771585592e-06
834,5.85363116527e-05
835,0.00225945602475
836,5.95267993519e-06
837,5.95267456882e-06
838,4.35061720434e-05
839,1.74357435245e-06
840,5.69375432978e-05
841,0.00735079486666
842,0.00344549853797
843,5.03616137004e-05
844,0.00229726717678
845,0.000298636011044
846,3.04138477425e-06
847,0.0225858771863
848,6.4429253081e-05
849,4.32467678699e-05
850,0.00259906867357
851,2.81061138718e-06
852,0.00396520997155
853,2.35944693117e-06
854,0.00343144356129
855,0.0893394068135
856,2.31301939282e-07
857,0.0571503841619
858,3.86516067706e-05
859,6.56361325391e-05
860,1.82391785597e-06
861,0.000722050512054
862,0.0154942949865
863,0.0384045205248
864,0.00465105509431
865,0.00204495029658
866,5.95266920334e-06
867,0.00784370193966
868,0.0383251233474
869,5.95266383696e-06
870,0.00454243065222
871,0.000676070508017
872,0.0696358534095
873,1.5115686769e-05
874,0.000952127818154
875,0.000384606144701
876,3.4531957191e-05
877,0.011325535123
878,2.20161087976
879,0.00384417422977
880,0.0192929511337
881,0.000198625881863
882,0.0029570550526
883,0.0048491435661
884,0.000208076312624
885,9.13591072516e-08
886,0.00274193428123
887,0.114137530176
888,2.80916238427e-06
889,0.109213824597
890,0.0063454355413
891,0.092322755357
892,7.16374373624e-05
893,0.00555478754607
894,0.000644826467883
895,0.00588554461277
896,0.00925060411295
897,9.4242847215e-07
898,0.000180493648145
899,0.00464808099352
900,0.00112343621388
901,0.0287769261926
902,9.95390376546e-05
903,0.0263500537554
904,0.00016208501762
905,0.00188150799242
906,0.00263338474018
907,0.133631213038
908,2.83583552653e-05
909,0.0125596433413
910,0.000558337314122
911,0.0177381090091
912,1.20870184308e-05
913,0.000236548735212
914,0.0204275050194
915,0.00470815514904
916,4.2707910469e-05
917,5.95265847148e-06
918,5.11506536149e-06
919,3.49747347173e-06
920,0.00295081284512
921,0.0982439430993
922,0.00673596147714
923,5.13708769965e-05
924,0.00159351133404
925,0.00311727690155
926,5.95265310555e-06
927,0.00278920806603
928,0.00103772193739
929,7.43587878327e-05
930,0.000121908136459
931,2.61789656531e-05
932,0.004769262713
933,0.0108620197511
934,0.000233561344475
935,0.000814910775161
936,0.000260468582874
937,5.32845829786e-08
938,6.22291060643e-06
939,8.93739956135e-05
940,0.0184687177496
941,3.52468217102e-06
942,0.00214098923709
943,2.81231962762e-06
944,0.00140387836369
945,0.00226889353853
946,0.0089679442923
947,4.70138625946e-09
948,0.0973382350757
949,0.00229490235364
950,7.52738690046e-07
951,6.63968026017e-05
952,0.00226755216341
953,0.000130692612816
954,8.50843761565e-05
955,3.42007088985e-05
956,0.023386870891
957,0.000229312317524
958,2.79881144016e-06
959,1.40627792944e-06
960,0.186254039524
961,0.0944727320487
962,0.00217896628404
963,0.000582764313842
964,7.83043361514e-05
965,1.12413014985e-06
966,0.00481200552938
967,0.00198646425843
968,6.58944421077e-05
969,0.000238314403067
970,0.01805818871
971,0.000576587697359
972,0.00188272964637
973,0.0219920492342
974,0.0395851715494
975,2.09554861108e-06
976,3.8876152102e-06
977,2.79124411251e-06
978,0.00626570552044
979,0.000343621302839
980,5.95264773873e-06
981,0.00601715289854
982,0.00470203967378
983,0.000125276518224
984,0.00100070566511
985,0.00131896353923
986,0.00392999648293
987,2.92132387614e-07
988,5.95264237369e-06
989,0.103696033079
990,0.00221066048082
991,4.51877700361e-06
992,0.00250135602367
993,0.00530737333095
994,5.35747503489e-05
995,5.95263700731e-06
996,0.00798733252744
997,9.47818463715e-08
998,0.0830822966918
999,0.00063080094952
1000,0.00340471506773
1001,4.27808964994e-05
1002,0.00798113594906
1003,0.0810917362138
1004,0.0138061122885
1005,0.000274025264103
1006,0.00154762290058
1007,0.000225381887049
1008,0.188970750945
1009,0.00426641590664
1010,0.00167592266525
1011,0.00150440000458
1012,1.31596582259e-06
1013,3.65292083693e-06
1014,0.00170902952433
1015,0.0135722970451
1016,1.89248485148e-05
1017,0.00167589690792
1018,5.95263164138e-06
1019,0.00090328104031
1020,0.00186929746462
1021,7.20426716838e-05
1022,0.00614146901464
1023,0.00363016570171
1024,0.107590473675
1025,0.0531270846354
1026,2.88015689816e-05
1027,0.0278367199463
1028,5.34292298596e-05
1029,0.0403662085532
1030,2.40373726967e-06
1031,0.00312033380943
1032,0.00291663876343
1033,5.1148030776e-08
1034,0.0158649872023
1035,2.78083900795e-06
1036,0.0304481731291
1037,4.19149980502e-06
1038,0.000111149861239
1039,0.000197605981315
1040,2.80112703566e-06
1041,0.0191274255074
1042,0.00106609069056
1043,0.00040337915948
1044,4.88062679986e-05
1045,0.000446746354942
1046,0.00502459953532
1047,0.00116365054431
1048,4.56449446481e-06
1049,0.0942761421275
1050,0.00673226112404
1051,0.00391353967698
1052,3.83033840645e-06
1053,0.00350193192764
1054,6.44718664471e-05
1055,0.000188034982341
1056,3.81119730991e-05
1057,6.86034430153e-07
1058,1.76532972243e-05
1059,2.63250234767e-06
1060,0.0211008577658
1061,5.8640989975e-06
1062,0.00242376675977
1063,5.9526262759e-06
1064,5.95262091041e-06
1065,0.0316701048456
1066,0.06767508198
1067,0.00329248096379
1068,2.64836818135e-08
1069,0.00173280573168
1070,5.95261554492e-06
1071,1.13315417322e-06
1072,6.37973323475e-05
1073,0.000103154096206
1074,0.0075848830686
1075,0.000274552356102
1076,0.00902139342218
1077,0.00765082792362
1078,0.17375821452
1079,0.000734916473945
1080,0.0143982348816
1081,4.26185784659e-05
1082,0.146468876599
1083,0.000220350403782
1084,0.0108488549415
1085,2.78650930796e-06
1086,1.85728953148e-07
1087,9.42061531894e-07
1088,5.95261017944e-06
1089,0.00126479085059
1090,0.0273201401205
1091,0.0300219108905
1092,0.00352304615467
1093,5.95260481306e-06
1094,0.0134609472005
1095,0.00322203738122
1096,9.32188826948e-05
1097,0.0557533793438
1098,5.34171381624e-08
1099,0.00125113018122
1100,3.70166641731e-05
1101,0.000142059175416
1102,0.0979329969869
1103,0.00727922688307
1104,0.0118343886017
1105,0.0232526806668
1106,1.47231986298e-05
1107,0.000190120465377
1108,5.95259944802e-06
1109,2.5814245682e-05
1110,0.0146900517764
1111,0.00992905713374
1112,9.59623646449e-08
1113,0.0857601594993
1114,0.00141408244949
1115,0.00208513326491
1116,0.00256428327987
1117,1.93836461167e-07
1118,0.000106242607253
1119,5.38231531255e-06
1120,0.0139812321279
1121,0.0100317523249
1122,0.0237030895323
1123,0.000643528245736
1124,0.00334052368413
1125,0.00744288237526
1126,0.00910453838116
1127,0.00229338814472
1128,3.00766988468e-05
1129,0.00204504715782
1130,0.01734993027
1131,0.0193396767449
1132,0.00496259289219
1133,3.72203697368e-05
1134,0.0154729913162
1135,0.00410649600672
1136,0.00075505013671
1137,0.0018298724233
1138,5.95259408254e-06
1139,2.76630453144e-06
1140,0.0161110740167
1141,9.11430366323e-05
1142,0.00264999085594
1143,0.000959068253555
1144,0.00261667570449
1145,4.44426588926e-07
1146,1.44875607409
1147,0.0205769245893
1148,3.41820601871e-05
1149,9.73703599922e-05
1150,0.000972334151247
1151,0.000244521890391
1152,0.0141331756431
1153,4.27473878943e-05
1154,4.43383105231e-08
1155,0.0103087951243
1156,2.24167941761e-08
1157,3.55105501279e-05
1158,1.00920931492e-05
1159,0.0391535824061
1160,0.000117667760321
1161,5.98354336758e-05
1162,0.000110517454984
1163,0.000910086801418
1164,0.00274283331935
1165,0.00116572416446
1166,0.00444484726323
1167,0.0135060598107
1168,2.61277942604e-05
1169,0.00490846645574
1170,0.00302887167913
1171,1.31900001542e-06
1172,0.000104105131363
1173,0.00827762267576
1174,0.000750203906619
1175,0.000307607665373
1176,0.00137352068266
1177,0.00190417453254
1178,5.95258871705e-06
1179,0.00678700729443
1180,5.95258335157e-06
1181,1.19440075097e-06
1182,1.11894893303e-07
1183,0.00343431616405
1184,2.76395906318e-06
1185,0.00577459566079
1186,0.00445362800854
1187,0.108288478824
1188,3.6272703676e-05
1189,0.00249511941187
1190,0.00155358538363
1191,1.26058453276e-06
1192,8.18279698667e-07
1193,9.3413232898e-05
1194,2.78175061696e-06
1195,4.1034045857e-05
1196,1.31318707254e-06
1197,5.271508563e-09
1198,0.00528961296339
1199,8.63268444437e-08
1200,0.00772311088485
1201,2.49178024534e-05
1202,0.00566817160063
1203,3.99251316339e-06
1204,4.06300768205e-05
1205,0.0684679272126
1206,0.00331725366712
1207,2.78292124856e-06
1208,9.10669523084e-05
1209,0.000512433075913
1210,0.452472528402
1211,0.000118392292695
1212,0.0135659862971
1213,0.00384249192352
1214,0.00334199231898
1215,7.1785512855e-06
1216,0.00167150279435
1217,1.03948858238e-06
1218,5.95257798652e-06
1219,0.00211653881637
1220,0.0124944449604
1221,0.0282288474755
1222,0.000180718934331
1223,3.95534101738e-06
1224,0.00605497606112
1225,0.000728921872773
1226,5.95257262104e-06
1227,2.0863940461e-05
1228,2.82425287423e-06
1229,0.00248597815223
1230,7.43695519642e-05
1231,0.000248761374943
1232,3.72161012909e-05
1233,0.00283672813829
1234,0.00226904017774
1235,1.77854660221e-05
1236,3.55600006905e-05
1237,0.00876503188217
1238,0.00527041143849
1239,0.00855041035027
1240,1.70137092237e-06
1241,1.04773929088e-07
1242,1.06836101399
1243,0.00285354502426
1244,4.71470685541e-05
1245,3.0487333112e-05
1246,0.000365986148947
1247,0.003900572999
1248,2.49248222312e-07
1249,2.57048121191e-07
1250,5.56854530257e-06
1251,0.000550980612385
1252,3.46885684024e-07
1253,5.95256725555e-06
1254,2.76226721541e-06
1255,2.76424700818e-06
1256,1.21071350057e-07
1257,0.00232598512765
1258,0.00268991904355
1259,6.8735305625e-07
1260,5.95256189007e-06
1261,1.53043914253e-06
1262,0.00133894150258
1263,5.95255652502e-06
1264,9.266265526e-07
1265,0.00545808075253
1266,3.98886543262e-06
1267,0.000503566322489
1268,0.00230275310844
1269,0.00245453436773
1270,6.44362547978e-05
1271,0.00200951245962
1272,0.00310643350421
1273,5.95255116043e-06
1274,0.00181440719691
1275,0.00188020561416
1276,0.000394259549166
1277,5.73343343635e-08
1278,1.31491561112e-07
1279,0.00382864610601
1280,9.11474615085e-05
1281,0.00106439115858
1282,6.81931788768e-05
1283,3.21774820363e-05
1284,3.96067281372e-06
1285,0.352786017058
1286,0.247799325545
1287,0.0027086891322
1288,1.39008875255e-06
1289,6.38729956211e-05
1290,0.00205043777328
1291,1.636246194e-05
1292,2.8799304252e-05
1293,2.36586059996e-05
1294,0.00368140990337
1295,0.000826778919603
1296,7.06685507549e-05
1297,0.00457134552758
1298,8.38546070475e-06
1299,0.000106513944681
1300,0.000129245409615
1301,0.00369822605804
1302,1.41247058671e-05
1303,1.02591502029
1304,0.0019744173577
1305,0.0042221166984
1306,0.00501148440766
1307,2.42163429867e-06
1308,2.71738554658e-06
1309,0.00624177088662
1310,0.000438036369378
1311,6.36689486945e-05
1312,3.69920447468e-07
1313,3.82481487787e-07
1314,5.95254579405e-06
1315,0.00337014837009
1316,2.46749452741e-05
1317,2.71890995229e-06
1318,3.92469768566e-05
1319,0.000253570342255
1320,0.00442516799121
1321,2.72084726127e-06
1322,5.95254042901e-06
1323,0.977539188222
1324,0.0394562516046
1325,2.15167559059e-06
1326,3.54839608985e-06
1327,0.00251696779332
1328,1.52675006971e-05
1329,2.90907613137e-07
1330,8.3597122564e-05
1331,4.79691842337e-06
1332,2.83279159458e-06
1333,0.0107526577436
1334,0.00595644997215
1335,5.95253506441e-06
1336,0.000443833800184
1337,5.95252969937e-06
1338,0.0933934331106
1339,0.00127506733453
1340,0.00384986394441
1341,0.000438045810679
1342,3.72164475931e-07
1343,3.91016535062e-06
1344,1.76747502945e-06
1345,0.00158629482828
1346,5.80168485445e-05
1347,5.95252433522e-06
1348,0.00384858745561
1349,5.95251897018e-06
1350,2.71994810518e-05
1351,2.72725919684e-05
1352,0.00159482576984
1353,0.00365506032782
1354,0.000111332604313
1355,1.49259813846e-05
1356,5.9496422207e-05
1357,3.97853319184e-06
1358,2.79653387025e-06
1359,0.000181914327848
1360,0.00208287514024
1361,0.00147384566536
1362,4.38494353769e-06
1363,1.7644073715e-05
1364,2.69128825892e-06
1365,2.69401354402e-06
1366,0.00380585459349
1367,6.50425459898e-05
1368,0.0013140845777
1369,0.00052387638496
1370,0.00304186610403
1371,0.00492102030502
1372,0.000592399044509
1373,0.00273111193034
1374,0.000232230241471
1375,4.16526024072e-06
1376,0.00326450272221
1377,2.67901065842e-06
1378,0.00648432414153
1379,2.6869670735e-05
1380,0.108269555675
1381,0.00011126378729
1382,0.00477089988165
1383,0.00328486015613
1384,2.69286573951e-06
1385,2.69556295041e-06
1386,0.000448582884185
1387,0.00207421775737
1388,1.4589367497e-06
1389,3.79621534163e-06
1390,0.000106140346989
1391,0.00180407282021
1392,0.000243129437932
1393,0.00368565472969
1394,0.00293218770296
1395,0.00331751373881
1396,3.3216119979e-06
1397,4.63568150047e-05
1398,8.62157590377e-05
1399,0.00371990516543
1400,0.0164048538189
1401,8.2170578137e-06
1402,4.02515322906e-07
1403,0.00128339296219
1404,0.00914856237843
1405,4.32461964516e-05
1406,0.00565576046762
1407,0.00811471894822
1408,0.00376568023104
1409,0.00258675754133
1410,0.000505704006668
1411,7.11547059737e-05
1412,0.0530064565497
1413,2.67003645171e-06
1414,0.00601952703932
1415,0.00386382963034
1416,0.00705071532322
1417,0.00291324223127
1418,0.00194995103653
1419,0.00450014509793
1420,0.00177542179381
1421,0.00152577207532
1422,0.00237976861903
1423,0.00520731953236
1424,0.000161247453928
1425,0.000432720723858
1426,0.00677114763935
1427,0.00409265695518
1428,2.16870781657e-05
1429,0.260605247322
1430,0.00280838854308
1431,0.00390109552274
1432,0.00371305301998
1433,0.000304766219986
1434,0.00553772121559
1435,6.41386618783e-05
1436,1.6877078549e-05
1437,0.00977364716156
1438,0.00199028837424
1439,1.30221069261e-07
1440,0.000293487884116
1441,0.00045011787782
1442,0.007076444628
1443,5.95251360558e-06
1444,0.0023318624899
1445,4.13289475087e-06
1446,7.34780013917e-07
1447,0.00011379477182
1448,0.00122416077441
1449,0.00113814929792
1450,8.54746559563e-05
1451,1.22846036157e-05
1452,0.00186318853538
1453,5.42071019268e-05
1454,0.000615249714341
1455,0.00351890499575
1456,0.00930248946078
1457,0.000930764646289
1458,3.41838078066e-07
1459,0.00483211132809
1460,1.9746056763e-06
1461,0.00792352747493
1462,3.88376347721e-07
1463,6.80689375653e-05
1464,0.000150636481738
1465,0.00442630673302
1466,3.66460585843e-06
1467,6.97837459429e-07
1468,0.00541368629762
1469,0.00172652809379
1470,0.0017211717192
1471,0.00162023232689
1472,4.24173684355e-06
1473,2.69244068855e-05
1474,1.69386650128e-06
1475,0.00177364549327
1476,0.00788118331305
1477,1.34813398298e-05
1478,0.00116622250205
1479,0.000417605940047
1480,1.22562247588e-05
1481,2.67583093305e-06
1482,0.000155046290933
1483,0.00223351143537
1484,3.19013966332e-05
1485,6.68740331944e-07
1486,1.9933860097e-05
1487,5.95250824009e-06
1488,0.000256641709783
1489,2.67960754008e-06
1490,0.00019724571924
1491,0.0700930769513
1492,0.00214650633775
1493,7.34194323115e-08
1494,0.00741637222442
1495,5.95250287549e-06
1496,0.00241477732334
1497,0.00113545871005
1498,0.00453404268865
1499,8.8518050473e-05
1500,0.00364857232083
1501,0.00122965741998
1502,0.00305963552793
1503,1.17205701464e-05
1504,0.0626622995
1505,0.000360307604474
1506,0.00625661736803
1507,0.00398759808913
1508,2.0678053918e-06
1509,0.002683155096
1510,0.0160500012997
1511,0.00246672848467
1512,0.000976308867314
1513,7.4069319006e-07
1514,0.00131556809744
1515,1.44719442741e-06
1516,0.00141857746415
1517,1.10305320855e-06
1518,0.00295313392025
1519,0.000191163234822
1520,0.000443569160882
1521,0.00162450824919
1522,0.000259986858476
1523,0.000741454662827
1524,0.00476025036122
1525,0.00775164094408
1526,0.00124503453477
1527,0.000777146413384
1528,0.00189881988226
1529,0.00118401216054
1530,0.000811456043905
1531,0.000130190576725
1532,0.00136231486795
1533,0.004313327452
1534,5.42280194082e-08
1535,8.66839929735e-05
1536,0.00156391944218
1537,0.0021893561291
1538,0.650349877128
1539,0.00395851804
1540,0.000706374039039
1541,0.000103915845785
1542,0.00155543123503
1543,0.000293083311094
1544,0.00204283207026
1545,0.00398389820966
1546,0.00647611314217
1547,5.37966031749e-07
1548,0.402470080289
1549,6.63992221539e-07
1550,9.08710809534e-05
1551,0.00341023690702
1552,3.82060645876e-06
1553,1.62901025015e-05
1554,0.00109174516666
1555,0.0162928632932
1556,1.43540901661e-05
1557,5.9524975109e-06
1558,0.00546516476452
1559,4.40147910732e-06
1560,9.8661196281e-05
1561,0.0072942424043
1562,2.37087551036e-07
1563,0.0026631727604
1564,0.00186133119554
1565,0.00204029921275
1566,0.00687503753074
1567,0.000149042946626
1568,0.00262612883981
1569,2.14153684386e-06
1570,0.0170884825448
1571,0.000720278668708
1572,0.00398036556386
1573,6.7679091355e-05
1574,0.00166478488834
1575,6.61752532096e-05
1576,5.19845438113e-07
1577,0.000464422322357
1578,4.62253565678e-05
1579,5.95249214586e-06
1580,0.000229212991635
1581,0.00185773937288
1582,8.18739328254e-06
1583,0.00189648231207
1584,7.09880500688e-07
1585,7.74262258743e-05
1586,0.00223019886182
1587,0.00327696714463
1588,0.000155937539939
1589,9.25332692683e-05
1590,0.0102454448172
1591,2.57250780056e-06
1592,1.06688718393e-06
1593,4.8001476205e-07
1594,0.00109444709182
1595,0.00104383263494
1596,4.86311476111e-05
1597,6.26914767655e-05
1598,0.00264997511283
1599,1.72412055187e-05
1600,0.000525048929709
1601,3.66103393645e-06
1602,0.00116186789434
1603,2.69051318624e-06
1604,5.95248678215e-06
1605,6.09710520821e-05
1606,5.95248141666e-06
1607,5.95247605206e-06
1608,4.25207255352e-05
1609,0.00305941039425
1610,2.67726796809e-05
1611,0.00381602899107
1612,1.99901792813e-05
1613,0.0449718010635
1614,0.00308496978283
1615,0.00275487088571
1616,8.18849118795e-05
1617,6.21265026021e-06
1618,5.95247068835e-06
1619,0.00177522538813
1620,0.00683586630521
1621,1.26763855656e-05
1622,3.96839007155e-07
1623,0.00675465431922
1624,4.04148255917e-07
1625,0.0036321968632
1626,1.3255188121e-05
1627,0.00104531826399
1628,3.4473173335e-05
1629,7.17600783601e-07
1630,0.000975153825849
1631,0.00295751291604
1632,0.00155176715419
1633,0.00383024751748
1634,0.00519929849897
1635,3.48281688879e-05
1636,0.00225653445469
1637,0.00147567587629
1638,0.00215054399725
1639,0.000295457547361
1640,0.000727642412179
1641,0.00350390267588
1642,0.00414777737245
1643,0.00278580104431
1644,4.98758747732e-05
1645,5.61588604471e-05
1646,0.00189814807146
1647,3.47776869791e-05
1648,5.95246532331e-06
1649,7.70125154925e-07
1650,0.00026372668142
1651,2.3646858951e-06
1652,0.00394829468623
1653,2.68690177374e-06
1654,0.00303848045988
1655,0.121942410457
1656,0.0383937861368
1657,0.00488184584425
1658,2.6657919312e-06
1659,1.13517744478e-05
1660,5.95245995871e-06
1661,0.011055990452
1662,4.19693417797e-08
1663,2.08056761717e-05
1664,6.58401922001e-05
1665,0.00734451521128
1666,0.00100515810008
1667,0.00135615561059
1668,1.54675157626e-07
1669,3.17942879832e-05
1670,0.00902393210927
1671,0.000102789006401
1672,1.32737160066e-05
1673,2.18787893951e-05
1674,0.0113435392442
1675,8.04317522532e-05
1676,4.42821901916e-06
1677,0.00958935901906
1678,0.00200914318207
1679,0.00175055390223
1680,0.00301038958915
1681,0.000635732324183
1682,1.13109923528e-05
1683,0.0249621158111
1684,2.67271321719e-06
1685,1.7628915403e-06
1686,0.00862803845767
1687,0.000624173416617
1688,0.00647025098789
1689,2.26733197498e-05
1690,1.93883523375e-06
1691,0.00160850574533
1692,0.00171988897234
1693,3.78440496608e-05
1694,0.00201284109615
1695,0.000104453883587
1696,0.00167429486211
1697,0.000928778627424
1698,2.67815904498e-06
1699,8.74976818777e-07
1700,0.000413549470791
1701,9.00300979767e-07
1702,2.25954913953e-05
1703,5.95245459456e-06
1704,0.00128400557268
1705,4.60085716057e-05
1706,0.00580314721829
1707,3.14094417408e-06
1708,8.78530157095e-07
1709,0.00358315483417
1710,0.000106745979034
1711,0.000146673402085
1712,5.95244922996e-06
1713,0.000108557104536
1714,0.000646925246406
1715,2.68371741741e-06
1716,0.000807927255761
1717,9.81708923042e-07
1718,3.54148591367e-05
1719,0.00192830886475
1720,4.00778997822e-07
1721,2.68593899722e-06
1722,0.00267632370051
1723,0.00379457940817
1724,1.79348351788e-05
1725,0.00439895401814
1726,7.99325012482e-05
1727,0.00232311253127
1728,0.000854891397732
1729,0.00398441625452
1730,0.00106319804221
1731,1.02501061711e-06
1732,4.60220456588e-05
1733,0.00192718097602
1734,3.55494635423e-07
1735,3.81964045115e-07
1736,8.38365600996e-05
1737,0.013906426162
1738,8.94945802798e-07
1739,9.10374726887e-06
1740,0.00259580302028
1741,5.52311488865e-05
1742,0.000308946579044
1743,5.95244386625e-06
1744,0.00175002509578
1745,0.000398254239531
1746,0.00216940875348
1747,5.95243850166e-06
1748,5.03187470358e-06
1749,6.74964734135e-05
1750,0.000367649851747
1751,5.45495604953e-06
1752,0.0278268261059
1753,2.44011931093e-05
1754,1.17148453083e-06
1755,0.00089490857834
1756,1.27732884631e-06
1757,6.53825537183e-05
1758,0.00309305140231
1759,0.000861200808045
1760,7.83367881948e-05
1761,3.19576540569e-05
1762,0.00457949623466
1763,0.00115935320316
1764,5.28087551988e-06
1765,0.00128545756937
1766,0.00502039812958
1767,1.63827443546e-05
1768,0.00224063413408
1769,0.0032301946675
1770,0.00136793965902
1771,5.95243313706e-06
1772,3.76777595471e-05
1773,3.66605434898e-06
1774,0.000122470707401
1775,0.00269287897391
1776,7.01734037221e-06
1777,0.0030605487854
1778,3.31763073028e-05
1779,0.000442212960769
1780,0.000127192292252
1781,0.000150567991877
1782,1.84499203429e-05
1783,0.00287478706421
1784,1.50688385442e-06
1785,0.00121293022696
1786,0.00757359322767
1787,0.00237026029743
1788,5.9524277729e-06
1789,0.00272028667985
1790,0.00560607520631
1791,5.95242240831e-06
1792,0.000998497537052
1793,0.381855383427
1794,0.000432109034247
1795,7.80813398399e-05
1796,0.00497608073336
1797,5.9524170446e-06
1798,2.68497215838e-06
1799,0.000728887192379
1800,0.000666025873603
1801,0.00257630089758
1802,7.95470691539e-07
1803,0.00274156415282
1804,0.00111088295177
1805,0.00330472582477
1806,0.00273325261991
1807,0.111149415503
1808,1.75230121191e-05
1809,0.0114820826227
1810,0.000954599007563
1811,2.87579704076e-05
1812,0.000733347549586
1813,0.000227290631435
1814,0.00275267021417
1815,9.5714711298e-05
1816,1.41195584493e-05
1817,2.67410195365e-06
1818,0.00318939073444
1819,0.000124426839106
1820,0.00326614280843
1821,0.0315486646397
1822,0.000246893620979
1823,5.95241168133e-06
1824,2.68509100487e-06
1825,0.00132888040612
1826,0.00326731601163
1827,0.000115582429805
1828,0.00242450055112
1829,0.00142171857866
1830,0.000163010318501
1831,2.71545642052e-05
1832,0.00497584157202
1833,0.00180485660379
1834,7.28394261582e-06
1835,0.001382430339
1836,1.81433219643e-05
1837,3.14617207224e-05
1838,0.00214902399485
1839,2.6744944166e-06
1840,2.68546300863e-06
1841,8.03986889992e-05
1842,0.000730600996186
1843,0.00342375854058
1844,2.67459755299e-06
1845,0.00205211224388
1846,0.00176458567114
1847,3.87744330865e-06
1848,0.00114387082689
1849,0.13171158994
1850,7.29630335115e-06
1851,6.95530975453e-07
1852,0.00589244413893
1853,5.95240631718e-06
1854,0.00163421878988
1855,0.00890583882298
1856,0.00517030744332
1857,0.0123519650496
1858,0.000451658079357
1859,5.95240095258e-06
1860,7.2845706009e-07
1861,5.95239558931e-06
1862,0.00108630549645
1863,0.002370984738
1864,0.000348541045216
1865,4.75414000695e-07
1866,0.0032477775997
1867,0.000216111834451
1868,0.000399576762735
1869,2.79465076208e-05
1870,0.00300596550258
1871,0.0419832756493
1872,0.00217238024139
1873,2.08830140043e-05
1874,7.74641458423e-07
1875,1.80246314888e-05
1876,9.46597062072e-05
1877,4.92275941077e-06
1878,4.83310564015e-06
1879,2.67597405879e-06
1880,0.00555300092598
1881,2.43537857095e-05
1882,6.22479953509e-06
1883,0.0265829567562
1884,0.000513105028847
1885,0.00195405980299
1886,0.00142418246322
1887,0.00691547275126
1888,0.0010676543922
1889,0.000808900459688
1890,0.00135940073128
1891,1.40087053431e-05
1892,1.46315249339e-06
1893,0.0145362046512
1894,0.00126467852528
1895,0.00409018581958
1896,8.9595923225e-07
1897,0.000178226374567
1898,0.000169600984971
1899,0.00475789946183
1900,5.95239022516e-06
1901,7.29084019491e-07
1902,5.83471491983e-05
1903,0.000935648954679
1904,0.00165001408337
1905,5.39301058827e-05
1906,6.04779047216e-05
1907,5.9523848619e-06
1908,0.00106927483668
1909,0.00060962703609
1910,2.37963655472e-05
1911,1.05530269856e-07
1912,0.00234260612753
1913,0.00116092069926
1914,0.00519213821978
1915,8.22349408058e-06
1916,0.000808000450667
1917,0.0311317426251
1918,1.16570003919e-06
1919,0.00149335274699
1920,0.00304089352894
1921,0.00471589679502
1922,0.00178766101027
1923,2.82942876272e-05
1924,1.54283302756e-06
1925,0.00634864430595
1926,0.00229136888864
1927,0.00322754247538
1928,5.95237949774e-06
1929,0.0287071541764
1930,3.09428049039e-05
1931,0.00245344403269
1932,5.99592466035e-05
1933,5.95237413403e-06
1934,0.0107582271509
1935,0.000235779008866
1936,6.96136606748e-07
1937,0.000160473611017
1938,2.58223809587e-05
1939,0.00622045291394
1940,6.75239510611e-07
1941,0.0041106809934
1942,0.000746525411106
1943,1.21162001981e-06
1944,0.000638248682951
1945,4.2451101544e-06
1946,4.64284499113e-06
1947,0.0496946324245
1948,0.00149217349602
1949,0.00367159142405
1950,3.56700940537e-05
1951,0.00177486721574
1952,0.000597561123686
1953,7.13319747962e-05
1954,0.00287149889038
1955,0.00084743814554
1956,0.00196622810132
1957,2.09385296746e-06
1958,5.95236876988e-06
1959,0.000693947984091
1960,5.95236340661e-06
1961,0.00338756237305
1962,3.15985523157e-05
1963,1.49924476873e-05
1964,3.67934324144e-06
1965,0.00911877199567
1966,7.93034995061e-07
1967,2.67546731902e-06
1968,5.95235804246e-06
1969,1.14080163907e-06
1970,2.67675234622e-06
1971,0.82653628453
1972,0.0106853616917
1973,5.18473219469e-06
1974,5.95235267919e-06
1975,0.00431818294232
1976,5.95234731549e-06
1977,9.1160661192e-07
1978,2.1978266809e-05
1979,0.00322903163604
1980,0.000917716952475
1981,8.35340359057e-06
1982,0.00132060107975
1983,0.0163443234493
1984,8.62374383459e-07
1985,0.00356028940698
1986,0.000171115376351
1987,2.30078482181e-05
1988,0.000709069784543
1989,0.0157661313645
1990,1.21890843996e-06
1991,5.95234195266e-06
1992,0.000116078517633
1993,0.0104753407285
1994,0.00449600391814
1995,0.00976035930104
1996,0.00123195247817
1997,0.00987452034722
1998,0.00259298808892
1999,9.85874883841e-07
