0,4.01660760423
1,0.279177793741
2,0.175522290529
3,0.520330822443
4,0.583562177406
5,1.20059968859
6,1.04637235943
7,0.10529553028
8,0.0800015793223
9,0.367359132798
10,0.118149418698
11,0.0
12,0.241596031568
13,0.141647807581
14,0.0165116901503
15,0.0499713957517
16,0.0819036921969
17,0.0339648846693
18,0.176062827834
19,0.0618829973109
20,0.0153295033164
21,0.0186256214794
22,0.0320481949314
23,0.0254103855001
24,0.0571900990014
25,0.0554841807775
26,0.0608585538468
27,0.0680939855158
28,0.0
29,0.0513889003044
30,0.0421847580496
31,0.0581814049082
32,0.0479783017199
33,0.0216938039288
34,0.0559084213949
35,0.0540739116763
36,0.0223518134544
37,0.0365092957431
38,0.0177024763884
39,0.0355299544443
40,0.0551597994644
41,0.0192326025769
42,0.0192178977562
43,0.0161119743341
44,0.0374493817554
45,0.0
46,0.0106431001096
47,0.0111379471311
48,0.0165976087809
49,0.0232210852048
50,0.0233442779548
51,0.0507416564926
52,0.012063648007
53,0.0187381914137
54,0.0138803215938
55,0.0260759965672
56,0.0187902357758
57,0.0682425789365
58,0.0
59,0.0477937731461
60,0.0460797721672
61,0.0172263004591
62,0.0215572182796
63,0.0296472364923
64,0.0120680380243
65,0.0382956935119
66,0.0268408185039
67,0.0
68,0.0240789908662
69,0.0245055157019
70,0.00988457478829
71,0.00921309309768
72,0.0466037947643
73,0.0155406412296
74,0.0154591477861
75,0.00949840209216
76,0.00981787851069
77,0.00996434569894
78,0.0236449524788
79,0.011535092978
80,0.0282820532994
81,0.0479227953443
82,0.0570589312337
83,0.0138427059743
84,0.0218281651856
85,0.00997053832935
86,0.00753745636281
87,0.0
88,0.016022408585
89,0.0119771392001
90,0.0081605880017
91,0.0232559790361
92,0.0140458382821
93,0.0149809093142
94,0.019949847777
95,0.00737670662211
96,0.0332352790377
97,0.00646603816694
98,0.0261801848411
99,0.0103802059201
100,0.0
101,0.0117328566372
102,0.00747666420402
103,0.0514664815674
104,0.0
105,0.00810842543256
106,0.0
107,0.0286673119588
108,0.0171014432222
109,0.00782591233043
110,0.00866134728695
111,0.0
112,0.0
113,0.0093509442456
114,0.014055943846
115,0.0119982285113
116,0.0113882989682
117,0.0155875776688
118,0.00546962776611
119,0.0159530730713
120,0.0177761658633
121,0.00844669070853
122,0.00770203130119
123,0.00602781038152
124,0.00436180404172
125,0.0131106885343
126,0.0125381362874
127,0.00404958304437
128,0.0103764266504
129,0.0136655474735
130,0.0174365098321
131,0.0105151155878
132,0.00769977508662
133,0.00557915571495
134,0.0065217888399
135,0.00741014105459
136,0.00603864930621
137,0.00665808639316
138,0.0140315909987
139,0.00737393338438
140,0.0074585182649
141,0.0
142,0.0153764552577
143,0.00926935020602
144,0.0181313877727
145,0.0112609473935
146,0.00424861537454
147,0.00493921209795
148,0.00507610132711
149,0.0
150,0.0084764470256
151,0.0
152,0.00837254676632
153,0.0173688844824
154,0.00935778003241
155,0.00533424545645
156,0.00566294950168
157,0.016191519734
158,0.00511877247306
159,0.00534776178918
160,0.00767010112384
161,0.00657539930808
162,0.00582992752729
163,0.00850876305624
164,0.00504062368443
165,0.00502903001174
166,0.00364576297314
167,0.00481337186297
168,0.0097372355935
169,0.0111875243108
170,0.00368622384748
171,0.00628130748672
172,0.0160474395137
173,0.0161511836432
174,0.0149196464542
175,0.00412076792286
176,0.0047001973147
177,0.00433642721228
178,0.00854904997479
179,0.00933430046027
180,0.00336226889176
181,0.0101114830908
182,0.0102760817636
183,0.00535032024706
184,0.00888450859276
185,0.00482554313103
186,0.00452735330998
187,0.00416911829686
188,0.00755006832099
189,0.00627766739558
190,0.00609738472946
191,0.00419502236272
192,0.0149811291668
193,0.0066689686244
194,0.00657096513487
195,0.00965223930699
196,0.00417826147152
197,0.0126175116216
198,0.00581280581789
199,0.00479611336444
200,0.00283033708677
201,0.00703310886696
202,0.00785253913182
203,0.00319042759123
204,0.0112506006581
205,0.00406764544543
206,0.0
207,0.00722509036089
208,0.00444876110033
209,0.00688983505702
210,0.00988831391558
211,0.00340587194343
212,0.00511679185004
213,0.0
214,0.00347312556149
215,0.00716358712675
216,0.0
217,0.00784674406911
218,0.00278369816859
219,0.00422503500292
220,0.0051979609908
221,0.00849677797158
222,0.00334436829027
223,0.0101887543786
224,0.0037721262087
225,0.00557105834162
226,0.00428843525149
227,0.00300511701083
228,0.0129998084802
229,0.00585749415715
230,0.00583733878408
231,0.00370368510839
232,0.00834098316364
233,0.00860499824519
234,0.00383586519554
235,0.00297041463295
236,0.00366764038165
237,0.00524968192454
238,0.00514363746459
239,0.00568825279068
240,0.00653828029408
241,0.0140278004353
242,0.00912522491136
243,0.00744010286218
244,0.0364730968015
245,0.0027470817627
246,0.00330234533576
247,0.0251391837911
248,0.00742212864562
249,0.00338620895331
250,0.0544790401378
251,0.00799497056842
252,0.00631087026591
253,0.00233770259386
254,0.00438367953059
255,0.00312342777837
256,0.0
257,0.00262368348376
258,0.00382924802299
259,0.0115578849449
260,0.00315006103779
261,0.00402609763912
262,0.00898483806312
263,0.00202822777385
264,0.00524962363058
265,0.00278364991805
266,0.00337273953124
267,0.00407279792787
268,0.00332227643036
269,0.00617298927659
270,0.00264672261251
271,0.00825016886058
272,0.00569771125487
273,0.00375976699955
274,0.00407927217432
275,0.0
276,0.0
277,0.00513209600479
278,0.00396370640438
279,0.0
280,0.00708586968184
281,0.00290120945628
282,0.00936614618027
283,0.00520514258063
284,0.00441497702626
285,0.00576926589661
286,0.00248071035778
287,0.00728802865211
288,0.0034259490792
289,0.00417919070461
290,0.002261462387
291,0.00441261147395
292,0.00425067331619
293,0.00471107321954
294,0.00249141457407
295,0.00170371622707
296,0.00266096033009
297,0.0050361686562
298,0.00497461794434
299,0.00240172823856
300,0.00226031360775
301,0.00350455535479
302,0.00382250675461
303,0.00357814387601
304,0.00647646820246
305,0.0103920908917
306,0.0111753777513
307,0.00257616560381
308,0.00275182871545
309,0.00241075076682
310,0.0
311,0.00244088536776
312,0.00377469698311
313,0.00462702788231
314,0.00316812291291
315,0.00582255793171
316,0.00216334207776
317,0.00175544967608
318,0.00381650519293
319,0.0027864873942
320,0.00554607622049
321,0.00354354243683
322,0.00443927710473
323,0.00317471068437
324,0.0
325,0.013194036799
326,0.0170220700146
327,0.00207172725228
328,0.00480391699008
329,0.00302617439041
330,0.00473211264322
331,0.00611862317016
332,0.00335531350134
333,0.0159902739665
334,0.00242971706062
335,0.0039903857512
336,0.00290456631493
337,0.00394486958738
338,0.0
339,0.00338024023541
340,0.00449627044674
341,0.00258397976033
342,0.00253151382947
343,0.00804461590478
344,0.0
345,0.00181904137694
346,0.00286862495247
347,0.00545389972673
348,0.00522420623133
349,0.00206695467094
350,0.00493895799094
351,0.00364809040187
352,0.00266417871153
353,0.00281415898861
354,0.0
355,0.00350960811494
356,0.0
357,0.0036538214642
358,0.00232903665449
359,0.0
360,0.00842179565451
361,0.00217407623229
362,0.00270992546175
363,0.00360415035793
364,0.0
365,0.00210970927962
366,0.00222547558048
367,0.00553471263391
368,0.00242014231178
369,0.0023240902762
370,0.00204776036854
371,0.00352841593661
372,0.00303133036449
373,0.00373976160288
374,0.00252630259189
375,0.0
376,0.0
377,0.00212296484223
378,0.0054891047914
379,0.00216309155446
380,0.00363869327046
381,0.00386841851667
382,0.00223472521518
383,0.00681039312032
384,0.00175210483781
385,0.00242202880013
386,0.0045496106196
387,0.0047667280126
388,0.00510420753611
389,0.00321433368607
390,0.0032447873493
391,0.00183412899743
392,0.00448069434145
393,0.00155975700047
394,0.00611661460241
395,0.00207334931645
396,0.00227846924466
397,0.0028485425771
398,0.00188927731611
399,0.0
400,0.00352546769136
401,0.00330202454807
402,0.0
403,0.00206172723035
404,0.00396083787512
405,0.00192781394425
406,0.0196633123894
407,0.00532372164472
408,0.0132602671962
409,0.0241871038261
410,0.00146482007845
411,0.00315171406186
412,0.00326778127716
413,0.00831022011445
414,0.00207139790975
415,0.00199523144648
416,0.0107172168899
417,0.00206787127806
418,0.00211762790053
419,0.0053965971681
420,0.00461429132455
421,0.00329437899754
422,0.0027666451528
423,0.00195336163301
424,0.00183045255719
425,0.00484552857562
426,0.00206053337531
427,0.00313588582582
428,0.0
429,0.00257669281293
430,0.00331732863348
431,0.00203845945889
432,0.0
433,0.00225625023565
434,0.00245284599998
435,0.00234814504733
436,0.00261536367144
437,0.00593077144466
438,0.00153218995053
439,0.0120213673901
440,0.00515877278241
441,0.00495391222271
442,0.00486053648493
443,0.00495866186232
444,0.0
445,0.00429221862676
446,0.00154031349963
447,0.00299658088963
448,0.00844313124705
449,0.00471714666067
450,0.00471803507701
451,0.00932936021324
452,0.00323037454199
453,0.00211188311422
454,0.00975561417756
455,0.00252067848086
456,0.00191918336355
457,0.0
458,0.00125806942788
459,0.0042735746499
460,0.00238263484423
461,0.00214125635641
462,0.00385161889742
463,0.0
464,0.00435598059067
465,0.00232597146237
466,0.00172783956969
467,0.00451262370471
468,0.00323421031938
469,0.00232789071868
470,0.00136353713539
471,0.00382634805367
472,0.00373043002806
473,0.00319119718784
474,0.00230923212855
475,0.00272048511452
476,0.00387509496921
477,0.00219330271886
478,0.0
479,0.0
480,0.00169316862406
481,0.00314426424772
482,0.0102791435611
483,0.00201229203068
484,0.00183209820273
485,0.0026882285385
486,0.00570851209872
487,0.00163469282178
488,0.00177726778204
489,0.00219459464636
490,0.00306995593255
491,0.00146458200002
492,0.00194264674723
493,0.00155063053893
494,0.00851326902628
495,0.00207460654472
496,0.00182420293085
497,0.00367142740245
498,0.0024126895463
499,0.0019597484655
500,0.0058255410737
501,0.00191935847195
502,0.00147071965066
503,0.00347196375836
504,0.00172169872942
505,0.0015558591801
506,0.00300450792747
507,0.00186214554
508,0.00135169694489
509,0.0022373857753
510,0.00188228379672
511,0.00352143715151
512,0.00155594540018
513,0.00180511815728
514,0.00270795292439
515,0.00196062532714
516,0.00688014670179
517,0.00193494365969
518,0.00463617269382
519,0.00178116266792
520,0.00334603897429
521,0.0026132846345
522,0.00520214675453
523,0.0039780229307
524,0.00187512087838
525,0.0
526,0.0034595856527
527,0.00256349250489
528,0.00513342165141
529,0.0022854939624
530,0.00293275009618
531,0.00202541265213
532,0.00456546509049
533,0.00141842959411
534,0.00308856190318
535,0.00190828358204
536,0.00489026990041
537,0.0035307740499
538,0.0
539,0.00145686094137
540,0.00628972984266
541,0.00226007132774
542,0.00229259500206
543,0.00465792930451
544,0.00491067411342
545,0.00159268341778
546,0.00200318886983
547,0.0
548,0.00182780096185
549,0.00333752600052
550,0.0018319922061
551,0.00156864503642
552,0.00267616493317
553,0.00487159101694
554,0.00140520344416
555,0.0012984670599
556,0.00528967625085
557,0.00154270692832
558,0.00197930538101
559,0.00159666989556
560,0.00133439447471
561,0.00140771756555
562,0.00142253750995
563,0.00417062854528
564,0.0014445804995
565,0.00562794137376
566,0.00531233887051
567,0.0
568,0.00592224901086
569,0.0040311021569
570,0.00403768906329
571,0.00183386242734
572,0.00182118387754
573,0.0036937524267
574,0.00133791864075
575,0.0
576,0.00243170863006
577,0.00184179322622
578,0.00140403828195
579,0.00278109381237
580,0.00263226608918
581,0.002047518792
582,0.00294177889332
583,0.00339466438228
584,0.00195077753356
585,0.00190985281527
586,0.00156077758568
587,0.0
588,0.0017158326779
589,0.00376595656292
590,0.00267356732278
591,0.00334640443581
592,0.00133351242121
593,0.00128404688585
594,0.00285353519735
595,0.00202843759313
596,0.0016951744822
597,0.00330805266102
598,0.00297767881667
599,0.00161717478651
600,0.00130111466729
601,0.00216172684307
602,0.00139810817472
603,0.0
604,0.00369534530298
605,0.00255121881303
606,0.00243651108944
607,0.00303427592812
608,0.00174444320746
609,0.00172606468843
610,0.00142224317437
611,0.00167848232586
612,0.00236657890604
613,0.0
614,0.00261473318601
615,0.0
616,0.00349226988811
617,0.00430143031286
618,0.00104047232754
619,0.00391791537251
620,0.00178462397232
621,0.00106122692168
622,0.00150163291285
623,0.0
624,0.00152310129584
625,0.00169034493827
626,0.00506364770171
627,0.00102031274741
628,0.00330737809095
629,0.0047824817324
630,0.00130748407603
631,0.00126693154472
632,0.001911518651
633,0.00217132793743
634,0.00296511442615
635,0.00132867042437
636,0.00360876645268
637,0.00173980921162
638,0.00215280367801
639,0.00154604709435
640,0.00352938737128
641,0.00333315375025
642,0.00204028672074
643,0.00107133089481
644,0.00102503607436
645,0.00184912383872
646,0.00173015222572
647,0.00387462098247
648,0.000988947767466
649,0.0115410634184
650,0.00228874255374
651,0.00112594760204
652,0.00408738885395
653,0.00218362545548
654,0.00163142897284
655,0.00146005292748
656,0.0
657,0.00168748761386
658,0.0
659,0.00140280190321
660,0.00180249155593
661,0.0
662,0.00313916495114
663,0.00147123735701
664,0.00420981069033
665,0.00129647183933
666,0.00246801637213
667,0.00125027581599
668,0.00212800696681
669,0.00228181198048
670,0.0027962578315
671,0.00119728782671
672,0.00206654124151
673,0.00149567822271
674,0.00211851728228
675,0.00142813490345
676,0.00272580937477
677,0.0
678,0.00388257758499
679,0.00242501331205
680,0.00232407336021
681,0.00119651215027
682,0.00385078894247
683,0.00159533763274
684,0.00217110989317
685,0.000929562754917
686,0.0
687,0.00148649250856
688,0.0053685418804
689,0.00204309239559
690,0.0014503182686
691,0.00239113744477
692,0.00212308259176
693,0.00389009670792
694,0.0010957115206
695,0.00160201417269
696,0.00125461341487
697,0.000916896262034
698,0.00130295257278
699,0.00195628050464
700,0.00205884358116
701,0.00107442667976
702,0.000909686644366
703,0.00390142339228
704,0.00151473055668
705,0.00159640586582
706,0.00158068377174
707,0.00179052345459
708,0.00358513722954
709,0.00215654058349
710,0.00130274986528
711,0.0012477567427
712,0.00493624395033
713,0.00481391808432
714,0.00129698782079
715,0.0
716,0.00293814778919
717,0.00144447588453
718,0.00496684014148
719,0.00151331184364
720,0.0
721,0.00192984440508
722,0.00125535539639
723,0.00129247547567
724,0.00162109797728
725,0.0011850282549
726,0.0
727,0.00283324398956
728,0.0
729,0.00233600394437
730,0.00229583636562
731,0.00342985112732
732,0.00297310339838
733,0.00288006470238
734,0.00173948798315
735,0.00186709572921
736,0.00234930564238
737,0.0018221955584
738,0.00119173885242
739,0.00167213533219
740,0.00114676359905
741,0.00215953297503
742,0.00433692044053
743,0.00176454385495
744,0.00113807359051
745,0.00223146776305
746,0.00106530254196
747,0.0
748,0.00163810934561
749,0.00159129413894
750,0.00250748155002
751,0.00166666545536
752,0.00419866425048
753,0.00127944211356
754,0.00367358857284
755,0.00100532713928
756,0.00141811864947
757,0.00125854615304
758,0.00113689287681
759,0.00092461650462
760,0.00115335841915
761,0.00116962707886
762,0.00239436808243
763,0.00106910947956
764,0.00105382160876
765,0.00505368535616
766,0.0
767,0.00214013310055
768,0.00147862804111
769,0.0013817695476
770,0.00416748742712
771,0.00174700797369
772,0.000915228503951
773,0.00143716756845
774,0.00488911927503
775,0.00288734873564
776,0.00367038323765
777,0.00123334061153
778,0.00117549427673
779,0.00113653714748
780,0.00108972865463
781,0.00168322888415
782,0.00103748598672
783,0.0008678200094
784,0.00158297446359
785,0.00261350042872
786,0.00144584482472
787,0.0023654362412
788,0.00118968376897
789,0.00221717633054
790,0.00114533839091
791,0.00220732963034
792,0.00175161132805
793,0.00205369070313
794,0.00154956943758
795,0.00182547314292
796,0.000933623562759
797,0.00205523174897
798,0.00160965054168
799,0.0
800,0.00448619006133
801,0.00123812957155
802,0.00139054649048
803,0.00118218516589
804,0.00119166666744
805,0.000791536462939
806,0.00211689593414
807,0.00162489721022
808,0.000987785829636
809,0.0010498194711
810,0.0049788838207
811,0.0
812,0.00136926572202
813,0.00271797632789
814,0.00129872002274
815,0.00123014535489
816,0.00261537902396
817,0.00443976210833
818,0.00106596757799
819,0.00193727423066
820,0.00293425620013
821,0.00209736046312
822,0.00394593022409
823,0.00107230411665
824,0.00117191638423
825,0.0
826,0.00257991151462
827,0.00409654481187
828,0.00133058553738
829,0.00122410885037
830,0.00148178490381
831,0.0
832,0.00208361609753
833,0.0
834,0.00255452140607
835,0.0029708417402
836,0.000888949600196
837,0.00263738251783
838,0.00524927582786
839,0.000759021225788
840,0.000975084302124
841,0.00125655243174
842,0.000961319259419
843,0.000944871334322
844,0.00200258796217
845,0.0011018294302
846,0.00186704206708
847,0.00120277976836
848,0.00122788716985
849,0.0020996083729
850,0.000995338250446
851,0.000776395259836
852,0.00133164878884
853,0.0
854,0.00116938309233
855,0.00198717260423
856,0.000845710183631
857,0.00106517011967
858,0.00171838960381
859,0.00161665926443
860,0.00347538317773
861,0.00267708292234
862,0.00199685722248
863,0.00104135313536
864,0.000909905887463
865,0.00131137329126
866,0.000805987599239
867,0.00249344144905
868,0.00106998256812
869,0.00117569754683
870,0.0
871,0.00185701837743
872,0.000902339533661
873,0.00338911360461
874,0.000840213963835
875,0.000892871711432
876,0.00100665354041
877,0.000948848953136
878,0.00168796698765
879,0.00273071970684
880,0.00102671922753
881,0.00146114205804
882,0.00215538543496
883,0.000994103563249
884,0.00132832506446
885,0.0
886,0.00134111014349
887,0.0
888,0.00157639068284
889,0.000905888269312
890,0.000782515593653
891,0.00270156774895
892,0.00101213084244
893,0.00244083306083
894,0.00102214750494
895,0.00298286940663
896,0.00123197704794
897,0.000865889956657
898,0.00174653767169
899,0.00106034159977
900,0.00139536503494
901,0.000817552846814
902,0.000881819047834
903,0.00159549951094
904,0.0
905,0.000950858009595
906,0.00209191575816
907,0.00120138268101
908,0.00153721073207
909,0.00104713202352
910,0.0
911,0.00285834490835
912,0.000999667873036
913,0.000948635842383
914,0.00140637288639
915,0.00130918082799
916,0.000846059812644
917,0.00139050900254
918,0.0
919,0.000875050568567
920,0.00103306258491
921,0.00109036753312
922,0.00107181955319
923,0.00188432903562
924,0.000926456579232
925,0.0010731269355
926,0.00227937055338
927,0.00205789717124
928,0.000889982469298
929,0.00139260857157
930,0.00268971655567
931,0.00145660951916
932,0.00108697582144
933,0.00195958036955
934,0.00268346386363
935,0.0
936,0.000805536333981
937,0.000851374516339
938,0.00188408396812
939,0.00109307876131
940,0.00101655723128
941,0.00147294749283
942,0.00112295366946
943,0.00154294682961
944,0.000874199910916
945,0.000872023016159
946,0.00148236293731
947,0.000946380442501
948,0.00180147250336
949,0.00104797808945
950,0.00293945154729
951,0.00138170692449
952,0.00332600758652
953,0.000727168257185
954,0.00118795250284
955,0.00154827389318
956,0.00169999947854
957,0.00183093209369
958,0.00104260401688
959,0.00151932767405
960,0.00285888130846
961,0.000714662571502
962,0.000832196428503
963,0.00249245569625
964,0.0024818679967
965,0.00442349468438
966,0.000758225888286
967,0.0019133839852
968,0.00132084417563
969,0.00134867293584
970,0.000737184848157
971,0.00149423101878
972,0.00180151583386
973,0.00114257309271
974,0.0013848834468
975,0.00110699212722
976,0.000929658012002
977,0.00084128972241
978,0.000794097401201
979,0.00174183386171
980,0.0
981,0.000681739421316
982,0.00142689025224
983,0.000754187313616
984,0.00272938691965
985,0.00088894312166
986,0.00228274102263
987,0.00190117454529
988,0.000948895850757
989,0.000678367788942
990,0.00210276833085
991,0.00174532754093
992,0.00128691950904
993,0.00127816517112
994,0.00183201126914
995,0.00153280833334
996,0.00132865523331
997,0.00101297664499
998,0.00081887216705
999,0.00087098962166
1000,0.00171478636867
1001,0.00102817932468
1002,0.0
1003,0.00105805964267
1004,0.00267424685789
1005,0.00204409359049
1006,0.00181913926721
1007,0.000721335138686
1008,0.0015809806613
1009,0.00227234811534
1010,0.00245617544163
1011,0.00114795862243
1012,0.00150207093533
1013,0.00159698661629
1014,0.00125254992364
1015,0.00261943815512
1016,0.00124932748134
1017,0.00166934101095
1018,0.000916720439027
1019,0.000894321753692
1020,0.000721401274441
1021,0.000830081555914
1022,0.00116081600621
1023,0.000851522051475
1024,0.00103293839175
1025,0.000936335789648
1026,0.00138598272711
1027,0.00139351892162
1028,0.000858910150722
1029,0.000830598235103
1030,0.00118174178048
1031,0.0
1032,0.00160436199399
1033,0.000944594608191
1034,0.00182983346163
1035,0.00229171955187
1036,0.00100542161998
1037,0.00127423320772
1038,0.00167025683147
1039,0.00108068861103
1040,0.00144143567288
1041,0.000798323371869
1042,0.00114166796095
1043,0.00243926133285
1044,0.00126688340992
1045,0.000663842765211
1046,0.000783509101331
1047,0.00236850923935
1048,0.00207849494357
1049,0.000975035021459
1050,0.00210465939591
1051,0.00148303840052
1052,0.000885823041621
1053,0.000816437627715
1054,0.00299355220415
1055,0.00107908372276
1056,0.0
1057,0.0027535490508
1058,0.00106768869586
1059,0.0
1060,0.00352791116251
1061,0.0020549301503
1062,0.00140150151623
1063,0.00104306612973
1064,0.00242980315448
1065,0.000869745393609
1066,0.000868196897677
1067,0.00137864403991
1068,0.000957066795874
1069,0.00117459407321
1070,0.0
1071,0.00154116263635
1072,0.00117990943494
1073,0.00107288605565
1074,0.00104356275894
1075,0.00367614283846
1076,0.00109883641976
1077,0.00115178686011
1078,0.00122584963134
1079,0.000776613262692
1080,0.00165554600665
1081,0.00074634617357
1082,0.00249669959646
1083,0.00119952273062
1084,0.00111700420424
1085,0.000863960255078
1086,0.00271758981065
1087,0.00103735521546
1088,0.000712154635693
1089,0.000850969714722
1090,0.0012846413117
1091,0.00100004264614
1092,0.00270480281603
1093,0.000823157419382
1094,0.00158086905797
1095,0.00150392429879
1096,0.000828814080478
1097,0.00240521372775
1098,0.000847820471069
1099,0.00137209119012
1100,0.00113902736911
1101,0.00135808817856
1102,0.001352345086
1103,0.000893992727341
1104,0.00159182226325
1105,0.0012505117969
1106,0.00208160475116
1107,0.000762342041921
1108,0.00161446505677
1109,0.0015828931085
1110,0.00156042487982
1111,0.0
1112,0.000775547553148
1113,0.00231801409504
1114,0.00083898001299
1115,0.00170542395676
1116,0.000710863892605
1117,0.0013448632851
1118,0.0014463851848
1119,0.00164377885661
1120,0.0
1121,0.000760180386508
1122,0.000962147461193
1123,0.00125041833308
1124,0.000795683345958
1125,0.000918578704713
1126,0.000766435793493
1127,0.00268702647954
1128,0.00121197571634
1129,0.00084069225512
1130,0.00105203220815
1131,0.00134910858856
1132,0.00107127259166
1133,0.0
1134,0.00109557306978
1135,0.00110000820537
1136,0.00122314372565
1137,0.00117152586289
1138,0.0
1139,0.00234615766337
1140,0.00238236732649
1141,0.000730795178331
1142,0.000997634272476
1143,0.00100868761901
1144,0.00185930938379
1145,0.00158990201944
1146,0.0
1147,0.000604650376994
1148,0.0
1149,0.00160155379723
1150,0.00497007176353
1151,0.00113407879263
1152,0.00125452620483
1153,0.00159146865634
1154,0.00128271910953
1155,0.00085718552709
1156,0.000760555182785
1157,0.00779950809743
1158,0.000753866045967
1159,0.00100184437619
1160,0.00131920959343
1161,0.00115986730269
1162,0.00132116536355
1163,0.00141825441658
1164,0.000749916241013
1165,0.00108860281052
1166,0.0
1167,0.00137470307544
1168,0.000818840926423
1169,0.00154763814887
1170,0.00109784011984
1171,0.00219260511567
1172,0.000728196604945
1173,0.00126542707507
1174,0.00143254585726
1175,0.00174802279674
1176,0.000931054763448
1177,0.0
1178,0.000951666396154
1179,0.000869320112573
1180,0.00118572305308
1181,0.000734913226407
1182,0.0016545746091
1183,0.0
1184,0.00113406723796
1185,0.0
1186,0.0
1187,0.00243500584547
1188,0.00112506003413
1189,0.00080085458533
1190,0.0
1191,0.00521866530048
1192,0.000719364380732
1193,0.000823424470175
1194,0.000924077747972
1195,0.000846488479872
1196,0.000780342373288
1197,0.00242462986274
1198,0.00332813342166
1199,0.00088857903927
1200,0.0010531628419
1201,0.0051711130831
1202,0.0
1203,0.00163203652508
1204,0.00107349312123
1205,0.0
1206,0.000766271566704
1207,0.000860009344153
1208,0.00137396578513
1209,0.000771425361041
1210,0.000951402387541
1211,0.000788549319363
1212,0.000911066557793
1213,0.0
1214,0.000897316988665
1215,0.00272300968484
1216,0.0
1217,0.00304765799023
1218,0.000965437178526
1219,0.00085660016703
1220,0.000716909539016
1221,0.000836518254712
1222,0.00128687840495
1223,0.00071343306885
1224,0.00131467766284
1225,0.000797120642644
1226,0.0
1227,0.000529403597225
1228,0.00155257962213
1229,0.0013767785375
1230,0.000901214485697
1231,0.000697857670052
1232,0.00106392678919
1233,0.00116543501169
1234,0.000832968972755
1235,0.00131158634429
1236,0.00147059528158
1237,0.00130056165391
1238,0.0
1239,0.00140001754105
1240,0.0010315967038
1241,0.000744821679997
1242,0.000809757411792
1243,0.00132772089281
1244,0.0010693538503
1245,0.0011362200258
1246,0.0015502717902
1247,0.0022812618824
1248,0.000789373129642
1249,0.00194191443704
1250,0.00085342577406
1251,0.00195632881638
1252,0.0
1253,0.000844837794963
1254,0.000831311632182
1255,0.00237735765822
1256,0.0
1257,0.000821432428067
1258,0.0
1259,0.0010298755428
1260,0.0
1261,0.000654495846747
1262,0.00214500400172
1263,0.00130840761858
1264,0.00321420722478
1265,0.00103860305235
1266,0.00120516295213
1267,0.00143306705993
1268,0.00104223843867
1269,0.0011196480893
1270,0.000514736998891
1271,0.000852295377296
1272,0.000711978314455
1273,0.00134301282199
1274,0.000792966738126
1275,0.000755142587995
1276,0.00154722021251
1277,0.0
1278,0.000673182287074
1279,0.00104071066897
1280,0.0013238369375
1281,0.00094911430599
1282,0.0
1283,0.00279817988596
1284,0.0
1285,0.000905346443499
1286,0.000677920103626
1287,0.00111473747869
1288,0.0013157514244
1289,0.000914670763271
1290,0.00149405031802
1291,0.000861593912663
1292,0.00152592139978
1293,0.000594092190556
1294,0.00192409556894
1295,0.000909506462891
1296,0.0
1297,0.0
1298,0.00132076190006
1299,0.00164759838613
1300,0.000865083900437
1301,0.0
1302,0.0019390148864
1303,0.00113608231468
1304,0.000580971479971
1305,0.000755600679318
1306,0.000574965272594
1307,0.00083361115209
1308,0.00068473901785
1309,0.0011830142502
1310,0.00079754045286
1311,0.00208223029727
1312,0.000614280611437
1313,0.0
1314,0.00081727987172
1315,0.000710275439602
1316,0.0
1317,0.0
1318,0.000680049395781
1319,0.0
1320,0.00201404360946
1321,0.00209057271176
1322,0.00179726697149
1323,0.0015359925594
1324,0.000484916192954
1325,0.00072091148211
1326,0.00245937208946
1327,0.0018553735153
1328,0.00215712688714
1329,0.0
1330,0.00164319822819
1331,0.00301876062273
1332,0.000734259124315
1333,0.000875021308383
1334,0.000957396939632
1335,0.0
1336,0.0
1337,0.000879510723222
1338,0.00181357490115
1339,0.0
1340,0.0
1341,0.000895082627524
1342,0.00183745559907
1343,0.000871422890493
1344,0.00105460735848
1345,0.000685025767193
1346,0.00114690036887
1347,0.00169518193129
1348,0.00203706053426
1349,0.000795131728302
1350,0.00126550931483
1351,0.00156487096191
1352,0.000884983990188
1353,0.00097663497752
1354,0.00101385357519
1355,0.000620215252378
1356,0.0010832699165
1357,0.000621131904165
1358,0.00169103566808
1359,0.00121723834563
1360,0.000847729484536
1361,0.00164526850088
1362,0.000615323657813
1363,0.0014086336096
1364,0.000873686804605
1365,0.00117277928258
1366,0.000960074641251
1367,0.00133191804868
1368,0.000696135628809
1369,0.00200633823928
1370,0.000539407028469
1371,0.00153278744227
1372,0.000775445287873
1373,0.00285858337733
1374,0.000471878405073
1375,0.00070380553443
1376,0.000946581246114
1377,0.000831273330089
1378,0.00192076028939
1379,0.000559792233982
1380,0.00129125519174
1381,0.000612629250773
1382,0.000662551667343
1383,0.000615755413367
1384,0.000650002386986
1385,0.00121345448381
1386,0.00171567957431
1387,0.00100280539212
1388,0.0
1389,0.0
1390,0.000558599223771
1391,0.0018269176881
1392,0.000594694422328
1393,0.000725210519322
1394,0.000800493598971
1395,0.000793801194965
1396,0.00293324803595
1397,0.0
1398,0.000703849290602
1399,0.000619522236828
1400,0.000855159741485
1401,0.00206847968755
1402,0.00121066075016
1403,0.000704448696796
1404,0.00151160887828
1405,0.000854425845726
1406,0.000846010432875
1407,0.000591280232624
1408,0.00069019797972
1409,0.00156490411985
1410,0.00191331951725
1411,0.000934256160914
1412,0.0
1413,0.0014031746007
1414,0.000751974770491
1415,0.000497438043012
1416,0.00141264330933
1417,0.00110499400657
1418,0.00107414338002
1419,0.000643913181028
1420,0.000641477556551
1421,0.000844560138549
1422,0.0
1423,0.000719089518075
1424,0.000486745341002
1425,0.00148756665926
1426,0.00074206287365
1427,0.000620014270632
1428,0.000657300677821
1429,0.000761211488696
1430,0.00100430157674
1431,0.000619830917775
1432,0.000656586452055
1433,0.000535932896894
1434,0.000819715965053
1435,0.000711857804375
1436,0.000856596366096
1437,0.0015181020801
1438,0.000712244703688
1439,0.000644378915188
1440,0.0
1441,0.00152381419221
1442,0.000791694375287
1443,0.000577141612312
1444,0.00101072828186
1445,0.000548334342023
1446,0.00069975472804
1447,0.00067043522493
1448,0.000883113045536
1449,0.000676753299009
1450,0.00106005581857
1451,0.000751598721401
1452,0.00059313862664
1453,0.000674090557552
1454,0.00126580849382
1455,0.000967022123602
1456,0.00128501345812
1457,0.00121484826889
1458,0.000860074592213
1459,0.000665542128011
1460,0.000791189913749
1461,0.0
1462,0.00120982772994
1463,0.000666119673878
1464,0.00105518358429
1465,0.000672599933834
1466,0.000790524936221
1467,0.000689108989386
1468,0.00145527516372
1469,0.000824359184188
1470,0.000614895262459
1471,0.000731119172373
1472,0.0008010079813
1473,0.000728868444592
1474,0.00102865540919
1475,0.000783458876207
1476,0.00138652624129
1477,0.000829946480123
1478,0.000789996710581
1479,0.000676401802951
1480,0.00085781349905
1481,0.0
1482,0.00133105894074
1483,0.000617534753843
1484,0.000696462031634
1485,0.00107718029813
1486,0.000987514855433
1487,0.00091407438638
1488,0.000576076180943
1489,0.000700093219288
1490,0.00151187828149
1491,0.00125797647679
1492,0.00101415331075
1493,0.000673785715135
1494,0.000515441796095
1495,0.000709250046547
1496,0.00125425857456
1497,0.000570260405619
1498,0.000726861647978
1499,0.000928727138361
1500,0.000737794578103
1501,0.000896549972361
1502,0.000726773809062
1503,0.000500040571715
1504,0.00151398893891
1505,0.000707311571273
1506,0.000594334524939
1507,0.000943380635915
1508,0.0
1509,0.00125135681734
1510,0.000790331647962
1511,0.000980761761274
1512,0.00121613286891
1513,0.000783708699322
1514,0.000613517084288
1515,0.000717039869762
1516,0.00122307051905
1517,0.000582093011756
1518,0.000436076826799
1519,0.00173992158877
1520,0.00159541520516
1521,0.00223019023205
1522,0.00181802982444
1523,0.000645679128391
1524,0.000637094849895
1525,0.000759207606014
1526,0.000669376556778
1527,0.00172854068736
1528,0.0
1529,0.0
1530,0.0011704368655
1531,0.00126251409206
1532,0.00108976405598
1533,0.00125663487433
1534,0.000631302351862
1535,0.00207136275476
1536,0.000689827026445
1537,0.000853720811407
1538,0.00117026496211
1539,0.0014800709802
1540,0.000655904899298
1541,0.000572193777215
1542,0.00147592337018
1543,0.0
1544,0.00114995950623
1545,0.000543575463197
1546,0.0
1547,0.000474063637199
1548,0.00119053376732
1549,0.000611254107515
1550,0.00169814791434
1551,0.000635455952264
1552,0.000432583673308
1553,0.00134588572108
1554,0.00198868435588
1555,0.00126394931391
1556,0.000588216493403
1557,0.000639577206552
1558,0.000744003281503
1559,0.0
1560,0.00133578980095
1561,0.000870330028743
1562,0.001298919624
1563,0.000617174792131
1564,0.000569163639614
1565,0.000788596434308
1566,0.0
1567,0.00160719383062
1568,0.00122567163918
1569,0.000531676294046
1570,0.00131461538053
1571,0.000439534209946
1572,0.000899521601392
1573,0.00202204548236
1574,0.00153100246543
1575,0.000682124036351
1576,0.000557976592582
1577,0.000827094097634
1578,0.000856926925708
1579,0.000841803219781
1580,0.000607754142318
1581,0.000714601537153
1582,0.000609123353865
1583,0.000704285319573
1584,0.000854842842538
1585,0.000764593349356
1586,0.000568585263889
1587,0.00153839365827
1588,0.0
1589,0.000554370311283
1590,0.000568079236674
1591,0.000577740500002
1592,0.000944418048138
1593,0.000806085161198
1594,0.000702144058165
1595,0.00061176328438
1596,0.00162229961188
1597,0.000810374708187
1598,0.00144314981568
1599,0.000622112489287
1600,0.000749865114125
1601,0.000774914137422
1602,0.000964075899157
1603,0.000577313141254
1604,0.0010333362821
1605,0.0010853040535
1606,0.00063214188517
1607,0.000463135238091
1608,0.000553871359128
1609,0.000402455280919
1610,0.000609663126135
1611,0.00057520590311
1612,0.000832245618867
1613,0.00114524707155
1614,0.00112933465387
1615,0.00171109337814
1616,0.00137232399264
1617,0.00130829717921
1618,0.000637057948079
1619,0.000651982286009
1620,0.000820129260805
1621,0.00120666225144
1622,0.000471932741877
1623,0.000908113429188
1624,0.000923964745635
1625,0.000696117372951
1626,0.000435046413811
1627,0.00125476268853
1628,0.00126253079285
1629,0.00115341237619
1630,0.000623926495426
1631,0.000808839824815
1632,0.000593573459384
1633,0.00118483639273
1634,0.000493811372707
1635,0.000616492872468
1636,0.000460174421252
1637,0.000760675408363
1638,0.00108194547695
1639,0.000593363185536
1640,0.000518129494126
1641,0.00141165225388
1642,0.000593255938822
1643,0.000700289453136
1644,0.000594955812547
1645,0.00124848798044
1646,0.0
1647,0.000609057407189
1648,0.000625356572908
1649,0.00108551112746
1650,0.000677320156177
1651,0.000455465968833
1652,0.000879662332893
1653,0.000513062684485
1654,0.0
1655,0.00125202185719
1656,0.000555619579085
1657,0.000590838263481
1658,0.0
1659,0.000817668306752
1660,0.000523171515696
1661,0.000701055293362
1662,0.000645643889267
1663,0.000704813394466
1664,0.000774208805616
1665,0.000418533630598
1666,0.0011215606752
1667,0.001341970894
1668,0.00128213382406
1669,0.000587826478232
1670,0.00110853029726
1671,0.00134961637561
1672,0.000602616520145
1673,0.000411009341582
1674,0.000722854431588
1675,0.000694890114763
1676,0.000657182488012
1677,0.000598731077982
1678,0.00115323809477
1679,0.000754297317418
1680,0.00178752064602
1681,0.000660036647096
1682,0.00138566409387
1683,0.000815070417204
1684,0.000509447626652
1685,0.000506930163671
1686,0.000950092853429
1687,0.000515074376166
1688,0.000785274226559
1689,0.000545375720268
1690,0.000818334488785
1691,0.00141936749724
1692,0.000570788610036
1693,0.000723278100427
1694,0.00102747214118
1695,0.000849927273808
1696,0.000727960173948
1697,0.000484236694494
1698,0.000635154243793
1699,0.000551272497859
1700,0.00059864000597
1701,0.000854799794706
1702,0.00065258551743
1703,0.00062283546768
1704,0.000541242205004
1705,0.000631289883332
1706,0.000758462153225
1707,0.000822249667366
1708,0.00117453435521
1709,0.000646215508183
1710,0.000692930286828
1711,0.00134416043576
1712,0.00133076356418
1713,0.000552093793088
1714,0.0004302738857
1715,0.000969957989325
1716,0.000863933591798
1717,0.000564217090654
1718,0.0
1719,0.000894198077934
1720,0.0
1721,0.00273532934633
1722,0.00134969950893
1723,0.0
1724,0.000771440260206
1725,0.00108782609401
1726,0.000527731372865
1727,0.000780169259465
1728,0.00104431492542
1729,0.00106799558156
1730,0.000692230831936
1731,0.000403885816866
1732,0.0
1733,0.000816597912112
1734,0.0
1735,0.00202462028926
1736,0.000777498556697
1737,0.000512497478843
1738,0.000729883068413
1739,0.000789553133965
1740,0.000661051642135
1741,0.000462395786228
1742,0.000778083683203
1743,0.00104053500588
1744,0.00243113959009
1745,0.00118453766546
1746,0.000433266006321
1747,0.00119805124356
1748,0.00128436577302
1749,0.000590137460817
1750,0.000772755223527
1751,0.000577082711846
1752,0.000557507798489
1753,0.00055904547334
1754,0.00136252302421
1755,0.000815580946
1756,0.0
1757,0.000743317588147
1758,0.00106841403741
1759,0.000775736960497
1760,0.00043463699491
1761,0.00107268349823
1762,0.000607423134775
1763,0.000466045372606
1764,0.0
1765,0.000503161810551
1766,0.000478427691152
1767,0.000573873062499
1768,0.00283839806701
1769,0.00143435930004
1770,0.000555156040279
1771,0.0
1772,0.0
1773,0.000746936721395
1774,0.000965377067742
1775,0.000554944115098
1776,0.000507767102849
1777,0.000566432476703
1778,0.0
1779,0.000683020221418
1780,0.000984291499151
1781,0.00049325119485
1782,0.000668465087013
1783,0.00038255345954
1784,0.0
1785,0.00102344819946
1786,0.000987357127978
1787,0.000796468860246
1788,0.000573671400917
1789,0.000428155308001
1790,0.00107495365789
1791,0.000472709367921
1792,0.000627605102569
1793,0.00132294778871
1794,0.0
1795,0.00111775945664
1796,0.00166330691711
1797,0.000527095350468
1798,0.000568378717278
1799,0.000769382561046
1800,0.000593951763774
1801,0.000433891106247
1802,0.0010468986915
1803,0.000650997152262
1804,0.000997798461435
1805,0.000525046830903
1806,0.00054464428186
1807,0.000977782792732
1808,0.000850203641556
1809,0.000478323480952
1810,0.000602312538709
1811,0.000774664231449
1812,0.000493954669033
1813,0.000604080376207
1814,0.000535134952653
1815,0.0009703219927
1816,0.000528457897495
1817,0.000639739336994
1818,0.00124510215809
1819,0.00086515800214
1820,0.000849710192772
1821,0.000586389768135
1822,0.000513411753126
1823,0.00113752006366
1824,0.000587966438991
1825,0.00209985761869
1826,0.000577987533219
1827,0.00162016388228
1828,0.000743873366643
1829,0.000578693653819
1830,0.000972619649258
1831,0.000802749075509
1832,0.000508499948469
1833,0.000677710777475
1834,0.000958078802604
1835,0.00078193816702
1836,0.000552539823604
1837,0.00128652818877
1838,0.0
1839,0.000929752709824
1840,0.000904303976178
1841,0.000918403512515
1842,0.000646288615037
1843,0.000500724125216
1844,0.000704391457374
1845,0.000536475036136
1846,0.000964610234479
1847,0.00113843361574
1848,0.000640766645823
1849,0.000474235933884
1850,0.000656267543784
1851,0.00044231508008
1852,0.0
1853,0.000790822790953
1854,0.000685692490325
1855,0.00070372910765
1856,0.00185402063394
1857,0.000691896944498
1858,0.000512575073549
1859,0.000586733837863
1860,0.000381772306726
1861,0.000679274446707
1862,0.000642193997207
1863,0.00056202534977
1864,0.00100773901603
1865,0.0015961723998
1866,0.000462830285419
1867,0.000546495234619
1868,0.000682126721444
1869,0.000591879350796
1870,0.000528869990127
1871,0.000502317942937
1872,0.000665971746382
1873,0.0
1874,0.000466828791329
1875,0.000911554478828
1876,0.000743299082041
1877,0.000510776964755
1878,0.0
1879,0.000394562508068
1880,0.0
1881,0.000379321700915
1882,0.00090236041756
1883,0.0
1884,0.000871833333914
1885,0.000875725268866
1886,0.00057587926192
1887,0.00110867841474
1888,0.000474791832343
1889,0.000516833558451
1890,0.000883275111689
1891,0.000593695365763
1892,0.000449603493149
1893,0.000920790407377
1894,0.0
1895,0.000975559268187
1896,0.00137385571607
1897,0.0
1898,0.000508552175257
1899,0.000545004983356
1900,0.000906235339176
1901,0.000585995652673
1902,0.000570449819386
1903,0.000557119176276
1904,0.00040034501769
1905,0.000993485642418
1906,0.000643462769168
1907,0.000508209168107
1908,0.000688062007989
1909,0.000830016773949
1910,0.000520178879335
1911,0.000371593026605
1912,0.00092437459599
1913,0.0
1914,0.000865620541336
1915,0.0
1916,0.000490364764441
1917,0.000976378052501
1918,0.00036637989853
1919,0.000760017372774
1920,0.0
1921,0.000796420457367
1922,0.000408339230659
1923,0.00123307048348
1924,0.00105501084903
1925,0.00202088444557
1926,0.000593198049758
1927,0.000443854995789
1928,0.000468594572041
1929,0.000344541569701
1930,0.000498235254946
1931,0.000625952662847
1932,0.000593682431791
1933,0.000920462461143
1934,0.000451804061795
1935,0.000491284005892
1936,0.00098228603671
1937,0.00141741376446
1938,0.00134566398489
1939,0.00101060004087
1940,0.000540094333152
1941,0.0
1942,0.000530396420922
1943,0.000608030536882
1944,0.000561489479884
1945,0.000447842861274
1946,0.000742486969338
1947,0.000885115460773
1948,0.0
1949,0.000899657973826
1950,0.000483907539053
1951,0.00132116775892
1952,0.000376096696307
1953,0.000545346891161
1954,0.000619826308032
1955,0.000508968798268
1956,0.00052701105548
1957,0.000510324078013
1958,0.000869745429802
1959,0.000545242546841
1960,0.000615072641097
1961,0.000682354462751
1962,0.000525566537993
1963,0.000908188422075
1964,0.000726189426495
1965,0.000534947571636
1966,0.000521961474205
1967,0.000341799787275
1968,0.0007050249899
1969,0.00098192870628
1970,0.000876421144219
1971,0.00101488777503
1972,0.000606578365388
1973,0.000386173094011
1974,0.000654027591552
1975,0.00117647230135
1976,0.000531243284699
1977,0.000455876079097
1978,0.000643937483138
1979,0.000638368824418
1980,0.000499777146835
1981,0.000413826202485
1982,0.0
1983,0.000676703579129
1984,0.000551150205552
1985,0.000477977198653
1986,0.000517761604397
1987,0.000697190871333
1988,0.000410411896456
1989,0.00106317657799
1990,0.000541150084613
1991,0.000405536690944
1992,0.000521607733933
1993,0.000453949208124
1994,0.000533996571573
1995,0.000509244251684
1996,0.000479592330364
1997,0.0
1998,0.000506782752184
1999,0.00102595380282
