0,0.189724561877
1,0.0211188198521
2,0.0
3,0.0381789657688
4,0.00745830239287
5,0.0246451385389
6,0.00372758891311
7,0.0
8,0.0862093716703
9,0.0
10,0.00359527515298
11,0.000876844174088
12,0.084324261727
13,0.000738082249748
14,0.092691171449
15,0.0301087283411
16,0.508383622172
17,0.0319885687576
18,0.0
19,0.00281204462134
20,1.05475149615
21,0.0179306344097
22,1.04778743352
23,0.000484988461933
24,1.12956480381
25,0.0
26,0.090932384671
27,0.000765823641957
28,0.391001560349
29,0.0
30,0.0345266064956
31,0.36132940725
32,0.0
33,0.0142534956308
34,0.0160575482522
35,4.58506755604
36,0.0033491063969
37,0.300941529186
38,0.00302618620645
39,3.47442628154
40,0.0
41,0.0661662321376
42,0.00054613419581
43,0.00949251706877
44,0.143088799444
45,0.017926126563
46,0.00503891675492
47,0.0
48,0.00402358903278
49,0.0
50,0.0
51,0.0279680869215
52,0.0
53,0.16254928391
54,0.0
55,0.0332128025889
56,0.0693193585085
57,0.0310531207248
58,0.0
59,0.007822160051
60,1.32737187548
61,0.00144231283278
62,4.1868360166e-05
63,0.0291242066052
64,6.88092974017e-05
65,0.000749102380831
66,0.0
67,0.00274464253193
68,0.0
69,0.0
70,0.00161428744489
71,0.0028249574982
72,0.00252565728557
73,0.0
74,0.00921054009932
75,0.259616540653
76,0.288478820543
77,0.00520779917433
78,0.255004041958
79,0.452113053995
80,0.000895889676816
81,0.00208823588075
82,0.460466439231
83,0.0
84,0.141241637939
85,0.364284630064
86,0.282317912448
87,0.00256873984707
88,0.00659435171117
89,0.0
90,0.00164711525666
91,0.0386349310057
92,0.0
93,0.00620955374181
94,0.0237322796882
95,0.0159898231908
96,0.376680866602
97,0.0807136267426
98,0.0
99,0.00635120233466
100,0.0024820646421
101,0.0388295856852
102,0.00298914791601
103,0.0
104,0.0
105,0.00736739087709
106,0.00148566135336
107,0.261493107074
108,0.0804273589549
109,0.00397705566268
110,0.307028295819
111,0.0
112,0.0161403139371
113,0.00734517480156
114,0.00246888814478
115,0.000457410613416
116,0.00232137751136
117,0.00685622430473
118,0.0066579082579
119,0.147652193482
120,0.00368776335105
121,0.0012479727558
122,0.0
123,0.0
124,0.012399974947
125,0.0198031152563
126,0.0
127,0.0831821330146
128,0.0
129,0.38722023299
130,0.000996963555737
131,0.000716621991764
132,0.0222686528349
133,0.00205020972605
134,0.0598838682552
135,1.08310079839
136,0.00098386535764
137,0.245651737512
138,0.0198214010539
139,0.023873091677
140,0.0
141,0.0
142,0.00122685502776
143,0.0020781445758
144,0.000822316383812
145,0.00870634309269
146,0.00169041440056
147,0.0
148,0.0
149,0.000889153686577
150,0.0391456271448
151,0.00165272042668
152,0.0
153,0.00735960108188
154,0.00622654984394
155,0.049687564097
156,0.12404196978
157,0.0
158,0.0095107117494
159,0.0394464619131
160,0.0
161,0.0166779875179
162,0.0
163,0.00339357877774
164,0.0
165,0.030534243025
166,0.00374020202023
167,0.00801419681133
168,0.0
169,0.0218052557971
170,0.00484301649155
171,0.00467628176497
172,0.0
173,0.0
174,0.14738135249
175,0.000374284485602
176,0.136152364478
177,0.0117280503826
178,0.00078098298673
179,0.201648294551
180,0.00337882077159
181,0.0
182,0.0148026730664
183,0.014125092926
184,0.000526024209308
185,0.000376347553063
186,0.001550678652
187,0.0
188,0.010501487286
189,0.222502644663
190,0.000407285565061
191,0.0191696316655
192,0.00335087564639
193,0.0257059015688
194,0.00568665505311
195,0.176127827402
196,0.0
197,0.0211301993657
198,0.385936206779
199,0.000832536849524
200,0.0910934989146
201,0.0
202,0.00320134004912
203,0.0
204,0.0
205,0.00586988941487
206,0.00958510863504
207,0.000399099391041
208,0.00273604346876
209,0.0
210,0.019458576532
211,0.454122434142
212,0.0015625642531
213,0.000889523772756
214,0.0551014879928
215,0.0528444739686
216,0.0
217,0.0425744546419
218,0.00648313914058
219,0.0
220,0.00456546414612
221,0.00252126772182
222,0.0066688950055
223,0.00267007602876
224,0.014002316258
225,1.117330107
226,0.0303901700222
227,0.00111125793054
228,0.0
229,0.0
230,0.00760127025437
231,0.00223576480191
232,0.101550776864
233,0.0
234,0.00778528706428
235,0.0
236,0.000688575421814
237,0.155676559608
238,0.0120024509934
239,0.000779031477976
240,0.017769631617
241,0.00266391109124
242,0.141340431637
243,0.0
244,0.00429173752974
245,0.0
246,0.129453703521
247,0.0047965161693
248,0.000933600577065
249,0.0439472286559
250,0.080484223477
251,8.20681516687e-05
252,0.0623812665363
253,0.0404793730587
254,0.00674812515266
255,0.0
256,0.0
257,0.000115248393856
258,0.0
259,0.000826734094309
260,0.000253196287633
261,0.000123834486666
262,0.331438421708
263,0.0231949860977
264,0.0
265,0.0139979517841
266,0.0
267,0.000707161694898
268,0.0
269,0.0
270,0.0595883804774
271,0.0
272,0.00396085197392
273,0.0146461721251
274,0.0157494768435
275,0.0
276,0.00519304472616
277,0.00910293641881
278,0.00028532743619
279,0.000291688125348
280,0.0871053487545
281,0.00401874158064
282,0.0125420313322
283,4.53996819401e-05
284,4.0031813874e-05
285,0.0
286,0.0
287,0.0
288,0.000220046585401
289,0.000356251567897
290,0.640007004564
291,0.000350393425334
292,0.090250217621
293,0.0394634386664
294,0.0360992336386
295,0.00400644871178
296,0.00020665908724
297,0.0103961628019
298,0.000707901855443
299,0.00166177406227
300,0.00257191960572
301,0.000800711000643
302,0.0
303,0.0
304,0.0
305,0.000224491547864
306,0.00345527789746
307,0.000155850826502
308,0.000856665760029
309,0.00411031515863
310,0.000243466065988
311,0.0127146421991
312,0.0011149084468
313,0.0358833064691
314,0.00818889954616
315,0.0
316,0.0
317,0.0050892104094
318,0.199720371814
319,0.0446559044773
320,0.0050781202821
321,0.0
322,0.37824629847
323,0.0
324,0.0814961445156
325,0.00030447163789
326,0.0715274284987
327,0.000209353992892
328,7.9378436296e-05
329,0.000136078491342
330,0.000501031736502
331,0.00281517722256
332,0.0
333,0.0502949664665
334,0.0164331281654
335,0.0116119920095
336,0.0
337,0.0
338,0.000176501672392
339,9.66295932243e-05
340,0.0
341,0.00400363362729
342,0.000274389382384
343,0.00129275539278
344,0.000413349191144
345,0.0
346,0.0
347,0.0
348,0.0
349,0.0
350,0.0
351,0.216620726182
352,0.0
353,0.00134307793919
354,0.00765305884664
355,0.00942385956513
356,0.0138775225042
357,0.000341039340999
358,0.000619826209012
359,0.0
360,0.0104573013227
361,0.0356048985282
362,0.00240479474693
363,0.00105032706803
364,0.0061753284707
365,0.00154208744012
366,4.16143955793e-05
367,0.00526120289802
368,0.0014656261528
369,0.0
370,0.0
371,0.000293738973439
372,0.32246577091
373,0.00231236776301
374,0.00797263587947
375,0.0125970308288
376,0.00408956060811
377,0.00174664048675
378,0.000256529873717
379,0.0
380,0.00098891168562
381,0.0014804829519
382,0.00215452838631
383,0.232139671132
384,0.0001774519278
385,0.0191085999157
386,0.000112648637536
387,0.0
388,0.208736780922
389,0.0606237481685
390,0.0141688272942
391,0.00143752522961
392,0.0145026971422
393,0.0
394,0.00233036347908
395,0.00221566873154
396,0.000554725684267
397,0.0
398,3.91747616688e-05
399,0.000238542102017
400,0.000383845092236
401,0.0
402,0.000286495007936
403,0.0
404,0.000616683916701
405,0.00136293212764
406,6.81990511837e-05
407,0.0332582369976
408,0.00347234594817
409,0.0
410,0.0179118816589
411,0.0
412,6.14231907292e-05
413,0.0
414,0.000874974458311
415,0.00144148777147
416,0.00196783662382
417,4.54051028935e-05
418,0.000968377545948
419,0.00247036108456
420,0.0582333302818
421,0.0497409823874
422,0.000176556603624
423,0.000120633378414
424,0.0
425,0.0376545317184
426,0.00753353475921
427,0.000259407372625
428,0.0
429,0.00225811285174
430,0.176709805817
431,0.00026248311654
432,0.00176919961911
433,0.0329022421722
434,0.00219975318929
435,0.0
436,0.0
437,0.0
438,0.00105882831825
439,0.00424749976317
440,0.000104867671123
441,0.0033347287464
442,0.00014217519757
443,0.00239374991019
444,0.357005312825
445,0.000480327952013
446,0.0088383849744
447,0.047877427571
448,0.00233564246335
449,0.0161326544497
450,0.000329155848324
451,0.0
452,0.0
453,0.0
454,0.0
455,0.0148301484067
456,8.57228323117e-05
457,0.000915591250954
458,0.000356360406354
459,0.000357492281063
460,0.000423248528298
461,0.0556731365071
462,0.00601017893597
463,0.000789861158669
464,6.1175138137e-05
465,0.00401386410568
466,7.13678560373e-05
467,0.00125416515909
468,0.00964882277324
469,0.00183924055452
470,0.0
471,0.000358163946372
472,0.000154217470338
473,0.0
474,0.0
475,0.000767443375352
476,0.0
477,0.00274013315557
478,0.000192388157029
479,0.00302830133641
480,3.95183530708e-05
481,0.0
482,0.0
483,0.000225640390328
484,0.0276631866703
485,0.0111795067002
486,0.0
487,0.00218932914033
488,0.0
489,4.16125281162e-05
490,3.93093088791e-05
491,0.000142575464892
492,0.00123899810907
493,0.00426017018906
494,5.81064074097e-05
495,0.233975134674
496,0.357790897133
497,7.17176341367e-05
498,0.0249422936201
499,0.00421411751064
500,0.0390658700798
501,0.000361673853476
502,0.0
503,0.000203942001471
504,0.00853110004574
505,0.0
506,0.000198712723121
507,0.0426806897363
508,0.000250342836638
509,0.0
510,0.0
511,0.000225595199143
512,0.0
513,0.000231997778702
514,0.0
515,0.000100979030693
516,0.0
517,0.00219674889412
518,0.00115477750047
519,0.0126939497587
520,0.0019166659573
521,0.000228013373372
522,0.00178163573973
523,0.000244910467831
524,0.0
525,0.0
526,0.0126967334219
527,0.0
528,0.0
529,0.0100929877201
530,5.86547299686e-05
531,0.0122732836679
532,0.00369100457548
533,0.00132196115528
534,0.00116598145679
535,0.0180233622474
536,0.0
537,0.0101959677306
538,0.0
539,0.000412195213009
540,0.0731875638444
541,0.00538113385245
542,0.00880067566878
543,0.00262712608203
544,5.85854304962e-05
545,0.0517671527869
546,0.000266956899395
547,0.0
548,0.0
549,0.00266130703245
550,0.00224139017289
551,0.00424203729949
552,0.136718239938
553,0.0
554,0.0
555,0.040003011879
556,0.000287413462101
557,0.000241450575857
558,0.00177992313398
559,0.000978947745874
560,0.0
561,0.0
562,0.0391657582527
563,0.195954843418
564,0.0
565,0.000174540009459
566,0.00416415238452
567,3.93077673313e-05
568,0.000564447951332
569,0.0
570,0.00021694079651
571,0.0
572,0.00958493570495
573,0.00121739848565
574,0.000321449075118
575,0.000870944036457
576,0.0
577,0.0
578,0.0
579,0.00625590973998
580,0.0
581,0.000345440235773
582,0.000373594021093
583,0.000477617811914
584,0.000103194826855
585,0.000199190869694
586,0.0155900817867
587,0.00977721656439
588,0.000251517558369
589,0.00377306537112
590,0.0314637708407
591,0.000122819035899
592,0.0283345440957
593,0.0521419406898
594,0.139748756122
595,0.00167876286421
596,0.0
597,0.0769264381848
598,0.000320696330232
599,0.159914551404
600,0.00017982619583
601,0.000310711099586
602,0.000105853280322
603,0.000279894897264
604,0.00195207236843
605,0.00109769207856
606,0.0
607,0.000600500083916
608,0.000110906966124
609,0.0136706529027
610,0.00859286149442
611,0.00239646026414
612,0.000297393647317
613,0.0
614,0.0406418730307
615,0.0
616,6.38839908733e-05
617,0.000306709743131
618,0.0
619,0.00138832334695
620,0.000684922931115
621,0.0773338188655
622,6.003032725e-05
623,0.000102972962693
624,0.00192135265744
625,0.000158768423076
626,0.000734502243214
627,0.000637910087083
628,0.000863858343538
629,0.000801393512279
630,0.0
631,0.00106833653403
632,0.000811409684977
633,0.00154792440942
634,5.588131395e-05
635,0.000187870892078
636,0.000263488617805
637,0.000745597188223
638,0.000133553352133
639,9.31650413838e-05
640,0.0580185134816
641,0.000582436383413
642,0.0
643,0.0
644,9.73775115618e-05
645,0.000210509493433
646,7.36440471356e-05
647,0.00238727547448
648,0.00242209052977
649,0.000218713117258
650,0.00246406200121
651,0.0996276429798
652,0.00775873394614
653,5.84887803061e-05
654,0.128503858446
655,8.18646129295e-05
656,0.000964580073666
657,0.00028366588898
658,0.000254605390148
659,0.00115626636201
660,0.000190142965015
661,0.000115597072227
662,0.000814918791407
663,0.000138995969426
664,0.00279500984152
665,0.000981788611258
666,0.00115057685591
667,0.00601614843107
668,0.000545061336104
669,0.0022449421086
670,0.00350927718319
671,0.0
672,0.00383504325614
673,0.0
674,0.000723332516705
675,0.0
676,5.2264545277e-05
677,5.57996996986e-05
678,0.0
679,0.0740865231174
680,0.0
681,0.0
682,0.0
683,0.0
684,0.0043299600168
685,0.00167737035048
686,0.0
687,0.00184448632954
688,0.000325910271788
689,0.0252165670721
690,0.00353363201035
691,0.0
692,0.0
693,0.0595761747854
694,0.231258275899
695,0.0305945269683
696,8.02942267035e-05
697,0.00236845422103
698,4.50446579054e-05
699,0.00105983687389
700,0.000651653126369
701,0.0
702,0.00898464580006
703,6.57296520337e-05
704,0.0
705,0.00303639395283
706,0.000239274088686
707,0.00075268889636
708,0.000765753893175
709,0.000180047330483
710,0.00463667068199
711,0.0
712,0.0
713,0.000629079418154
714,0.0
715,0.000398088982774
716,0.0
717,0.00409016735184
718,0.000456794825017
719,0.0278640148681
720,0.0140546148659
721,0.00649355463752
722,0.0193879775323
723,9.3241869636e-05
724,0.000459468486511
725,0.0908304877498
726,0.00272046019603
727,0.0
728,0.00337148706268
729,0.0118542483251
730,0.0
731,0.0127962866301
732,0.0269151515073
733,0.000151119503518
734,0.0
735,0.124726270105
736,0.0
737,0.000277499391613
738,0.00169819624965
739,0.000383520242566
740,0.00185360278811
741,0.0
742,0.000683528446043
743,0.000471969581123
744,0.0487741588458
745,4.20764141982e-05
746,0.0
747,0.0
748,0.000677289466956
749,4.19008779367e-05
750,0.0171059294457
751,0.000166159374536
752,6.24138934189e-05
753,0.0
754,0.00139420838349
755,0.00710895773259
756,9.54391989114e-05
757,0.00219063808155
758,0.0
759,0.000855878903791
760,0.0
761,0.00123038210598
762,6.98325859299e-05
763,0.0
764,0.0
765,7.33382900013e-05
766,0.0
767,0.0950009016272
768,0.000544331720878
769,0.0
770,0.000140442915182
771,0.000296164249735
772,0.00165326595715
773,0.0
774,0.0
775,0.0
776,0.0
777,0.000623504287931
778,0.0
779,0.00287371093073
780,0.00673267063377
781,0.0353665291203
782,0.0
783,0.00127000436029
784,0.0
785,0.0
786,0.00608295697818
787,0.000167955217571
788,0.0842341960175
789,0.000279997661095
790,6.50576425083e-05
791,0.000844359258155
792,0.00134127620391
793,0.00344365853155
794,0.0
795,0.00470281212669
796,0.00055335263755
797,0.0
798,0.000339789285579
799,0.0258476674517
800,0.0
801,0.00542833190832
802,7.20359020279e-05
803,0.0013777883867
804,0.000217747410028
805,0.000161480922781
806,0.0
807,0.000113947711029
808,0.0
809,0.0024900651953
810,0.172284166359
811,0.00111096165727
812,0.0
813,0.0
814,0.0
815,0.0
816,6.78085741752e-05
817,0.000481150123707
818,0.000838193682379
819,0.0
820,0.00025911303433
821,5.982088534e-05
822,0.00130676096941
823,0.000128391731846
824,0.0168339341397
825,0.00020993841336
826,7.36768375136e-05
827,0.0
828,0.00800213732447
829,0.00416623801779
830,6.62595458891e-05
831,4.28405220334e-05
832,9.32640468503e-05
833,0.0
834,0.0247843880385
835,0.0
836,0.000680138826507
837,0.00275448711065
838,0.000789555704166
839,0.00364303967826
840,0.0
841,0.0387839884341
842,0.0
843,0.0
844,0.00159722398923
845,0.00920786584923
846,0.000174255581079
847,0.00135377652064
848,5.89283153345e-05
849,0.0439382493546
850,0.00103369679131
851,0.0837911289087
852,0.000862096847102
853,0.0
854,0.00226756650961
855,0.00326509165803
856,0.000201280404837
857,0.0126866490609
858,0.0101371208466
859,0.0
860,0.0
861,0.00501745250048
862,0.0162202252053
863,9.00776330344e-05
864,0.00634207199762
865,0.000261380919169
866,0.0683681262906
867,0.00281940991729
868,0.000575028526487
869,0.00122467503891
870,0.0
871,0.00013738280288
872,0.00159700802682
873,0.000549384967071
874,0.000662128750632
875,0.00057947637811
876,0.0
877,0.000819744677007
878,0.0
879,0.00063805329799
880,0.0820301411843
881,0.00133236683598
882,0.000840312410327
883,0.000207812519242
884,7.67816151774e-05
885,0.000369188380152
886,0.000108586661216
887,0.000109597749113
888,0.00157593665019
889,0.000494554171952
890,5.439632521e-05
891,6.43134222109e-05
892,0.0736272554124
893,0.0
894,0.000263318795137
895,0.000274042571542
896,0.0
897,0.00130254780166
898,0.000351079285817
899,0.000223403757625
900,0.000196551225355
901,0.00123847605602
902,0.0
903,0.0
904,0.00119917555975
905,0.00137539613707
906,0.0
907,0.00137127973289
908,0.000305667532728
909,0.0
910,0.0637229819759
911,8.01548213474e-05
912,0.000510623589973
913,0.0
914,0.000450672658393
915,0.0695114401108
916,0.0
917,0.0
918,0.000490730680178
919,0.000410536559535
920,0.0
921,0.0
922,0.00520079520114
923,0.0275291653841
924,0.00428773388736
925,0.0184914383469
926,3.94356954501e-05
927,0.00778426427311
928,0.0
929,0.0
930,0.0160719641119
931,6.88701020821e-05
932,0.00995996864178
933,0.0
934,8.70600151801e-05
935,0.0
936,0.00307458414929
937,0.000818019937749
938,0.00013079169659
939,0.000197802719029
940,0.00275506112069
941,0.00362362802592
942,0.000172719642073
943,6.64114223605e-05
944,0.000903071962707
945,0.00105488265626
946,0.00021010172657
947,0.000347021703278
948,0.000328226999879
949,0.000101779799271
950,0.000156077891135
951,0.000198819812274
952,0.00891624456438
953,0.0
954,0.0326712683254
955,0.0
956,0.000583896451389
957,0.000733583165534
958,0.141696920838
959,0.0
960,0.0
961,0.000154063793776
962,0.00892729336234
963,0.000399825702271
964,0.0
965,0.0
966,0.00178569830157
967,0.000249204656829
968,0.0445188068889
969,5.76459394663e-05
970,0.000373052333632
971,4.49095316983e-05
972,0.00255709849702
973,0.00515703424964
974,0.0
975,0.0
976,5.58905920118e-05
977,3.9455545497e-05
978,0.0
979,0.0
980,4.17640560708e-05
981,0.000259611019207
982,0.00608606561024
983,0.000767482794492
984,0.0
985,0.04695209559
986,0.0
987,0.000796607955754
988,0.00111852835712
989,0.00231455712149
990,6.69948337069e-05
991,0.0
992,0.0
993,0.000785070392031
994,0.00357993435557
995,0.0412976979002
996,0.0
997,0.00414300208165
998,0.00106280285673
999,0.000656364030301
1000,4.15368739386e-05
1001,0.00144403198516
1002,0.0
1003,0.000159748447844
1004,0.000135583721055
1005,0.0156468670495
1006,0.0
1007,0.215230445006
1008,0.00505440170093
1009,0.00840086302188
1010,0.0
1011,0.00333043551904
1012,0.0
1013,0.00526649623207
1014,0.000107124991948
1015,0.000376357743645
1016,0.000103366935778
1017,0.00029561439219
1018,0.0228981589806
1019,0.000179798380025
1020,0.0
1021,0.00508463898311
1022,0.00158216038769
1023,0.0
1024,5.12502574175e-05
1025,0.00259746733713
1026,0.00153701109574
1027,0.0
1028,0.0203687196818
1029,0.0
1030,0.000307306820899
1031,0.000130578078303
1032,3.91728366309e-05
1033,5.7606816664e-05
1034,0.0672772980507
1035,0.000231676421734
1036,0.000530482126466
1037,0.000858886418211
1038,0.000333581086907
1039,0.0
1040,0.0
1041,0.000237712197651
1042,0.0
1043,6.68009828582e-05
1044,0.000534302443917
1045,0.000676670632707
1046,0.000197426671973
1047,0.00064144551419
1048,0.00261718406922
1049,0.000204561460345
1050,9.35909551765e-05
1051,0.0072847211671
1052,0.0
1053,0.00262064946644
1054,0.0
1055,0.0
1056,0.0
1057,0.00926825670399
1058,0.000437043218009
1059,0.033375724512
1060,0.0
1061,9.55066535573e-05
1062,0.00705788554042
1063,0.0
1064,0.0
1065,0.0
1066,0.00134359824761
1067,0.000348251586699
1068,0.00177540851637
1069,0.000104598222423
1070,0.00032256062817
1071,0.00739673346672
1072,0.000119370561816
1073,7.93272337409e-05
1074,8.39592234545e-05
1075,3.95048120669e-05
1076,3.94526645064e-05
1077,0.000296325107977
1078,0.000516098154706
1079,0.000417116762996
1080,0.0
1081,0.0614709571898
1082,0.000168034342857
1083,0.0
1084,0.000674515209055
1085,0.000166459152706
1086,0.000937701697475
1087,0.000141098794876
1088,8.36092323633e-05
1089,0.00501360848691
1090,0.0019193801884
1091,4.52998142744e-05
1092,0.0
1093,0.0
1094,0.00019603148883
1095,0.00241193244017
1096,0.00085630041028
1097,0.0
1098,0.000137952127981
1099,8.08039292357e-05
1100,0.00121937318772
1101,0.0113069608175
1102,8.70584162458e-05
1103,7.1333916396e-05
1104,0.00459629538944
1105,0.0199506180359
1106,0.0124864346307
1107,0.000122516008143
1108,5.7271525832e-05
1109,0.0
1110,0.000255049857643
1111,0.000131995669531
1112,0.000593365537391
1113,0.0
1114,0.0
1115,0.0
1116,0.000743443243037
1117,0.0
1118,0.0
1119,0.0371588142127
1120,3.9432226957e-05
1121,0.0
1122,0.00268817624905
1123,0.000854641636681
1124,0.0
1125,6.48017959488e-05
1126,3.91476026893e-05
1127,0.0
1128,3.93681463593e-05
1129,0.0
1130,0.000155440818487
1131,0.0182354577648
1132,0.0
1133,3.93918781021e-05
1134,4.51920596403e-05
1135,0.0
1136,3.92763736365e-05
1137,0.0
1138,0.000426273191081
1139,0.0
1140,0.00167103746526
1141,0.0194202622846
1142,0.00430204486155
1143,0.000106440066868
1144,4.60946569083e-05
1145,0.0
1146,0.000254934406779
1147,0.00510004209575
1148,0.0
1149,0.00656895919089
1150,0.00133394804599
1151,0.0103714693313
1152,0.007356308951
1153,0.0378329015236
1154,0.189640638303
1155,7.62913902475e-05
1156,0.0
1157,0.000196356339206
1158,0.000506574605713
1159,5.78059608136e-05
1160,0.000244265495883
1161,0.000424654604835
1162,4.17042879444e-05
1163,8.48642710514e-05
1164,0.0
1165,0.0010318037879
1166,0.000343246313859
1167,5.53320222925e-05
1168,0.0
1169,0.00159273146687
1170,0.000136816607285
1171,0.00982570359261
1172,0.0
1173,0.000441386077693
1174,0.000204956932702
1175,0.0112487009845
1176,3.93432610557e-05
1177,0.00445229175419
1178,4.15971454668e-05
1179,0.000206069312196
1180,8.96871282481e-05
1181,0.00142355872639
1182,0.000492009271774
1183,5.67694686464e-05
1184,0.0
1185,0.000343094869893
1186,0.000261736986903
1187,0.0
1188,0.000532340634608
1189,3.93965408527e-05
1190,0.000571976699098
1191,0.0271848156576
1192,0.0
1193,0.00062930833963
1194,0.00169700846139
1195,0.0
1196,0.000807136307571
1197,0.0170667610441
1198,0.0
1199,0.00143530559685
1200,0.113417939393
1201,0.000346364331475
1202,7.15923275663e-05
1203,0.0
1204,0.000606480126769
1205,6.75150683467e-05
1206,0.0
1207,0.00307684208101
1208,4.18970908722e-05
1209,8.80909211869e-05
1210,0.000746474835313
1211,0.0
1212,0.0130747996633
1213,8.85324768829e-05
1214,0.0
1215,0.0178353250264
1216,0.000346983494883
1217,0.0
1218,0.000150679896564
1219,0.00105968354937
1220,9.98465973714e-05
1221,0.0181492933414
1222,0.000712291796726
1223,6.94677056594e-05
1224,0.000745879193456
1225,0.0
1226,0.0
1227,0.00106857193711
1228,3.99739356229e-05
1229,0.00119667755796
1230,0.0220421711828
1231,7.9209560413e-05
1232,0.000653643903651
1233,0.00016679709669
1234,0.0843973585853
1235,0.000241972980968
1236,0.018333232496
1237,0.0
1238,6.63752520538e-05
1239,0.00015795743279
1240,0.00376980031664
1241,0.0355698286445
1242,0.0
1243,0.00088131274144
1244,0.0
1245,0.000265821031143
1246,0.043212010031
1247,6.75307925793e-05
1248,0.00791384329368
1249,0.00112249244953
1250,0.000653909844931
1251,0.00274695415534
1252,0.000112696188538
1253,0.0
1254,0.0104972074194
1255,0.0
1256,0.0
1257,5.40514384308e-05
1258,0.0
1259,0.0
1260,0.00735262229462
1261,8.37670551066e-05
1262,0.0
1263,8.65672222465e-05
1264,0.000300301862086
1265,0.000141707994687
1266,0.000289936594952
1267,0.000496440355088
1268,7.73932707547e-05
1269,0.0
1270,0.066627688148
1271,3.91983865962e-05
1272,0.0
1273,0.0
1274,0.0
1275,0.000136086489399
1276,0.000131488575869
1277,0.00551690554075
1278,0.000750921965293
1279,7.71750378679e-05
1280,0.00101256382445
1281,3.94522223424e-05
1282,0.00134196417254
1283,0.000109712126036
1284,0.0187673693303
1285,0.000490241483934
1286,4.15297192222e-05
1287,0.000384093519527
1288,0.0
1289,0.00144584622088
1290,0.000564308887817
1291,0.000532935637979
1292,0.044918386826
1293,0.0
1294,0.000340283317603
1295,0.000629492434582
1296,0.00119060689513
1297,0.0
1298,0.000198774018806
1299,0.000587136254438
1300,0.000305143225183
1301,7.9154338724e-05
1302,0.0177154193839
1303,0.0
1304,8.05396056185e-05
1305,0.000526205178699
1306,0.00457768968001
1307,0.0
1308,8.50851713059e-05
1309,4.18623223246e-05
1310,0.000522892146934
1311,0.00105785841647
1312,0.0
1313,0.0946751321971
1314,0.0
1315,4.1914835244e-05
1316,3.92911026519e-05
1317,0.00765250727786
1318,0.0
1319,0.0
1320,0.00237431442413
1321,0.0
1322,0.00495274411126
1323,7.22381801763e-05
1324,0.0
1325,3.92525474266e-05
1326,0.00309847836578
1327,0.00123187878669
1328,0.000754358469699
1329,0.0
1330,0.000744050221303
1331,4.99813396444e-05
1332,0.000210984687747
1333,0.0
1334,0.000645632833274
1335,0.000354754291287
1336,0.00344980222678
1337,0.000116645003907
1338,0.0169395464878
1339,0.0030262923096
1340,0.0
1341,6.78304578745e-05
1342,0.000720187153993
1343,3.99964371165e-05
1344,3.95259741715e-05
1345,0.0
1346,0.000263326318708
1347,0.0
1348,0.000502953931891
1349,0.00160222784768
1350,0.000862048182052
1351,0.000119487939654
1352,0.00905618471338
1353,0.0
1354,0.000789490658645
1355,0.0619949407129
1356,0.000223359482225
1357,0.00773429362665
1358,0.00013810925849
1359,3.94222934852e-05
1360,0.000302466107707
1361,0.0020822303367
1362,6.14528694758e-05
1363,0.00200986633162
1364,0.0
1365,6.6269262927e-05
1366,0.0
1367,0.000515670016938
1368,0.000539552151176
1369,0.000572495480561
1370,0.0013144475693
1371,0.000452752252027
1372,0.00106863799705
1373,0.0
1374,0.000639272752128
1375,0.00125118043408
1376,0.0271322267658
1377,0.0
1378,0.0
1379,0.000522973863994
1380,0.0
1381,0.0
1382,0.0
1383,4.16040127362e-05
1384,0.0470983283943
1385,0.000198965935021
1386,0.000871822263024
1387,0.000179205617414
1388,0.000409221791917
1389,0.00783214214922
1390,0.0
1391,0.0
1392,8.22438380368e-05
1393,0.0155234501587
1394,0.000120718870826
1395,0.000146356369553
1396,0.0454393699352
1397,0.0
1398,4.00852829547e-05
1399,0.00119265736152
1400,5.76329648583e-05
1401,0.00277151851357
1402,0.000910429277584
1403,3.91665292669e-05
1404,5.94058811392e-05
1405,0.0
1406,0.0
1407,0.00267381907587
1408,0.0232630954994
1409,0.000934851956167
1410,0.000991825677706
1411,0.000568691730479
1412,0.000979660231501
1413,9.61370583172e-05
1414,0.0
1415,4.16977198667e-05
1416,0.000991255627298
1417,0.0
1418,8.84028557424e-05
1419,0.000804755465883
1420,0.0
1421,0.0
1422,0.00113924039791
1423,0.000527670848704
1424,3.92995983312e-05
1425,7.34881491464e-05
1426,3.93211857266e-05
1427,0.0
1428,0.000242406569178
1429,0.000207619664127
1430,0.000363051648993
1431,0.000842956876295
1432,0.00130101416659
1433,0.00872310779802
1434,0.0
1435,0.00106921849183
1436,0.00416901642784
1437,0.167324600566
1438,0.0643507861671
1439,4.24210720413e-05
1440,0.0
1441,0.0
1442,5.87401896999e-05
1443,3.9383844566e-05
1444,0.0
1445,0.00023025397954
1446,0.000217255012195
1447,0.0
1448,0.0013371230559
1449,0.0
1450,0.000100528706181
1451,0.0
1452,0.0
1453,0.000938080670883
1454,0.000268737210345
1455,0.0313604086602
1456,0.000779695826733
1457,0.00219329480389
1458,0.000155694800435
1459,0.0
1460,0.0501715927758
1461,3.92286377786e-05
1462,0.000500679031752
1463,9.91147613738e-05
1464,0.000156497523102
1465,0.0
1466,0.00730020466315
1467,3.94541804387e-05
1468,7.6684874545e-05
1469,0.0
1470,0.000703810582598
1471,0.00466668495083
1472,0.0
1473,0.00182339759633
1474,3.91577850678e-05
1475,0.000328555853566
1476,0.0
1477,0.00523005559121
1478,7.4860147413e-05
1479,3.92691305278e-05
1480,0.0
1481,0.000433204897073
1482,0.000222146798714
1483,0.0
1484,8.43480588162e-05
1485,0.0414457220234
1486,0.0
1487,5.16857449955e-05
1488,0.0
1489,0.000168870656733
1490,0.0
1491,0.000270205986062
1492,9.00184407557e-05
1493,0.0
1494,0.00274562038396
1495,0.0392691761824
1496,0.000233152137155
1497,0.0
1498,0.0
1499,0.000264756334146
1500,0.000253390066084
1501,0.000165288378651
1502,0.00306556078285
1503,0.000282326362591
1504,7.22555780719e-05
1505,0.000715247726348
1506,0.0
1507,0.00335711826795
1508,0.00418726106855
1509,5.79876354641e-05
1510,0.0
1511,0.0
1512,0.000557364728043
1513,0.0
1514,0.00814482515392
1515,0.0
1516,0.00628541839861
1517,0.000116298445646
1518,0.000747353901516
1519,0.000269247969539
1520,0.000134244656426
1521,0.0001067529748
1522,0.00301878327522
1523,0.0
1524,3.94188532238e-05
1525,0.000117574737852
1526,0.000826492595695
1527,9.88788713614e-05
1528,0.00180484947097
1529,7.43161078116e-05
1530,6.70067732291e-05
1531,0.00242586892677
1532,0.0081464541873
1533,0.000560844174227
1534,6.57705490892e-05
1535,0.00105987565058
1536,0.000528791636234
1537,3.91484872204e-05
1538,6.6912902831e-05
1539,0.000317087798412
1540,0.000616328172824
1541,0.000697069449508
1542,0.0
1543,0.000359571935276
1544,0.00011819711291
1545,0.000970802352624
1546,0.000672468065397
1547,6.50361315695e-05
1548,0.000866175412381
1549,0.00115671753505
1550,0.000442966588163
1551,0.000876571794784
1552,0.0
1553,0.00852617520386
1554,0.00145635172327
1555,0.0050129616736
1556,0.00452109133185
1557,0.0
1558,3.95390651708e-05
1559,0.0
1560,0.000691021722089
1561,0.0
1562,0.0
1563,0.000142235343357
1564,6.90011818358e-05
1565,0.000728119234139
1566,0.000954279939723
1567,0.00217798587909
1568,0.104641150936
1569,8.1254147795e-05
1570,0.0716187684963
1571,7.0430799695e-05
1572,0.00301983056087
1573,0.000847443211238
1574,0.00127760348199
1575,0.0
1576,0.00685214831683
1577,6.97661834268e-05
1578,0.0
1579,0.00111580457984
1580,0.00238575452711
1581,0.00210643244169
1582,0.123573851357
1583,0.000565502331562
1584,0.000142208962037
1585,0.0
1586,6.23606923704e-05
1587,0.0
1588,4.18369459911e-05
1589,5.48200207819e-05
1590,4.92192360193e-05
1591,0.0
1592,0.000749894236348
1593,0.0
1594,0.000470354156644
1595,0.000916132258018
1596,0.000265153665323
1597,0.00110446432821
1598,0.0
1599,0.000745834184329
1600,0.000151701778209
1601,0.000233492630386
1602,0.000105772842974
1603,0.000173950662953
1604,0.0697129540841
1605,0.00107649386211
1606,6.9625197324e-05
1607,0.0377747201484
1608,0.0
1609,6.35109452958e-05
1610,0.000268283697817
1611,0.00314304955354
1612,7.17670810544e-05
1613,0.00399125321221
1614,0.000456199591754
1615,0.00030603139813
1616,0.00626771893468
1617,0.0
1618,0.0
1619,4.17561121959e-05
1620,0.000292775278075
1621,0.0
1622,9.99228091394e-05
1623,0.000454730500207
1624,0.000100007327558
1625,0.000532815345583
1626,0.0
1627,8.11189845265e-05
1628,0.000294014658879
1629,0.00907846867527
1630,0.00014040849687
1631,0.00911196161166
1632,0.0
1633,0.0
1634,7.61741119164e-05
1635,0.00206108409266
1636,0.000388550178861
1637,0.0113856595624
1638,0.0
1639,0.0
1640,0.00230301983807
1641,0.000957181064603
1642,7.03443289298e-05
1643,0.000335592365811
1644,0.0
1645,0.00103134885663
1646,0.00130539259873
1647,0.0
1648,0.000741472500675
1649,7.51428881105e-05
1650,0.0
1651,0.000789997583172
1652,4.1729132497e-05
1653,0.0
1654,0.00126871961212
1655,0.000257005793997
1656,7.96124514375e-05
1657,0.0
1658,4.5334686138e-05
1659,5.66428130897e-05
1660,0.000872993411499
1661,0.000422533799582
1662,0.0
1663,0.000972305855645
1664,0.00811279240899
1665,0.000514214473342
1666,0.000507714504206
1667,0.0
1668,0.000855100572633
1669,0.0
1670,0.0
1671,0.00109011083377
1672,0.0
1673,7.36184244658e-05
1674,4.18681113556e-05
1675,0.0
1676,0.0436244152739
1677,0.000746969471111
1678,0.0
1679,0.000992534623918
1680,0.0
1681,5.30542687076e-05
1682,0.0
1683,0.0177809538934
1684,0.000686489727227
1685,0.00102973866684
1686,0.00118929217399
1687,0.0
1688,7.89575236251e-05
1689,0.00104637703301
1690,0.000740535035643
1691,5.25363673058e-05
1692,0.000927596108864
1693,0.0
1694,0.000571749007114
1695,0.0452793729146
1696,0.000946195257395
1697,0.000906825792922
1698,0.106536851547
1699,0.00100866405792
1700,0.0726879372948
1701,0.000838439615692
1702,0.0
1703,0.00029810853853
1704,0.000776679713363
1705,0.00254668799811
1706,0.000944750676176
1707,0.00635339446144
1708,7.09761827355e-05
1709,0.00398439999324
1710,0.0
1711,0.0106821666741
1712,0.0492923476103
1713,3.94534769272e-05
1714,0.000845991990056
1715,0.000297395564648
1716,0.000958800981306
1717,0.0
1718,0.000282099572843
1719,0.0366957669768
1720,0.0
1721,0.000345888927139
1722,0.000274557254415
1723,0.000715278408841
1724,0.0322849068915
1725,0.0341397566216
1726,0.0159331198089
1727,0.000383100303367
1728,0.0
1729,0.000310917714465
1730,3.91946723668e-05
1731,0.000733579711835
1732,0.0214361882445
1733,0.00966482743715
1734,0.000466972068543
1735,0.0
1736,0.000439348836334
1737,0.0162506335826
1738,0.000488996922772
1739,0.000458761490735
1740,0.000924048460877
1741,0.0
1742,3.91502732855e-05
1743,0.000309243271996
1744,0.00100679842848
1745,0.000868221893266
1746,0.000548951784177
1747,0.000518553126536
1748,0.0
1749,0.0
1750,0.00361067092083
1751,0.0333812816806
1752,0.0
1753,0.000582225587441
1754,0.000472319035016
1755,0.000212646609995
1756,0.0
1757,0.0322201798849
1758,6.75229409688e-05
1759,0.000208326152807
1760,0.000277982668474
1761,0.0
1762,0.000135328924538
1763,0.0
1764,0.0
1765,0.00379434443542
1766,0.000318345660041
1767,0.000105211620763
1768,0.0295734087115
1769,0.0257179852664
1770,0.000101665274178
1771,8.69391187193e-05
1772,0.0
1773,0.0
1774,0.00142896062052
1775,0.0
1776,0.000161440829118
1777,0.0012654153208
1778,0.000256495717457
1779,0.000164710293563
1780,0.0
1781,0.0
1782,0.00168764809946
1783,9.76339561496e-05
1784,8.6057500241e-05
1785,0.0
1786,0.0145336462498
1787,5.04534131509e-05
1788,6.96923418326e-05
1789,0.000299006295888
1790,0.0
1791,0.000168628910194
1792,0.000379652035872
1793,0.0
1794,0.000374261802524
1795,0.0130124258013
1796,0.000279517599721
1797,0.0
1798,0.000326807053369
1799,5.55595418881e-05
1800,0.00451531356052
1801,0.0241584595983
1802,9.37788436244e-05
1803,0.00590259643093
1804,0.0
1805,0.000417518935868
1806,0.0286837976186
1807,0.000415556017039
1808,8.25883393931e-05
1809,0.0237509073665
1810,0.0
1811,0.00151441023961
1812,8.52172389161e-05
1813,0.032029189249
1814,0.0
1815,0.00028722469229
1816,0.00012010135025
1817,0.00470099290539
1818,0.0
1819,0.0638242126574
1820,0.0124085402559
1821,0.0
1822,0.000416036578218
1823,0.000347217917397
1824,0.0
1825,0.0
1826,0.000118007950348
1827,0.000383470556368
1828,0.000338882622187
1829,0.0
1830,6.62912000364e-05
1831,0.00149016665228
1832,0.000855098044333
1833,0.0
1834,0.000386525556176
1835,0.00150289834304
1836,0.0
1837,5.31226099021e-05
1838,0.00317031631877
1839,0.000462477572715
1840,0.000551304234603
1841,6.49690346242e-05
1842,0.0
1843,6.60030777824e-05
1844,0.000343182082453
1845,0.000208321580964
1846,0.000463132900501
1847,0.0
1848,3.93425013021e-05
1849,0.000379275766925
1850,0.000450524258343
1851,0.000661565293174
1852,3.91481973518e-05
1853,0.0
1854,0.000380188656722
1855,9.52606911184e-05
1856,0.00243603861092
1857,0.0
1858,0.000517435122414
1859,0.000722020558005
1860,0.0930726068058
1861,0.000385064834819
1862,0.0
1863,0.000142882709716
1864,0.0130227510431
1865,0.000660130054102
1866,0.0096038648922
1867,0.0233458496063
1868,0.000147534210476
1869,4.1736084142e-05
1870,0.000756581039103
1871,0.000226177359672
1872,0.00010396542995
1873,0.00327992346795
1874,0.00261824331797
1875,0.0
1876,0.000290100754997
1877,0.0
1878,0.0177957529918
1879,0.000836603446146
1880,7.02027086454e-05
1881,0.000240853953724
1882,0.00151390213157
1883,0.0
1884,0.000819490873646
1885,0.000300070443147
1886,0.00204979166731
1887,8.70113910403e-05
1888,0.0602696586276
1889,0.0
1890,0.000223484152216
1891,0.000156287518246
1892,9.53786209994e-05
1893,0.0106839506366
1894,3.91349309017e-05
1895,0.000323174865656
1896,5.60878855587e-05
1897,6.18727128936e-05
1898,0.000360008070204
1899,0.000265042932673
1900,3.91738292533e-05
1901,0.0
1902,0.0
1903,3.9303165293e-05
1904,0.000128158171343
1905,0.0
1906,0.0
1907,7.03764048118e-05
1908,0.0031510749526
1909,0.0
1910,0.0
1911,0.000282263502381
1912,0.0
1913,0.0
1914,0.0
1915,0.000254954523819
1916,0.0444537956817
1917,0.000152494470565
1918,0.00176326315697
1919,0.000153558451579
1920,0.000118115694723
1921,6.6952504385e-05
1922,0.000255106826426
1923,0.000133793687926
1924,0.000421424285193
1925,0.0
1926,0.000786745031941
1927,3.9371126447e-05
1928,0.0
1929,0.000244830131803
1930,7.35282738007e-05
1931,0.000344984095523
1932,9.21602164348e-05
1933,6.98173397593e-05
1934,0.000177468987488
1935,0.000258298477581
1936,0.0
1937,0.00058106469094
1938,0.000495307118194
1939,0.0
1940,0.000836493034173
1941,0.000459675101547
1942,0.0599537534023
1943,0.00588810263224
1944,3.92482269467e-05
1945,4.78860834674e-05
1946,0.000174956282785
1947,0.00049533389017
1948,0.0
1949,0.0
1950,0.000127169495271
1951,7.03613001081e-05
1952,0.0
1953,0.0
1954,0.000698249037526
1955,0.000214913719844
1956,0.000167079491937
1957,0.0255675952461
1958,0.000346268226064
1959,0.00124903896395
1960,0.000141309868833
1961,0.000101396090323
1962,9.16409129048e-05
1963,0.00921768214993
1964,0.000178737921281
1965,0.00203028551234
1966,0.00242213574206
1967,0.0123787211555
1968,0.000305162434268
1969,5.59247788385e-05
1970,0.0
1971,0.0
1972,0.0
1973,0.0061417624066
1974,0.0535011795202
1975,0.000375092283682
1976,0.00074645605797
1977,0.00685135422304
1978,0.000397498725526
1979,0.000187296037881
1980,0.0161083684428
1981,0.00755618155497
1982,0.000343915460847
1983,0.0352163875757
1984,0.0
1985,0.0
1986,7.23604782635e-05
1987,0.000390462926379
1988,9.52560021807e-05
1989,0.0
1990,0.00491879957884
1991,4.68523009944e-05
1992,9.87888941459e-05
1993,0.0
1994,0.0
1995,0.0
1996,6.78166225452e-05
1997,0.00262557993384
1998,5.29223573165e-05
1999,6.97285083446e-05
