0,0.0
1,0.0
2,0.0
3,0.0
4,0.00109508050707
5,0.0
6,0.0
7,0.0
8,0.0
9,0.0
10,0.0
11,0.0
12,0.0
13,0.0
14,0.0
15,0.0
16,0.0
17,0.0
18,0.0
19,0.000345814896968
20,0.0
21,0.0
22,0.0
23,0.0
24,0.0
25,0.0
26,0.0
27,0.0
28,0.000126355443123
29,0.0
30,0.0
31,0.0
32,0.000219016101414
33,0.0
34,0.000205327595075
35,0.000193249501247
36,0.000182513417845
37,0.0
38,0.0
39,0.0
40,0.0
41,0.000215338179185
42,0.0
43,0.000156440072438
44,0.00791325514148
45,0.0
46,0.000149329160054
47,0.0
48,0.0
49,0.0
50,0.0
51,0.0
52,0.0144026661793
53,0.0
54,0.0101979372221
55,0.0
56,0.0
57,0.0
58,0.0
59,0.0
60,0.0
61,0.0
62,0.000243351223792
63,0.000117330054328
64,5.76358161611e-05
65,0.0
66,0.000111364119363
67,0.00272842092439
68,0.0
69,0.0
70,0.0
71,0.0
72,0.0
73,0.0
74,0.0052357412493
75,0.0
76,0.0
77,0.0
78,0.0
79,9.52243919191e-05
80,0.0
81,0.0
82,0.0
83,0.0
84,9.00066170191e-05
85,0.0
86,0.0
87,0.0
88,0.0
89,0.0
90,0.0
91,0.0
92,0.0
93,0.00616849146387
94,0.0
95,0.0
96,0.0
97,0.0
98,8.11170745975e-05
99,7.91624462939e-05
100,0.0
101,0.0
102,0.0
103,0.0
104,0.0
105,5.09339770726e-05
106,0.0
107,0.0
108,0.0
109,0.0
110,0.00220521769482
111,0.0
112,0.0
113,0.0
114,0.0
115,0.0
116,0.00107682916528
117,0.0
118,0.0
119,7.14182939391e-05
120,0.0
121,0.0
122,0.0
123,0.0
124,0.0
125,3.51790121799e-05
126,3.45814896968e-05
127,0.00177958077407
128,0.0
129,0.0
130,0.0
131,0.0
132,0.0
133,0.0
134,0.0
135,0.0
136,0.0
137,0.0
138,0.00054491794171
139,0.0
140,0.0
141,0.0
142,0.0
143,0.0
144,0.0
145,0.0
146,0.0
147,0.0
148,0.00360437199486
149,0.000916816738245
150,0.0
151,0.0
152,0.0
153,0.0
154,0.0
155,0.00112848349645
156,0.0
157,0.0
158,0.0
159,0.0
160,0.0
161,0.0
162,0.0
163,0.0
164,6.19856890794e-05
165,0.0
166,0.0
167,0.00463618195983
168,6.68880587918e-06
169,6.13055161735e-05
170,0.0
171,0.0
172,0.0
173,0.0
174,0.0
175,0.0
176,0.00364171476481
177,0.0
178,0.0
179,0.0
180,0.0
181,0.00307230920039
182,0.0
183,0.0
184,0.0
185,5.91935409225e-05
186,0.0
187,0.0
188,0.00116157600807
189,0.0
190,0.0
191,5.86650271644e-05
192,0.0
193,0.0
194,0.0
195,0.0
196,0.0
197,0.0
198,0.0
199,0.0
200,0.0
201,0.0
202,0.0
203,0.0
204,0.0
205,0.0
206,0.0
207,0.0
208,0.0
209,0.00436858740755
210,0.0
211,0.0
212,0.0
213,5.66420951933e-05
214,0.0
215,0.00157834569234
216,0.0
217,0.00563451679706
218,0.0
219,0.0
220,5.52141432134e-05
221,0.0
222,0.0
223,0.000108603025494
224,0.0
225,0.0
226,0.0
227,5.34185613204e-05
228,0.0
229,0.0012996176683
230,0.00302640309324
231,0.0
232,5.25638643392e-05
233,0.0
234,0.0
235,0.0
236,5.21466908127e-05
237,0.0
238,0.000639332320188
239,0.0
240,0.0
241,0.0038240578206
242,2.54669885363e-05
243,0.0
244,5.05421772493e-05
245,0.0
246,5.01563591023e-05
247,0.0
248,0.0
249,0.0
250,0.0
251,0.00378664033648
252,0.0
253,0.0
254,0.0
255,0.0
256,0.0
257,0.0
258,0.0
259,0.000301222374431
260,0.0
261,0.0
262,0.0
263,0.0
264,0.0
265,0.0
266,0.000562185611671
267,0.0
268,0.0
269,0.0
270,0.00179074599606
271,0.0026003493789
272,0.0
273,0.0
274,0.0
275,0.0
276,0.0
277,0.0013913245372
278,0.0
279,0.0
280,0.0
281,0.0
282,0.0
283,0.00112298970531
284,0.0
285,0.0
286,0.0
287,0.00128672759617
288,4.79597302365e-05
289,9.4539324351e-05
290,0.0
291,0.0
292,0.0
293,0.0
294,0.0
295,0.0
296,4.62710073409e-05
297,0.0
298,0.0
299,0.0
300,0.00275437471017
301,0.0
302,0.0
303,0.0
304,0.0
305,0.0
306,0.0
307,0.0
308,4.53136761545e-05
309,0.0
310,0.0
311,0.00135307601645
312,0.0
313,4.46971635538e-05
314,0.0
315,0.0
316,0.0
317,4.40972016269e-05
318,0.0
319,0.0
320,0.0
321,2.17565663655e-05
322,0.000926620890036
323,0.0
324,0.0
325,0.00168732141352
326,0.00319878779697
327,0.0
328,0.0
329,0.0
330,0.00212528296421
331,0.0
332,0.0
333,0.0032529633853
334,0.0
335,0.0
336,0.0
337,0.0
338,0.0
339,0.0
340,0.0
341,0.0
342,0.000778915160495
343,0.0
344,0.0
345,0.0
346,0.0
347,0.0
348,0.000331011940693
349,0.0
350,0.0
351,0.0
352,0.0
353,0.0
354,0.0
355,0.0
356,0.0
357,0.000303215018533
358,0.0
359,0.0
360,0.0
361,0.0
362,0.0
363,0.0
364,0.0
365,0.0
366,0.0
367,0.0
368,0.0
369,0.0015801744481
370,0.0
371,0.0
372,0.0
373,0.0
374,0.0
375,0.0
376,0.0
377,0.0
378,0.0
379,0.0
380,0.0
381,0.0
382,4.08104536795e-05
383,0.0
384,0.0
385,0.0
386,0.0
387,0.0
388,0.0
389,0.0
390,0.0
391,0.0
392,0.00198774104045
393,0.0
394,0.0
395,0.0
396,0.0
397,0.0
398,0.0
399,0.00147542666713
400,0.0
401,0.0
402,0.0
403,0.0
404,0.0
405,0.0
406,0.0
407,0.00174770324466
408,0.0
409,0.0
410,0.0
411,0.0
412,0.0
413,0.0
414,0.0
415,0.0
416,0.0
417,0.000663417224982
418,0.0
419,0.0
420,0.0
421,0.0
422,0.0
423,0.0
424,0.0
425,0.0
426,0.0
427,0.0
428,0.0
429,0.0
430,0.0
431,3.98211093479e-05
432,0.000419267528906
433,0.0
434,0.0
435,0.0
436,0.0
437,0.000676316320966
438,0.0
439,0.0
440,0.0
441,0.0
442,3.95812231471e-05
443,1.97906115734e-05
444,0.00180101067013
445,3.93442098348e-05
446,0.0
447,0.0
448,0.00100327735079
449,0.000428672589399
450,0.0
451,0.0
452,0.000328883141856
453,0.0
454,0.0
455,0.0
456,0.0012787442664
457,0.0
458,0.0
459,0.0
460,0.0
461,0.0
462,1.31223299401e-05
463,0.0
464,0.0
465,0.0
466,0.0
467,0.000258292776175
468,0.0
469,0.0
470,0.0
471,0.0
472,0.0
473,0.0
474,0.0
475,0.0
476,0.0
477,0.0
478,0.00233877908295
479,0.00128740507151
480,0.0
481,0.0
482,0.00196424044013
483,0.0
484,0.0
485,0.0
486,0.000709534411385
487,0.0
488,0.0
489,0.0
490,0.000610369313593
491,0.00246121971326
492,0.0
493,0.0
494,0.0
495,0.0
496,0.0
497,0.00112637967691
498,0.00248929627805
499,0.0
500,0.0
501,0.0
502,0.00153185081679
503,0.0
504,0.0
505,0.0
506,0.0
507,0.0
508,0.0
509,0.0
510,0.0
511,0.0
512,0.0
513,0.0
514,0.0
515,0.0
516,0.0
517,0.0
518,0.0
519,0.0
520,0.0
521,0.0
522,0.0
523,0.0
524,0.0
525,0.0
526,0.0
527,0.0
528,0.0
529,0.0
530,0.0
531,0.0
532,0.0014368161719
533,0.0
534,0.00160564441236
535,3.73792633472e-05
536,0.0
537,0.00113350438451
538,0.0
539,0.0
540,0.0
541,0.0
542,0.0
543,0.0
544,0.0
545,0.0
546,0.000948645322984
547,0.000191436289594
548,0.0
549,0.0
550,0.0
551,0.0
552,0.0
553,0.0
554,0.0
555,0.0
556,0.0
557,0.0
558,0.0
559,0.0
560,0.0
561,0.0
562,0.0
563,0.0
564,0.0
565,0.00115723150328
566,0.0
567,0.0
568,0.00232012298997
569,0.00234485062284
570,0.0
571,0.0
572,0.0
573,0.0
574,0.0
575,0.0
576,0.0
577,0.0
578,0.0
579,3.75456173852e-05
580,0.0
581,0.0
582,0.0
583,0.0
584,0.0
585,0.0
586,4.41986443572e-06
587,0.00147681073001
588,0.0
589,0.0
590,0.0
591,0.0
592,0.0
593,0.0
594,0.00158656081309
595,0.0
596,0.0
597,0.0
598,0.0
599,0.0
600,0.0007634275535
601,0.0
602,0.000368637406842
603,0.0
604,0.0
605,0.0
606,0.0
607,0.0
608,0.000150668881881
609,0.0
610,0.0
611,0.0
612,0.00123657967371
613,0.0
614,0.0
615,0.0
616,0.0
617,0.0
618,0.0
619,0.0
620,0.0
621,0.000223970149571
622,0.0
623,0.0
624,0.0
625,0.0
626,3.6502683569e-05
627,0.0
628,0.0
629,3.63010112841e-05
630,0.0
631,0.000620661693222
632,0.0
633,0.000930235774952
634,0.0
635,0.0021568649298
636,0.0
637,0.0
638,0.0
639,0.00019830470143
640,0.0
641,0.000586066779134
642,0.0
643,0.0
644,0.0
645,0.0
646,0.0
647,0.0
648,0.0
649,0.0
650,0.0
651,0.0
652,0.0
653,0.0
654,0.0
655,0.0
656,0.000229900531444
657,0.0
658,0.0
659,0.0
660,0.0
661,0.00052777035427
662,0.000782108994804
663,0.0
664,0.0
665,0.0
666,0.0
667,0.0
668,0.0
669,0.0
670,0.0
671,0.0
672,0.0
673,0.0
674,0.0012936684422
675,0.00102393608636
676,0.0
677,0.0
678,0.0
679,0.0
680,0.0
681,0.0
682,0.0
683,0.0
684,0.0
685,0.0
686,0.0
687,0.0
688,0.0
689,0.0
690,0.0
691,0.0
692,0.0
693,0.0
694,0.0
695,0.0
696,0.0
697,0.00134248235335
698,0.0
699,0.0
700,0.0
701,0.0
702,0.0
703,0.000192745293593
704,0.0
705,0.0
706,0.0
707,0.0
708,0.00170923090968
709,0.00222587016111
710,0.0
711,0.0
712,0.0
713,0.0
714,0.0012516487764
715,0.0
716,0.0
717,0.0
718,0.0011758680011
719,0.0
720,0.0
721,0.000440581500927
722,0.00113236074375
723,0.0
724,0.0
725,0.0
726,0.0
727,0.0
728,0.0
729,0.0
730,0.0
731,0.0
732,0.0
733,0.0
734,0.0
735,0.0
736,0.00127686845179
737,0.0
738,0.0
739,0.000345188420707
740,0.0
741,0.0
742,0.0
743,0.0
744,0.0
745,0.0
746,0.0
747,0.0
748,0.0
749,0.0
750,0.000133919879764
751,0.0
752,0.0
753,0.0
754,0.0
755,0.0
756,0.0
757,0.000278407066897
758,0.0
759,0.0
760,0.0
761,0.000868922576261
762,0.000535016854818
763,0.0
764,0.0
765,0.0
766,0.0
767,0.0
768,0.000590095368525
769,0.0
770,0.0
771,0.0
772,0.000311868304382
773,0.0
774,0.0
775,0.0
776,0.000583232020775
777,0.0
778,0.0
779,0.00183928903848
780,0.0
781,0.0
782,0.0
783,0.0
784,0.00168292880642
785,0.0
786,0.0
787,0.0
788,0.0
789,0.00228719917116
790,0.0
791,0.0
792,0.0
793,0.0
794,0.00189069070083
795,0.0
796,0.0
797,0.0
798,0.0
799,0.0
800,0.0
801,0.00243100206715
802,0.0
803,0.0
804,0.0
805,0.00210444294424
806,0.00224230586286
807,0.0
808,0.000386416445925
809,0.0
810,0.000490649300005
811,0.0
812,2.34626590171e-05
813,0.0
814,0.00204652067818
815,0.000860886494234
816,0.0
817,0.00255354410073
818,0.0
819,0.00149410235857
820,0.0
821,0.000628785969029
822,0.00111219817851
823,0.0
824,0.0
825,0.0
826,0.000255951383849
827,0.0
828,0.0
829,0.0
830,0.0
831,0.0
832,0.0
833,0.000462420140144
834,0.0
835,0.0
836,0.0
837,0.00140631533446
838,0.0
839,0.0
840,0.0
841,3.49493778852e-05
842,0.0
843,0.00251695562714
844,0.0
845,0.0
846,0.0
847,0.0
848,0.0
849,0.0
850,0.0
851,0.00132803802439
852,0.0
853,0.0
854,0.0
855,0.0
856,0.00303182982725
857,0.0
858,0.0
859,0.0
860,0.0
861,0.0
862,0.000458954646082
863,0.0
864,0.0
865,0.0
866,0.0
867,0.0
868,0.0
869,0.0
870,0.00108264186252
871,0.00153695063224
872,0.0
873,0.0
874,0.0
875,0.0
876,0.0
877,0.0
878,0.000734399751559
879,0.0
880,0.00165001051375
881,0.0
882,0.0
883,0.000613624850956
884,0.0
885,0.0
886,0.0
887,0.0
888,0.0
889,0.000543390638446
890,0.0
891,0.0
892,0.000630735649542
893,6.84425316918e-05
894,0.0
895,0.0
896,0.0
897,0.0
898,0.0
899,0.0
900,0.0
901,0.0
902,0.0
903,0.0
904,0.0
905,0.0
906,0.0
907,0.0
908,0.0
909,0.0017100681057
910,0.0
911,0.0
912,0.0
913,0.0
914,0.0
915,0.00158864841656
916,0.0
917,0.0
918,0.000954983276769
919,3.472507909e-05
920,1.09263491936e-05
921,0.0
922,0.000115019285546
923,0.0
924,0.0
925,0.0
926,0.00173675781271
927,0.0
928,0.0025946396116
929,0.0
930,0.0
931,0.0
932,0.0
933,0.000406122979801
934,0.0
935,0.000101602927869
936,0.0
937,0.0
938,0.000347545365837
939,0.0
940,0.0019742434514
941,0.0
942,0.0
943,0.000565798305357
944,0.0
945,0.00023345928364
946,0.0
947,0.00143562773609
948,0.0
949,0.0
950,0.0
951,0.0
952,0.0
953,0.0
954,0.0
955,0.0
956,0.0
957,0.0
958,0.0
959,0.0
960,0.0
961,0.0013672814279
962,0.0
963,0.0
964,0.0
965,0.0
966,0.00139619124355
967,0.0
968,0.0
969,0.0
970,0.0
971,0.00212670812289
972,0.0
973,0.0
974,0.000630080331483
975,0.0
976,0.0
977,0.0
978,0.0
979,0.0
980,0.0
981,0.0
982,0.0
983,0.000283031742276
984,0.00146855106712
985,0.0
986,0.0
987,0.0
988,0.0
989,3.73080966801e-05
990,0.0
991,0.0
992,0.000437112536429
993,0.000559266268011
994,0.0
995,0.0
996,0.000124937441958
997,0.0
998,0.0
999,0.000661033993188
1000,3.3352705799e-05
1001,0.0
1002,0.0
1003,0.0
1004,0.0
1005,0.0
1006,0.0
1007,0.0
1008,0.0
1009,0.00291516595634
1010,0.0
1011,0.000336836761842
1012,0.0
1013,0.0
1014,0.0
1015,0.00038853242024
1016,0.0
1017,0.0
1018,0.0
1019,0.0
1020,0.0
1021,0.0
1022,0.0
1023,0.0
1024,0.0
1025,0.0
1026,0.0
1027,0.000561226556002
1028,0.00134647794498
1029,0.00156150712384
1030,0.0
1031,0.00153011709611
1032,0.0
1033,0.0
1034,0.0
1035,0.0
1036,0.0
1037,0.000351687485542
1038,0.000175846573289
1039,0.00121549323468
1040,0.0
1041,0.000313946391963
1042,0.0
1043,0.000184234975468
1044,0.0
1045,0.0
1046,0.0
1047,0.0
1048,0.0
1049,0.000319238024871
1050,0.0
1051,0.0
1052,0.000730708511
1053,0.0
1054,0.0
1055,0.00104696281175
1056,0.0
1057,0.0
1058,0.0
1059,0.00124810439273
1060,0.000278970441063
1061,0.0
1062,0.0019111694666
1063,0.0
1064,0.0
1065,0.0
1066,0.000866513417431
1067,0.0
1068,0.0
1069,0.000703108072712
1070,0.0011105588185
1071,0.0
1072,0.0
1073,0.000828751608608
1074,0.00112214560947
1075,0.0
1076,0.0
1077,0.0
1078,0.0
1079,0.0
1080,0.0
1081,0.0
1082,0.0
1083,0.0
1084,0.000255563858807
1085,0.000666828211404
1086,0.0
1087,0.0
1088,0.0
1089,0.0
1090,0.0
1091,0.0
1092,0.0
1093,0.0
1094,0.0
1095,0.000584911125084
1096,0.0
1097,0.00266150690916
1098,0.000891760480309
1099,0.000803761600205
1100,0.00028170409364
1101,0.0
1102,0.0
1103,0.0
1104,0.000233110829643
1105,0.0
1106,0.0
1107,0.0
1108,0.0
1109,0.0
1110,0.000558736643849
1111,0.0
1112,0.0
1113,0.0
1114,0.0
1115,0.0
1116,0.0
1117,0.0
1118,0.0
1119,0.0
1120,0.0
1121,0.000625644645207
1122,0.0
1123,0.000312712807524
1124,0.0
1125,0.00104872458034
1126,0.0
1127,0.0
1128,0.0
1129,3.25271437743e-05
1130,0.0
1131,0.0
1132,0.0
1133,0.0
1134,0.0
1135,0.0
1136,0.0
1137,0.0
1138,0.0
1139,0.0
1140,0.0
1141,0.000931456256006
1142,0.0
1143,0.0
1144,0.000351294378219
1145,0.0
1146,0.000128025972984
1147,0.000399496627832
1148,0.0
1149,0.000524783565713
1150,0.0
1151,0.0
1152,0.0
1153,0.00244203462517
1154,0.0
1155,0.0
1156,0.0
1157,0.000164824467633
1158,0.0
1159,0.0
1160,0.000819935175707
1161,0.0
1162,0.0
1163,0.00119447988755
1164,0.0
1165,0.0
1166,0.0
1167,0.000372407121282
1168,0.0
1169,0.0
1170,0.000131254068827
1171,0.000159213947526
1172,3.22082502079e-05
1173,0.0
1174,0.0
1175,0.0
1176,0.0
1177,0.00237656057659
1178,0.00134466270262
1179,0.0
1180,0.000712523988814
1181,0.0
1182,0.0
1183,0.0
1184,8.68082516376e-05
1185,0.0
1186,0.0
1187,0.0
1188,0.0
1189,0.0
1190,0.0
1191,0.0
1192,0.000139598316016
1193,0.0
1194,0.000677662833505
1195,0.00137884544244
1196,0.0
1197,0.0
1198,0.0
1199,0.000396862369259
1200,0.0
1201,0.0
1202,0.0
1203,0.0001841198421
1204,0.0
1205,0.0
1206,0.000375798875017
1207,0.0
1208,0.0
1209,0.0
1210,0.0
1211,0.0
1212,0.0
1213,0.0
1214,0.0
1215,0.0
1216,0.0
1217,0.0
1218,0.0
1219,0.00364119060696
1220,0.0
1221,9.64320883026e-05
1222,0.0
1223,0.0
1224,0.0
1225,0.000652048766608
1226,0.0
1227,0.0
1228,0.0
1229,0.000198622983705
1230,0.0
1231,0.0
1232,0.0
1233,0.0
1234,0.0002873711977
1235,5.02211472074e-05
1236,0.0
1237,0.0
1238,0.0
1239,0.0
1240,0.0
1241,0.0
1242,0.0
1243,0.0
1244,0.0
1245,0.0
1246,0.0
1247,0.0
1248,0.0
1249,0.000281754730121
1250,0.000728034014573
1251,0.00049939675194
1252,0.0
1253,0.0
1254,6.12213244997e-05
1255,0.0
1256,0.0
1257,0.0
1258,0.0
1259,0.0
1260,0.0
1261,0.000313833340308
1262,0.000367252609078
1263,0.0
1264,0.0
1265,9.14992379354e-05
1266,0.0
1267,0.0
1268,0.0
1269,0.0
1270,0.0
1271,0.00140355188859
1272,0.0016798353505
1273,0.0
1274,1.32990739572e-05
1275,0.0
1276,0.0
1277,0.0
1278,0.0016878082045
1279,0.0
1280,0.0
1281,0.0
1282,0.00016923709979
1283,0.0
1284,0.0
1285,0.0
1286,0.0
1287,0.00159187629691
1288,0.0
1289,0.0
1290,0.0
1291,0.0
1292,0.0
1293,0.0
1294,0.0
1295,0.0
1296,0.0
1297,0.000681842924233
1298,0.0
1299,0.0
1300,0.0
1301,0.0
1302,0.0
1303,0.0
1304,0.0
1305,0.0
1306,0.0
1307,0.0
1308,0.0
1309,0.0
1310,0.0
1311,0.0
1312,0.0
1313,0.0
1314,0.0
1315,0.0
1316,0.0
1317,0.0
1318,0.0
1319,0.00184033652154
1320,0.0
1321,0.0
1322,0.0
1323,0.0
1324,6.77838481316e-05
1325,0.0
1326,0.000268388346244
1327,0.0
1328,0.0
1329,0.000609005221806
1330,0.0
1331,0.0
1332,0.00238839819583
1333,0.0
1334,0.0
1335,0.0
1336,0.000109672786245
1337,0.0
1338,0.000439390984178
1339,0.0
1340,0.0
1341,0.0
1342,0.0
1343,0.00163942739457
1344,0.00154625348703
1345,0.00103810538691
1346,0.0
1347,0.000342375613748
1348,0.0
1349,0.000373477198013
1350,0.0
1351,0.0
1352,0.0
1353,0.0
1354,0.0
1355,0.0
1356,3.41128396593e-05
1357,0.0
1358,0.0
1359,0.0
1360,0.00136329574297
1361,0.0
1362,0.0
1363,0.0
1364,0.0
1365,0.000992439904549
1366,0.00115744107118
1367,0.0
1368,0.0
1369,0.0
1370,0.0
1371,0.0
1372,0.0
1373,0.0
1374,9.80489919159e-05
1375,0.0
1376,0.00120426942482
1377,0.00086165209066
1378,0.0
1379,0.00113478236082
1380,7.72858198515e-05
1381,0.0
1382,0.0
1383,0.0
1384,0.0
1385,0.00141173008046
1386,0.0
1387,0.0
1388,0.0
1389,0.0
1390,0.0
1391,0.0
1392,0.0
1393,0.0
1394,0.000446793492068
1395,0.0
1396,0.0
1397,0.0
1398,0.0
1399,0.0
1400,0.0
1401,0.00156538163029
1402,0.0
1403,0.0
1404,0.0
1405,0.0
1406,0.0
1407,0.0
1408,0.0
1409,0.00104675478048
1410,0.000171067373406
1411,0.0
1412,0.0
1413,0.000631359720634
1414,0.0
1415,0.0
1416,0.0
1417,0.0
1418,0.0
1419,0.0
1420,0.0
1421,0.0
1422,0.0
1423,0.00153436323802
1424,0.0
1425,0.0
1426,0.0
1427,0.0
1428,0.0
1429,0.0
1430,0.0
1431,0.0
1432,0.000118682665759
1433,0.0
1434,0.00154593145055
1435,0.000477501753453
1436,0.0
1437,0.000494894049217
1438,0.0
1439,0.0
1440,0.00138733869999
1441,0.0
1442,0.000291373389799
1443,0.000515282073289
1444,0.0
1445,0.0
1446,0.0
1447,0.0
1448,0.000257271511609
1449,5.75643618723e-06
1450,0.000582554111805
1451,0.0
1452,0.0
1453,0.0
1454,0.0
1455,0.0
1456,0.0
1457,0.0
1458,0.0
1459,0.000106935714299
1460,0.0
1461,0.0
1462,0.0
1463,4.38497681018e-05
1464,0.0
1465,0.0
1466,0.0200751895074
1467,0.0
1468,0.0
1469,0.00100572849052
1470,0.000233170605154
1471,0.000422611577202
1472,0.000519378433078
1473,0.0
1474,0.0
1475,0.0
1476,0.000324384159812
1477,0.0
1478,0.0
1479,0.0
1480,0.0
1481,0.0
1482,0.0
1483,0.0
1484,0.0
1485,0.0
1486,0.0
1487,0.0
1488,0.0
1489,0.0
1490,0.000363842988199
1491,0.00174874780782
1492,0.0
1493,0.000132811565225
1494,0.0
1495,0.000283045346751
1496,0.0
1497,0.0
1498,0.0
1499,0.0
1500,0.0
1501,5.87340700651e-06
1502,0.0
1503,0.0
1504,0.00126522700331
1505,3.1741463973e-05
1506,0.0
1507,0.0
1508,0.0
1509,0.0
1510,0.0
1511,0.000452629043869
1512,0.0
1513,0.0
1514,0.0
1515,0.000210258977824
1516,0.000904754638641
1517,0.000481324303585
1518,0.000942923756542
1519,0.0
1520,0.0
1521,0.0
1522,0.0
1523,0.00104975245879
1524,0.000607089952945
1525,0.0
1526,0.0
1527,0.0
1528,0.000138346734818
1529,0.0
1530,0.0
1531,8.79273277381e-05
1532,0.0
1533,0.0
1534,0.0
1535,6.8213380144e-05
1536,0.0
1537,0.0
1538,0.0
1539,0.0
1540,0.0
1541,0.000127167022725
1542,0.0
1543,0.0
1544,0.000635187101603
1545,0.0
1546,0.0
1547,0.0
1548,0.000798473064293
1549,0.000687723199471
1550,0.0
1551,0.0
1552,0.000994876911022
1553,0.0
1554,0.001340217947
1555,0.0
1556,0.000437085052602
1557,0.000148436184739
1558,0.0
1559,0.0
1560,0.0
1561,0.0
1562,0.00164219451935
1563,0.0
1564,0.000352369069909
1565,6.48170531413e-05
1566,0.0
1567,0.0
1568,0.0
1569,0.000714171098907
1570,0.000209058470503
1571,0.0
1572,0.0
1573,0.0
1574,0.0
1575,0.0
1576,0.0
1577,0.000344317525233
1578,0.0
1579,0.000340483212552
1580,0.0
1581,0.0
1582,0.000833471554152
1583,0.0
1584,0.0
1585,0.0
1586,0.00464177446107
1587,0.0
1588,0.000489302279463
1589,0.0
1590,0.0
1591,0.0
1592,0.0
1593,0.0
1594,0.000984229627025
1595,0.0
1596,0.000741271710365
1597,0.000981927359399
1598,0.0
1599,0.000671480913565
1600,0.000992000105075
1601,0.0
1602,0.0
1603,0.0001453397961
1604,0.000341677239818
1605,0.00117506108415
1606,0.0
1607,0.0
1608,0.0
1609,0.00163960792448
1610,0.0
1611,0.0
1612,0.0
1613,0.0
1614,0.00149631616461
1615,0.000990617960232
1616,0.0
1617,0.0
1618,0.0
1619,0.000173589539257
1620,0.0
1621,0.0
1622,0.00170792060336
1623,0.0
1624,0.0
1625,0.0
1626,0.0
1627,0.0
1628,0.0
1629,0.0
1630,0.0
1631,0.0
1632,0.0
1633,0.0
1634,0.0
1635,0.0
1636,0.000199912862554
1637,0.0
1638,0.0
1639,0.0
1640,0.0
1641,0.0
1642,0.0
1643,0.0
1644,0.0
1645,0.0
1646,0.0
1647,0.000340681542496
1648,0.0
1649,0.0
1650,6.9213486109e-05
1651,0.0
1652,0.0
1653,0.0
1654,0.0
1655,0.0
1656,0.0
1657,0.000839396417108
1658,0.00111318463478
1659,0.00195565475232
1660,0.00143464734537
1661,0.0
1662,0.0
1663,0.0
1664,0.0
1665,0.0
1666,0.0
1667,0.0
1668,0.000224693813511
1669,0.0
1670,0.0
1671,0.0
1672,0.0
1673,0.0
1674,0.0
1675,0.00201434806354
1676,0.0
1677,0.0
1678,0.0
1679,0.00075601169478
1680,0.0
1681,0.0
1682,0.00114221592596
1683,0.0
1684,0.0
1685,0.0
1686,0.0
1687,0.00107593320234
1688,0.0
1689,0.0
1690,0.0
1691,0.0
1692,0.0
1693,0.0
1694,0.0
1695,0.0
1696,0.00156696077485
1697,0.0
1698,0.0
1699,0.0
1700,0.0
1701,0.0
1702,0.0
1703,0.0
1704,0.0
1705,0.0
1706,0.0
1707,0.0
1708,0.0
1709,0.0
1710,0.0
1711,0.0
1712,0.0
1713,0.0
1714,0.0
1715,0.0
1716,0.000843298778945
1717,0.000434286347283
1718,0.00122756673838
1719,0.0
1720,0.0
1721,0.00140963939144
1722,0.00152878682462
1723,0.0
1724,0.0
1725,0.0
1726,0.0
1727,9.20376486106e-05
1728,0.0
1729,0.0
1730,0.00121180564502
1731,0.0
1732,0.0
1733,6.96540305589e-05
1734,0.0
1735,0.0
1736,0.0
1737,0.0
1738,0.0
1739,0.0
1740,0.0
1741,0.000950558810671
1742,0.00143886394764
1743,0.0
1744,0.0
1745,0.0
1746,0.0
1747,0.0
1748,0.0
1749,0.0
1750,0.0
1751,0.0
1752,0.0
1753,0.0
1754,0.0
1755,0.0
1756,0.0
1757,0.0
1758,0.000946001009187
1759,0.000490610776235
1760,0.0
1761,0.0
1762,0.0
1763,0.0
1764,0.0
1765,0.0
1766,0.0
1767,0.000125151246032
1768,0.000366736314692
1769,0.000868735546687
1770,0.0
1771,0.0
1772,0.0
1773,0.0
1774,0.0
1775,0.0
1776,0.0
1777,0.0
1778,0.0
1779,0.0
1780,0.0
1781,0.0
1782,0.0
1783,0.0
1784,0.0
1785,0.0
1786,0.0
1787,0.0
1788,0.0
1789,0.0
1790,0.0
1791,0.0
1792,0.0
1793,0.0
1794,0.0
1795,0.0
1796,0.0
1797,0.0
1798,0.0
1799,0.0
1800,0.0
1801,0.0
1802,0.0
1803,0.0
1804,0.0
1805,0.0
1806,0.0
1807,0.0
1808,0.0
1809,0.0
1810,0.0
1811,0.0
1812,0.0
1813,0.0
1814,0.0
1815,0.0
1816,0.0
1817,0.0
1818,0.0
1819,0.0
1820,0.0
1821,0.0
1822,0.0
1823,0.0
1824,0.0
1825,0.0
1826,0.0
1827,0.0
1828,0.0
1829,0.0
1830,0.00164747180258
1831,0.000645485203449
1832,0.0
1833,0.0
1834,0.0
1835,0.0
1836,0.0
1837,0.0
1838,0.00101938740599
1839,0.0
1840,0.00143381226327
1841,0.0
1842,0.0
1843,0.0
1844,0.00211995157886
1845,0.0
1846,0.000152334987544
1847,0.0
1848,0.0
1849,0.0
1850,0.0
1851,0.0
1852,0.0
1853,0.0
1854,0.0
1855,0.0
1856,0.0
1857,0.0
1858,0.0
1859,0.0
1860,3.09928445397e-05
1861,0.000393163830358
1862,0.0
1863,0.0
1864,0.0
1865,0.000720541811294
1866,0.0
1867,0.0
1868,0.0
1869,0.0
1870,3.08473382272e-05
1871,0.0
1872,0.0
1873,0.0
1874,0.0
1875,0.0
1876,0.0
1877,0.0
1878,0.000820124794092
1879,0.0
1880,0.000783324583425
1881,0.0
1882,0.0
1883,0.0
1884,0.0
1885,0.000464484570805
1886,0.0
1887,0.0
1888,0.0
1889,0.0
1890,0.0
1891,0.0
1892,0.0
1893,0.0
1894,0.0
1895,0.0
1896,0.00147071229664
1897,0.0
1898,0.0
1899,0.0
1900,0.000981395170629
1901,0.0
1902,0.000564266791661
1903,0.000113864533055
1904,0.0
1905,0.0
1906,0.000177902439579
1907,0.00183644636175
1908,0.0
1909,0.000344436024524
1910,0.0
1911,0.0
1912,0.0
1913,0.0
1914,0.0
1915,0.0
1916,0.0
1917,0.00120748084943
1918,0.0
1919,0.000141373424968
1920,0.0
1921,0.0
1922,0.0
1923,0.0
1924,0.0
1925,0.0
1926,0.000198323463026
1927,0.0
1928,0.0
1929,0.0
1930,0.000374566673546
1931,0.0
1932,0.00113656319674
1933,0.000273333229385
1934,0.0
1935,0.0
1936,0.0
1937,0.0
1938,0.0
1939,0.0
1940,0.0
1941,0.0
1942,0.00065040605633
1943,0.00175652856598
1944,0.0
1945,0.0
1946,5.96111736372e-05
1947,0.00319091051388
1948,0.0
1949,0.0
1950,0.0
1951,0.0
1952,0.0
1953,0.0
1954,0.0
1955,0.0
1956,0.0
1957,0.0
1958,4.19317675047e-06
1959,0.0
1960,0.00149416097364
1961,0.0
1962,0.0
1963,0.00108153029508
1964,0.000493800921599
1965,0.000351244933391
1966,0.0
1967,0.0
1968,0.0
1969,0.0
1970,0.000916116348646
1971,0.00179660157844
1972,0.0
1973,0.0
1974,0.00161509732826
1975,0.0
1976,0.0
1977,0.0
1978,0.0
1979,0.0
1980,0.000504356273294
1981,0.0
1982,0.0
1983,0.0
1984,0.00216414624619
1985,0.000754732393151
1986,0.000356398516607
1987,0.0
1988,0.0
1989,0.00197620465852
1990,0.0
1991,0.0
1992,0.0
1993,0.0
1994,0.0
1995,0.0
1996,0.0
1997,0.0
1998,0.00178422225601
1999,0.0
