0,0.0
1,0.0
2,2.84217094304e-14
3,0.0
4,1.01506105109e-14
5,5.68434188608e-14
6,0.0
7,0.0
8,0.0
9,0.0
10,0.0
11,8.33703476625e-14
12,0.0
13,0.0
14,0.0
15,0.0
16,0.0
17,0.0
18,0.0
19,0.0
20,0.0
21,0.0
22,0.0
23,0.0229591836735
24,0.0
25,0.0
26,2.75048800939e-15
27,0.0
28,0.0
29,0.0
30,0.0
31,0.0
32,0.0
33,7.6815430893e-16
34,0.0
35,2.47802197802
36,0.0
37,5.28775989403e-15
38,0.0
39,0.0
40,0.0
41,0.0
42,9.26794872731e-16
43,0.0
44,0.0
45,0.0
46,2.17513082376e-15
47,0.0
48,0.0
49,0.0
50,4.29006934799e-15
51,0.611859838275
52,0.0
53,0.0
54,1.80173336568e-14
55,0.0
56,0.0
57,1.9268955546e-15
58,0.0
59,0.0
60,0.0
61,0.0
62,0.0
63,1.42108547152e-15
64,5.38289951333e-16
65,0.0
66,0.0
67,0.0
68,0.0
69,2.29881473334e-15
70,0.241496598639
71,0.0
72,6.90805437545e-15
73,0.0
74,0.0
75,0.0
76,0.0
77,0.0
78,2.49151348903e-15
79,0.0
80,0.0
81,3.30986995898e-14
82,0.0
83,0.0
84,5.54569940105e-15
85,0.0
86,0.00715563506261
87,2.1234610494e-14
88,1.27738019912e-14
89,0.0
90,0.0
91,0.682783882784
92,0.0
93,3.21288889213e-14
94,0.0
95,0.0
96,0.0
97,0.0
98,0.0
99,0.0
100,0.0
101,0.0
102,5.07530525543e-16
103,0.0
104,0.0
105,0.0
106,1.67186526061e-14
107,0.0
108,6.61779998992e-16
109,0.0
110,0.0
111,0.0
112,2.14503467399e-15
113,0.0
114,7.02498855733e-14
115,0.0
116,0.0
117,0.0
118,0.0
119,0.0
120,3.42376333046e-13
121,0.0
122,0.00382653061224
123,0.0
124,0.0
125,0.0
126,0.0
127,0.0
128,0.0
129,0.0
130,0.0
131,0.0
132,0.0
133,0.0
134,0.0
135,0.0
136,0.0
137,0.0
138,0.0
139,0.0
140,0.0
141,0.0
142,0.0
143,0.0
144,4.80489964756e-16
145,0.0
146,1.38642485026e-15
147,0.0
148,0.0
149,0.0
150,0.0
151,0.0
152,0.0
153,0.0
154,0.0
155,0.0
156,0.0
157,0.0
158,0.0
159,0.0
160,0.0
161,2.50111042988e-15
162,0.0
163,0.0
164,0.0
165,0.0
166,0.0
167,1.19371179608e-15
168,0.0
169,0.0
170,0.0
171,0.0
172,0.0
173,0.0
174,4.51662824282e-15
175,0.0
176,0.0
177,2.29559960784e-15
178,3.47135382356e-15
179,0.0
180,3.35745002623e-14
181,0.0
182,0.0
183,4.48292802371e-14
184,0.0
185,4.88159131438e-16
186,2.36847578587e-15
187,0.0
188,0.0
189,0.0
190,0.0
191,2.12102309182e-16
192,0.0
193,1.43169058698e-15
194,0.0
195,2.28009982371e-15
196,0.0
197,0.0
198,0.0
199,6.00826578032e-15
200,0.0
201,0.0
202,0.0
203,1.19288196514e-14
204,0.0
205,0.0
206,6.62491644277e-14
207,0.0
208,0.0
209,0.0
210,0.0
211,0.0
212,0.0
213,0.0
214,0.0
215,0.0
216,0.0
217,0.0
218,0.0
219,0.0
220,0.0
221,0.0
222,4.82153999266e-16
223,0.0
224,1.01506105109e-16
225,0.0
226,0.0
227,0.0
228,0.0
229,0.0
230,0.0
231,0.0
232,0.0
233,0.0
234,6.04717221923e-16
235,0.0
236,0.0
237,0.0
238,0.0
239,0.0
240,0.0
241,0.0
242,1.34213627866e-14
243,0.0
244,0.0
245,0.0
246,0.0
247,0.0
248,0.0
249,0.0
250,0.0
251,1.47218614772e-15
252,0.0
253,0.0
254,0.0
255,0.0
256,0.0
257,0.0
258,0.0
259,1.16006977267e-15
260,1.64343217795e-15
261,0.0
262,1.90928150085e-15
263,3.48069921234e-16
264,0.0
265,0.0
266,0.0
267,0.0
268,0.0
269,0.0
270,0.0
271,0.0
272,0.0
273,1.84717106475e-14
274,0.0
275,0.0
276,0.0
277,0.0
278,0.0
279,1.35909181001e-15
280,0.0
281,0.0
282,6.67624047023e-16
283,0.0
284,0.0
285,0.0
286,3.78956125739e-16
287,0.0
288,0.0
289,0.0
290,0.0
291,0.0
292,0.0
293,0.0
294,2.39984632608e-15
295,3.92916016132e-15
296,0.0
297,0.0
298,0.0
299,1.52931383525e-15
300,1.07516335016e-15
301,0.0
302,0.0
303,0.0
304,0.0
305,0.0
306,0.0
307,0.0
308,0.0
309,0.0
310,0.0
311,0.0
312,8.12712279464e-17
313,0.0
314,0.0
315,0.0
316,0.0
317,0.0
318,0.0
319,0.0
320,0.0
321,0.0
322,0.0
323,3.72232710605e-14
324,9.62670803288e-16
325,0.0
326,0.0
327,0.0
328,0.0
329,0.0
330,0.0
331,2.9378209267e-15
332,0.0
333,0.0
334,0.0
335,0.0
336,0.0
337,0.0
338,0.0
339,0.0
340,0.0
341,7.46748735035e-16
342,0.0
343,6.22290612529e-17
344,0.0
345,0.0
346,0.0
347,1.79884236901e-16
348,0.0
349,0.0
350,0.0
351,0.0
352,0.0
353,0.0
354,5.93617981774e-15
355,2.30926389122e-15
356,2.20665445888e-17
357,3.44306202205e-15
358,0.0
359,0.0
360,0.0
361,0.0
362,0.0
363,0.0
364,0.0
365,0.0
366,0.0
367,0.0
368,3.22577683719e-15
369,0.0
370,4.14119999369e-16
371,1.37313473475e-15
372,0.0
373,0.0
374,0.0
375,0.0
376,0.0
377,8.66515531415e-17
378,0.0
379,0.0
380,5.74716426211e-14
381,0.0
382,1.39955387347e-16
383,2.88523413915e-15
384,0.0
385,0.292061222036
386,1.61917617361e-14
387,1.37802227541e-15
388,0.0
389,0.0
390,0.0
391,0.0
392,0.0
393,0.0
394,0.0
395,0.0
396,8.36813884585e-15
397,0.0
398,0.0
399,0.0
400,0.0
401,0.0
402,7.81168971543e-16
403,0.0
404,0.0
405,0.0
406,0.0
407,0.0
408,0.0
409,0.0
410,0.0
411,0.0
412,0.0
413,0.0
414,0.0
415,2.72303802926e-15
416,0.0
417,0.0
418,7.65854445729e-16
419,0.0
420,7.02033241919e-16
421,0.0
422,0.0
423,4.65236315081e-16
424,0.0
425,0.0
426,0.0
427,0.0
428,0.0
429,0.0
430,0.0
431,0.0
432,0.0
433,0.0
434,0.0
435,0.0
436,0.0
437,0.0
438,0.0
439,8.35932630306e-16
440,1.97907050225e-14
441,0.0
442,0.0
443,0.0
444,0.0
445,0.0
446,3.34373052122e-15
447,0.0
448,0.0
449,6.68746104245e-16
450,0.0
451,0.0
452,0.0526569611388
453,0.0
454,0.0
455,0.0
456,2.36847578587e-15
457,0.0
458,0.0
459,0.0
460,0.265224107157
461,0.0
462,0.0
463,0.0
464,0.0
465,0.0
466,0.0
467,1.15669747682e-15
468,0.0
469,0.0
470,1.28062934934e-15
471,0.0
472,0.0
473,0.0
474,0.0
475,0.0
476,0.0
477,0.0
478,0.0
479,0.0
480,0.0
481,0.0
482,0.0
483,0.259704181394
484,1.98171601159e-15
485,0.0
486,0.0
487,0.0
488,0.0
489,0.0
490,0.0
491,0.0
492,1.64287337748e-16
493,0.0
494,0.0
495,0.0
496,0.0
497,0.0
498,0.0
499,0.0
500,0.0
501,0.0
502,0.0
503,5.61862695098e-14
504,0.0
505,0.189444852168
506,0.0
507,0.0
508,1.36799894529e-15
509,3.33832578439e-15
510,0.0
511,0.0
512,0.0
513,0.0
514,0.0
515,0.0
516,0.0
517,0.0
518,0.0
519,0.0
520,0.0
521,0.0
522,0.0
523,1.04539620893e-14
524,0.0
525,5.81909999114e-16
526,0.0
527,1.64364052381e-15
528,0.0
529,3.58640320506e-14
530,0.0
531,0.0
532,0.0
533,0.0
534,0.0
535,1.70530256582e-15
536,0.0
537,0.0
538,0.0
539,0.0
540,0.0
541,0.0
542,0.0
543,0.0
544,0.0
545,0.0
546,0.0
547,0.0
548,2.74437152155e-17
549,5.46878397748e-15
550,0.0
551,0.0
552,0.0
553,0.0
554,0.0
555,0.0
556,0.0
557,3.79222246614e-16
558,0.0
559,0.0
560,0.0659082671587
561,0.0
562,0.0
563,0.0
564,0.0546783625731
565,0.0
566,0.0
567,0.0
568,0.0
569,0.0
570,0.0
571,3.43922421406e-15
572,1.57898385724e-16
573,0.0
574,0.0
575,0.0
576,0.0
577,0.0
578,0.0
579,0.0
580,3.416070845e-16
581,0.0
582,0.0
583,5.33883072062e-15
584,0.0
585,0.0
586,0.0
587,0.0
588,0.0
589,0.0
590,0.0
591,0.0
592,0.0
593,0.0
594,0.0
595,3.85918403461e-14
596,0.0
597,0.0
598,0.0069395614081
599,0.0
600,0.0
601,0.0
602,1.76664997143e-14
603,0.0
604,0.0
605,4.98152244093e-15
606,0.0
607,0.0
608,0.0
609,0.0
610,0.0
611,0.0
612,0.0
613,0.0
614,0.0
615,0.0
616,0.0
617,0.0
618,0.0
619,0.0
620,0.0
621,0.0
622,0.0
623,3.39824786668e-15
624,0.0
625,0.0
626,0.0
627,7.33712607578e-16
628,3.65890892463e-15
629,0.0
630,0.0
631,0.0
632,0.0
633,4.63397436365e-16
634,3.3654238816e-14
635,0.0
636,7.81983173866e-16
637,0.0
638,0.0
639,2.04628584608e-13
640,0.0
641,3.86164530304e-16
642,0.0
643,0.0
644,0.0
645,0.0
646,0.0
647,0.0
648,0.0
649,0.0
650,1.83428151895e-16
651,0.0
652,0.0
653,0.0
654,0.0
655,0.0
656,0.0
657,0.0
658,0.0
659,0.0
660,2.79969284471e-16
661,0.0
662,0.0
663,0.0
664,0.0
665,1.44811698864e-16
666,0.0
667,0.0
668,1.72808627311e-15
669,0.0
670,6.14523447144e-16
671,0.0
672,0.0
673,0.0
674,1.34427004063e-16
675,0.0
676,1.00820253047e-15
677,0.0
678,0.0
679,0.0
680,0.0
681,0.0
682,0.0
683,0.0
684,0.0
685,0.0
686,1.72834719509e-16
687,2.43180401544e-15
688,0.0
689,0.0
690,0.0
691,0.0
692,9.87920381271e-16
693,0.0
694,0.0
695,0.0
696,0.0
697,1.51987750965e-16
698,1.48188057191e-15
699,9.11926505788e-16
700,0.0
701,0.0
702,0.0
703,0.0
704,0.0
705,0.0
706,0.0
707,0.0
708,0.0
709,2.16582545125e-15
710,0.0
711,0.0
712,0.0
713,0.0
714,0.0
715,0.0
716,0.0
717,9.4992344353e-16
718,6.36448707165e-16
719,0.0
720,0.0
721,0.0
722,0.0
723,0.0
724,1.69086372948e-14
725,0.0
726,0.0
727,6.17450238294e-16
728,0.0
729,0.0
730,0.0
731,1.88974131851e-16
732,0.0
733,2.26768958221e-16
734,0.0
735,0.0
736,4.53537916443e-16
737,0.0
738,0.0
739,0.0
740,0.0
741,0.0
742,0.0
743,0.0
744,0.0
745,0.0
746,0.0
747,0.0
748,7.60355916971e-15
749,8.6468163611e-16
750,0.0
751,0.0
752,0.0
753,0.0
754,0.0
755,4.60536958363e-16
756,0.0
757,5.6095479139e-17
758,0.0
759,0.0
760,3.37600802462e-15
761,3.34810713185e-16
762,0.0
763,0.0
764,0.0
765,0.0
766,0.0
767,0.0
768,0.0
769,0.0
770,0.0
771,0.0
772,0.0
773,0.0
774,0.0
775,0.0
776,0.0
777,0.0
778,0.0
779,0.0
780,0.0
781,0.0
782,6.88222021548e-16
783,2.04606546947e-16
784,0.251245566627
785,6.32420236017e-15
786,3.16210118008e-16
787,2.23207142124e-16
788,0.0
789,0.163300922463
790,8.32376634169e-16
791,0.0
792,0.0
793,0.0
794,1.48469950703e-13
795,8.98408747047e-15
796,0.0
797,0.0
798,3.0690982042e-16
799,0.0
800,0.0
801,0.0
802,0.0
803,0.0
804,0.0
805,0.0
806,8.92828568494e-16
807,0.0
808,4.83615474601e-16
809,0.0
810,5.18104078158e-16
811,0.0
812,0.0
813,0.0
814,0.0
815,0.0
816,0.0
817,4.99600361081e-16
818,0.0
819,0.0
820,0.0
821,0.0
822,3.51570624465e-16
823,0.0
824,0.0
825,0.0
826,0.0
827,0.0
828,0.0
829,0.0
830,0.0
831,0.0
832,0.0
833,0.0
834,0.0
835,0.0
836,0.0
837,0.0
838,0.0
839,0.0
840,0.0
841,0.0
842,0.0
843,0.0
844,0.0
845,0.0
846,0.0
847,1.47262743163e-16
848,0.0
849,0.0
850,7.14224304339e-15
851,0.0
852,0.0
853,0.0
854,6.56239599219e-15
855,0.0
856,0.0
857,1.74874507506e-15
858,0.0
859,0.0
860,0.0
861,7.63557323299e-14
862,4.78603915279e-16
863,0.0
864,0.0
865,0.0
866,0.0
867,0.0
868,1.22228076825e-14
869,0.0
870,0.0
871,0.0
872,0.0
873,7.65766264446e-15
874,0.0
875,0.0
876,2.00409489573e-16
877,0.0
878,0.0
879,0.0
880,0.0
881,0.0
882,0.0
883,0.0
884,0.0
885,0.0270220775474
886,0.0
887,0.0
888,0.0
889,0.0
890,0.0
891,0.0
892,0.0
893,1.01506105109e-15
894,0.0
895,0.0
896,0.0
897,0.0
898,0.0
899,0.0
900,0.0
901,0.0
902,0.0
903,0.0
904,0.0
905,1.53289676496e-16
906,0.0
907,0.0
908,0.0
909,9.01703979391e-17
910,0.0
911,0.0
912,0.211082940284
913,0.0
914,0.0
915,0.0
916,0.0
917,9.10721019185e-16
918,0.0
919,0.0
920,0.0
921,0.0
922,4.36424726025e-15
923,0.0
924,1.61585353107e-14
925,0.0
926,0.0
927,0.0
928,0.0
929,0.0
930,0.0
931,0.0
932,0.0
933,0.0
934,0.0
935,0.0
936,0.0
937,0.0
938,0.0
939,7.17719935111e-17
940,0.0
941,0.0
942,0.0
943,1.43543987022e-16
944,0.0
945,0.22958890221
946,0.0
947,0.0
948,0.0
949,0.0
950,0.0
951,0.0
952,0.0
953,0.0
954,0.0
955,0.0
956,0.0
957,0.0
958,1.73262078085e-14
959,0.0
960,0.0
961,6.81833938356e-16
962,0.0
963,0.0
964,0.0
965,4.844609562e-16
966,0.0
967,0.0
968,1.73953537225e-15
969,0.0
970,2.32086823238e-16
971,0.0
972,0.0
973,1.78528325568e-17
974,1.10151976875e-14
975,0.0
976,0.0
977,0.0
978,2.30301539983e-14
979,0.0
980,0.0
981,0.0
982,0.0
983,0.0
984,0.0
985,0.0
986,7.45355759246e-16
987,0.0
988,0.0
989,0.0
990,0.0
991,1.33539187525e-14
992,5.89143474374e-16
993,0.0
994,0.0
995,2.32086823238e-16
996,1.71387192545e-15
997,0.0
998,0.0
999,0.0
1000,0.0
1001,0.0
1002,0.0
1003,0.0
1004,6.42701972044e-16
1005,0.0
1006,0.0
1007,0.0
1008,0.0
1009,0.0
1010,0.0
1011,4.42750247408e-15
1012,0.0
1013,3.92762316249e-16
1014,0.0
1015,0.0
1016,0.0
1017,0.0
1018,0.0
1019,0.0
1020,7.65774936483e-15
1021,0.0
1022,0.0
1023,0.0
1024,5.69059037748e-17
1025,7.05186885993e-15
1026,0.0
1027,3.21350986022e-16
1028,0.0
1029,0.0
1030,0.0
1031,1.16578996596e-14
1032,0.0
1033,0.0
1034,0.0
1035,0.0
1036,1.172395514e-15
1037,0.0
1038,0.0
1039,1.50990331349e-16
1040,0.0
1041,1.95399252334e-16
1042,0.0
1043,0.0
1044,0.0
1045,0.0
1046,3.10862446895e-16
1047,5.3290705182e-17
1048,0.0
1049,0.0
1050,0.0
1051,0.0
1052,0.0
1053,0.0
1054,0.0
1055,4.08562073062e-16
1056,2.13162820728e-16
1057,0.0
1058,0.0
1059,0.0
1060,2.20268248086e-15
1061,0.0
1062,0.0
1063,0.0
1064,0.0
1065,0.0
1066,1.23726347023e-16
1067,2.12102309182e-16
1068,0.0
1069,6.36306927546e-16
1070,0.0
1071,0.0
1072,0.0562434896568
1073,0.0
1074,0.0
1075,0.0
1076,0.0
1077,0.434414363246
1078,0.0
1079,0.0
1080,0.0
1081,0.0
1082,7.38683042127e-16
1083,0.0
1084,1.20475686633e-15
1085,1.23113840354e-16
1086,0.0
1087,0.0
1088,0.0
1089,0.0
1090,0.0
1091,0.0
1092,1.53892300443e-17
1093,0.0
1094,0.0
1095,0.0
1096,0.0
1097,0.0
1098,0.0
1099,0.0
1100,0.0
1101,1.74777684075e-16
1102,0.0
1103,0.0
1104,0.0
1105,0.00519633596013
1106,0.0
1107,1.16078763763e-15
1108,0.0
1109,3.50021052099e-16
1110,0.0
1111,0.0
1112,0.0
1113,7.00042104197e-17
1114,0.0
1115,0.00294422127089
1116,0.0
1117,0.0
1118,0.0
1119,0.0
1120,0.0
1121,0.0
1122,0.0
1123,0.0
1124,0.0
1125,0.0
1126,0.0
1127,0.0
1128,0.0
1129,0.0
1130,0.0
1131,0.0
1132,0.0
1133,0.0
1134,0.0
1135,0.0
1136,0.0
1137,0.0
1138,0.0
1139,0.0
1140,0.0
1141,2.33639052276e-15
1142,0.0
1143,7.00042104197e-16
1144,0.0
1145,0.0
1146,0.0
1147,0.0
1148,0.173376638048
1149,0.0
1150,0.0
1151,0.0
1152,0.0
1153,0.0
1154,0.0
1155,0.0
1156,0.0
1157,0.0
1158,0.0
1159,0.0
1160,0.0
1161,4.51702167733e-14
1162,3.32519999494e-16
1163,0.0
1164,0.00366407336861
1165,0.0
1166,7.56045472533e-15
1167,0.0
1168,4.08649578325e-15
1169,0.0
1170,9.05593682832e-16
1171,0.0
1172,0.0
1173,0.0
1174,0.0
1175,6.8267831475e-14
1176,0.0
1177,0.0
1178,0.0
1179,0.0
1180,0.0
1181,0.0
1182,0.0
1183,0.0
1184,3.13474736365e-16
1185,0.0
1186,0.0
1187,0.0
1188,0.0
1189,0.0
1190,0.0
1191,0.0
1192,0.0
1193,0.0
1194,0.0
1195,0.0
1196,0.0
1197,0.0
1198,3.43080683688e-15
1199,0.0
1200,1.02314670897e-16
1201,0.0
1202,0.0
1203,0.0
1204,0.0
1205,0.0
1206,0.0
1207,0.0
1208,3.39597631062e-16
1209,0.0
1210,0.0
1211,0.0
1212,0.0
1213,0.0
1214,0.0
1215,0.0
1216,0.0
1217,0.0
1218,0.0
1219,0.0
1220,0.0
1221,0.0
1222,0.0
1223,0.0
1224,0.0
1225,0.0
1226,0.0
1227,0.0
1228,1.82860262879e-16
1229,0.0
1230,0.0
1231,0.0
1232,1.73717249735e-15
1233,2.80821117993e-16
1234,0.0
1235,0.0
1236,1.39322105051e-16
1237,0.0
1238,0.0
1239,0.0
1240,0.0
1241,0.0
1242,0.0
1243,0.0
1244,0.0
1245,3.04767104799e-16
1246,0.0
1247,9.05593682832e-16
1248,5.76880591227e-17
1249,0.0
1250,3.15564567941e-14
1251,0.0
1252,1.32355999798e-15
1253,1.82860262879e-16
1254,0.0
1255,0.0700143689429
1256,0.196561789699
1257,0.0
1258,0.0
1259,0.0
1260,0.0
1261,0.0
1262,0.0
1263,0.0
1264,0.0
1265,0.0
1266,0.0
1267,0.0
1268,0.0
1269,0.0
1270,0.0
1271,0.0
1272,0.0
1273,0.0
1274,0.0
1275,0.0135797742846
1276,0.0
1277,0.0
1278,0.0
1279,5.92118946467e-16
1280,0.0
1281,0.0
1282,0.0
1283,0.0
1284,7.70190011985e-15
1285,0.0
1286,0.0
1287,0.0
1288,0.0
1289,0.0
1290,0.0
1291,0.0
1292,0.0
1293,0.0
1294,0.0
1295,0.0158109693192
1296,2.43813683839e-16
1297,0.0
1298,0.0196015806378
1299,0.0
1300,0.0
1301,0.0
1302,0.0
1303,4.70212104547e-16
1304,0.0
1305,0.0
1306,0.0
1307,2.61228946971e-16
1308,0.0
1309,6.14758788538e-15
1310,0.0
1311,4.17966315153e-16
1312,0.0
1313,0.0
1314,0.0
1315,0.0
1316,0.0
1317,0.0
1318,6.09534209598e-17
1319,0.0
1320,0.0
1321,0.0
1322,0.0
1323,0.0
1324,0.0
1325,5.48580788638e-16
1326,2.96059473233e-16
1327,0.0
1328,0.0
1329,1.65444999748e-15
1330,0.0
1331,0.0436354919234
1332,0.0
1333,0.0
1334,2.08983157577e-16
1335,0.0
1336,0.0
1337,0.0
1338,0.0
1339,0.0353248228802
1340,0.0
1341,1.78332294465e-14
1342,3.46606212566e-17
1343,0.0
1344,0.0
1345,0.0
1346,0.0
1347,0.0
1348,7.79863978273e-16
1349,0.0
1350,0.0
1351,0.0
1352,1.90633416911e-16
1353,5.89230561362e-16
1354,0.0
1355,0.0
1356,4.85248697592e-16
1357,3.11945591309e-16
1358,0.0
1359,0.0
1360,2.96634345997e-15
1361,0.0
1362,0.0
1363,0.0
1364,0.0
1365,0.0
1366,0.0
1367,0.0
1368,0.0
1369,0.0
1370,4.48400755577e-15
1371,0.0
1372,0.0
1373,0.0
1374,0.0
1375,1.29346371801e-17
1376,0.0
1377,2.46189260995e-15
1378,1.20723280348e-16
1379,0.0
1380,0.0
1381,0.0
1382,0.0
1383,0.0
1384,0.0
1385,0.0
1386,0.0
1387,6.52188984514e-16
1388,3.36392213065e-15
1389,0.0
1390,0.0
1391,0.0
1392,0.0
1393,0.0
1394,0.0
1395,0.0
1396,0.0
1397,0.0
1398,0.0
1399,0.0
1400,0.0
1401,0.0
1402,0.0
1403,0.0
1404,1.67337963132e-16
1405,2.38992937088e-15
1406,0.0
1407,4.21348409732e-15
1408,0.0
1409,4.84851021382e-16
1410,0.0
1411,0.0
1412,0.0
1413,0.0
1414,0.0
1415,0.0
1416,0.0
1417,0.0
1418,2.72460529715e-15
1419,0.0
1420,0.0
1421,1.92438657602e-15
1422,0.0
1423,0.0
1424,0.0
1425,0.0
1426,0.0
1427,0.0
1428,0.0
1429,0.0
1430,0.0
1431,0.0
1432,3.00350190237e-17
1433,0.0
1434,0.0
1435,6.69351852528e-16
1436,0.0
1437,0.0
1438,0.0
1439,0.0
1440,0.0
1441,6.69351852528e-16
1442,2.40280152189e-16
1443,0.0
1444,0.0
1445,0.0
1446,0.0
1447,0.0
1448,0.216609910454
1449,0.0
1450,4.77127730776e-15
1451,0.0
1452,0.0
1453,0.0
1454,0.0
1455,0.0
1456,1.20140076095e-16
1457,0.0
1458,0.0
1459,0.0
1460,6.00700380474e-17
1461,0.0
1462,0.0
1463,0.0
1464,0.0
1465,0.0
1466,0.0
1467,0.0
1468,0.0
1469,0.0
1470,0.0
1471,4.37653134345e-16
1472,6.35026116501e-15
1473,0.0
1474,0.0
1475,1.71628680135e-16
1476,6.86514720541e-17
1477,0.0
1478,0.0
1479,0.0
1480,0.0
1481,0.0
1482,0.0
1483,0.0
1484,0.0
1485,0.0
1486,2.70315171213e-16
1487,1.20140076095e-15
1488,0.0
1489,0.0
1490,0.0
1491,0.0
1492,0.0
1493,0.0
1494,0.0
1495,0.0
1496,0.263671752463
1497,0.0
1498,1.67852849172e-14
1499,0.0
1500,0.0
1501,0.0
1502,0.0
1503,0.0
1504,0.172505819017
1505,5.9640966347e-16
1506,0.0
1507,0.0
1508,0.0
1509,0.0
1510,0.0
1511,0.0
1512,0.0
1513,7.91208215424e-15
1514,0.0
1515,0.0
1516,0.0
1517,8.92469136704e-16
1518,0.0
1519,2.74605888216e-16
1520,0.0
1521,0.0
1522,0.0
1523,0.0
1524,0.0
1525,0.0
1526,2.36847578587e-15
1527,0.0
1528,0.0
1529,0.0
1530,0.0
1531,0.0
1532,7.38003324582e-16
1533,9.86864910778e-15
1534,0.0
1535,0.0
1536,1.42623433192e-14
1537,0.0
1538,0.0
1539,2.05954416162e-16
1540,0.0472253336351
1541,1.88791548149e-16
1542,0.0
1543,0.0
1544,0.0
1545,1.40735517711e-15
1546,0.0
1547,0.0
1548,0.0
1549,0.0
1550,0.0
1551,0.0
1552,0.0
1553,0.0
1554,0.0
1555,6.86514720541e-17
1556,0.0
1557,0.0
1558,0.0
1559,0.0
1560,0.0
1561,0.0
1562,0.0
1563,0.0
1564,0.0
1565,0.0
1566,0.0
1567,0.0
1568,0.0
1569,0.0
1570,0.0
1571,4.71978870372e-16
1572,0.0
1573,0.0
1574,0.0
1575,0.0
1576,0.0246316360031
1577,0.0
1578,0.0
1579,3.05499050641e-14
1580,4.80560304379e-16
1581,0.0
1582,0.0
1583,0.0
1584,0.0
1585,0.0
1586,1.75061253738e-15
1587,0.0
1588,0.0
1589,0.0
1590,0.0
1591,2.38392236708e-14
1592,0.0
1593,0.0
1594,0.0
1595,0.0
1596,0.0
1597,0.0
1598,5.8353751246e-15
1599,0.0
1600,0.0
1601,0.0
1602,0.0
1603,9.43689570931e-15
1604,0.0
1605,4.35549032738e-16
1606,0.0
1607,0.0
1608,0.0
1609,0.0
1610,0.0
1611,0.0
1612,0.0
1613,0.0
1614,0.0
1615,0.0
1616,0.0
1617,0.0
1618,0.0
1619,0.0
1620,6.53152745564e-14
1621,0.0
1622,0.0
1623,0.0
1624,1.96424073588e-16
1625,0.0
1626,0.0
1627,0.0
1628,0.0
1629,0.0
1630,0.0
1631,0.0
1632,0.0
1633,0.0
1634,0.0
1635,0.0
1636,0.0
1637,0.0
1638,0.0
1639,3.64665562704e-15
1640,0.0351176416136
1641,2.56205313375e-16
1642,5.465713352e-16
1643,0.0
1644,0.0
1645,0.119851554537
1646,0.0
1647,0.0449963372694
1648,0.0
1649,0.0
1650,4.08220465978e-15
1651,0.0
1652,0.0
1653,0.0
1654,0.0
1655,0.0
1656,0.0
1657,0.0
1658,0.0
1659,0.0
1660,3.7576779295e-16
1661,0.0
1662,0.0
1663,1.0248212535e-16
1664,1.87883896475e-16
1665,3.6210350957e-15
1666,0.0551024226902
1667,0.323499917967
1668,0.0
1669,0.0
1670,0.0
1671,0.0161661060535
1672,0.0
1673,0.0
1674,0.0
1675,0.0
1676,0.0
1677,0.0906097870798
1678,3.58687438725e-15
1679,0.0
1680,8.71098065475e-16
1681,0.0
1682,0.0
1683,0.0
1684,1.82759790208e-15
1685,0.0323644388399
1686,0.0
1687,0.0
1688,0.0
1689,0.0
1690,1.366428338e-16
1691,0.0
1692,0.0
1693,0.0
1694,0.0
1695,8.198570028e-16
1696,0.0
1697,0.0
1698,0.0
1699,1.28956674399e-15
1700,0.0
1701,0.16726821841
1702,4.1676064309e-15
1703,0.0
1704,0.0
1705,0.0
1706,0.0
1707,0.0
1708,0.0
1709,0.0
1710,0.0
1711,0.0
1712,0.0
1713,0.0
1714,3.9626421802e-15
1715,0.0
1716,0.0
1717,0.0
1718,0.0
1719,4.4408920985e-16
1720,0.0
1721,0.0200185944853
1722,0.0
1723,0.0524399399399
1724,0.0
1725,0.0
1726,0.0
1727,0.012115011123
1728,0.0
1729,1.00347081072e-16
1730,0.0
1731,0.0
1732,0.0
1733,0.0
1734,0.0
1735,0.0
1736,0.0
1737,0.0
1738,0.0
1739,0.0
1740,0.0
1741,0.0
1742,4.099285014e-16
1743,0.0
1744,2.049642507e-16
1745,0.0
1746,0.0
1747,4.52629386963e-16
1748,0.0
1749,0.0
1750,0.0
1751,0.0
1752,0.0
1753,0.0
1754,0.0
1755,0.0
1756,0.0
1757,0.0
1758,0.0
1759,0.0
1760,0.0
1761,0.0
1762,0.0
1763,0.0
1764,0.0
1765,0.0
1766,0.0
1767,2.51935224819e-16
1768,5.03870449638e-15
1769,5.1241062675e-16
1770,0.0
1771,0.0
1772,0.0
1773,0.0
1774,0.0
1775,1.74219613095e-15
1776,0.0
1777,0.0
1778,0.0
1779,0.0
1780,0.0
1781,0.0
1782,0.0
1783,0.0
1784,0.0
1785,0.0
1786,0.0
1787,0.0
1788,5.29490980975e-16
1789,1.35989040337e-16
1790,0.0
1791,8.49931502105e-17
1792,0.0
1793,0.0
1794,9.17926022274e-16
1795,0.0
1796,0.0
1797,0.0
1798,0.0
1799,0.0
1800,0.0
1801,0.0
1802,0.0
1803,0.05676756756
1804,4.62362737145e-15
1805,0.0
1806,3.63770682901e-15
1807,0.0
1808,0.0
1809,0.0
1810,0.0
1811,0.0
1812,2.33731163079e-16
1813,0.0
1814,0.0
1815,0.0
1816,9.85920542442e-16
1817,0.0
1818,1.89832200995e-14
1819,6.20449996537e-16
1820,0.0
1821,3.00025820243e-15
1822,0.103469250936
1823,0.0
1824,0.0
1825,2.20982190547e-16
1826,0.0
1827,0.0
1828,3.17449416036e-15
1829,0.0
1830,0.0
1831,0.0
1832,0.0
1833,0.0
1834,0.0
1835,0.0
1836,0.0
1837,0.0
1838,0.0
1839,0.0
1840,0.0
1841,0.0
1842,1.62676889503e-14
1843,0.0
1844,0.0
1845,0.0
1846,0.0
1847,0.0
1848,0.0
1849,0.0
1850,0.0
1851,0.0
1852,0.0
1853,3.7125008012e-14
1854,0.0702689215343
1855,0.0
1856,0.0
1857,0.0
1858,4.41964381095e-16
1859,0.0482690436126
1860,1.31739382826e-15
1861,0.0
1862,0.0
1863,0.0
1864,0.0
1865,0.0
1866,0.0
1867,0.0
1868,6.459479416e-16
1869,0.0
1870,0.0
1871,0.0
1872,5.18458216284e-16
1873,0.0
1874,0.0
1875,0.0
1876,0.0
1877,0.0
1878,0.0
1879,0.0
1880,1.79327452359e-15
1881,0.0
1882,0.0
1883,0.0
1884,4.39859788804e-16
1885,0.0
1886,0.0
1887,0.0
1888,0.0
1889,0.0
1890,0.0
1891,2.79141789049e-16
1892,0.0
1893,0.0
1894,0.0
1895,0.0
1896,0.0
1897,2.1147105231e-17
1898,0.0
1899,0.0
1900,1.2180732613e-15
1901,0.0941910355967
1902,0.0
1903,0.0
1904,0.0
1905,0.0
1906,0.0
1907,0.0
1908,0.0
1909,2.87600631141e-16
1910,0.0
1911,0.0
1912,0.0
1913,3.5527136788e-16
1914,0.0
1915,0.0
1916,0.0
1917,1.4380031557e-15
1918,0.0
1919,0.0
1920,0.0
1921,0.0
1922,1.35341473478e-16
1923,0.0
1924,0.0
1925,1.81865104986e-16
1926,0.0
1927,0.0
1928,0.0
1929,0.0
1930,0.0
1931,0.0
1932,2.53765262771e-16
1933,0.0
1934,0.0
1935,0.0
1936,0.0
1937,0.0
1938,0.0
1939,0.0
1940,0.0
1941,8.62801893423e-16
1942,0.0
1943,0.0
1944,0.0
1945,0.0
1946,0.0
1947,0.0
1948,0.0
1949,0.0
1950,0.0
1951,0.0
1952,0.0
1953,0.0
1954,0.0
1955,0.0
1956,1.96245136543e-15
1957,0.0
1958,0.0
1959,0.0
1960,0.0
1961,3.87262628495e-16
1962,0.0
1963,0.0
1964,0.0
1965,0.0
1966,0.0
1967,0.0
1968,5.89312695536e-16
1969,0.0
1970,0.0
1971,0.0
1972,0.0
1973,0.0
1974,0.0
1975,2.7950259274e-15
1976,0.0
1977,0.0
1978,0.0
1979,0.0
1980,0.0
1981,8.7555029051e-16
1982,0.0
1983,0.0
1984,0.0
1985,1.67580833906e-16
1986,0.0
1987,1.27361433768e-15
1988,4.33699198148e-14
1989,0.0
1990,0.0
1991,6.70323335623e-17
1992,0.0
1993,0.0
1994,1.67161881821e-15
1995,0.0
1996,0.0
1997,0.0
1998,0.0
1999,0.0989747068832
