0,0.0
1,0.0
2,2.3229947316
3,0.0
4,2.47145729175
5,0.0
6,0.770571974173
7,0.0
8,0.109798895898
9,0.0
10,0.0
11,0.0
12,0.0
13,0.0
14,0.686297936965
15,0.0
16,0.0
17,0.0
18,0.0
19,0.0
20,0.359258160455
21,0.0
22,0.0
23,0.0
24,0.155921565228
25,0.0
26,0.0
27,0.0
28,0.0
29,0.0
30,0.0
31,0.0
32,0.0
33,0.0
34,0.0
35,0.0
36,0.300539009872
37,0.0282908103614
38,0.0
39,0.0
40,0.0
41,0.0670612693815
42,0.0474638879255
43,0.0484173784305
44,0.0
45,0.0
46,0.0
47,0.0
48,0.0
49,0.0286145069532
50,0.0322277364076
51,0.0
52,0.0
53,0.0
54,0.0
55,0.0408014664905
56,0.0176008337384
57,0.0
58,0.0
59,0.0985602818389
60,0.0
61,0.0
62,0.0
63,0.0
64,0.0
65,0.0
66,0.0
67,0.0
68,0.10108346336
69,0.0
70,0.0
71,0.0
72,0.0
73,0.0
74,0.0
75,0.0
76,0.0
77,0.0284456448545
78,0.0
79,0.0
80,0.0
81,0.0
82,0.0
83,0.0
84,0.0536102916263
85,0.0
86,0.0
87,0.094762238311
88,0.0421519144352
89,0.0
90,0.0
91,0.0651746046783
92,0.0
93,0.0
94,0.031544922935
95,0.0
96,0.0
97,0.0
98,0.0
99,0.0
100,0.0
101,0.0439865059944
102,0.0
103,0.0503055277861
104,0.0
105,0.0
106,0.0
107,0.0
108,0.0
109,0.0
110,0.028367089196
111,0.0
112,0.0
113,0.0
114,0.0719822108302
115,0.0
116,0.0
117,0.0
118,0.0
119,0.0
120,0.0
121,0.0
122,0.0
123,0.0
124,0.0
125,0.0
126,0.0163132968282
127,0.0
128,0.0
129,0.0
130,0.0
131,0.0
132,0.0
133,0.0
134,0.0
135,0.0
136,0.0
137,0.0
138,0.0
139,0.0153986890176
140,0.0
141,0.0
142,0.0
143,0.0
144,0.0
145,0.0
146,0.00847774803536
147,0.0
148,0.0
149,0.0
150,0.0
151,0.0
152,0.0
153,0.0175582230949
154,0.0
155,0.0890042456131
156,0.0120164791939
157,0.0
158,0.0
159,0.0
160,0.0
161,0.010232586908
162,0.0312918026262
163,0.0
164,0.014124704482
165,0.0
166,0.0
167,0.0
168,0.0293296987029
169,0.0
170,0.0
171,0.0
172,0.0
173,0.0
174,0.0
175,0.030411594792
176,0.0
177,0.0
178,0.0160247218816
179,0.0
180,0.0
181,0.0129481547071
182,0.0
183,0.0
184,0.0304784546314
185,0.0
186,0.0
187,0.0
188,0.0
189,0.0
190,0.0
191,0.0
192,0.0
193,0.010765639788
194,0.0
195,0.00534783935329
196,0.0
197,0.0
198,0.0
199,0.0
200,0.0201459205192
201,0.0
202,0.0
203,0.0287958819535
204,0.0
205,0.00950136384343
206,0.0
207,0.0
208,0.0
209,0.0
210,0.00676304546353
211,0.00980436483029
212,0.0
213,0.00880794344098
214,0.0049111724739
215,0.0
216,0.0207512210134
217,0.0
218,0.0
219,0.039818061837
220,0.0
221,0.0
222,0.0
223,0.0
224,0.0
225,0.00687301136185
226,0.0
227,0.0
228,0.0
229,0.0
230,0.0192351804788
231,0.0148665529963
232,0.0
233,0.0
234,0.00548650194832
235,0.0
236,0.0
237,0.0
238,0.0
239,0.0
240,0.0272514503604
241,0.0
242,0.0
243,0.0
244,0.0
245,0.0
246,0.0185573966229
247,0.019043296227
248,0.0
249,0.0
250,0.0115824805538
251,0.00799656655253
252,0.0243364672941
253,0.0106803089447
254,0.0
255,0.0
256,0.0
257,0.0
258,0.00444509968038
259,0.0
260,0.0
261,0.0
262,0.0
263,0.0
264,0.0109082764729
265,0.00579071835658
266,0.0
267,0.0
268,0.00455405634531
269,0.0
270,0.0
271,0.0
272,0.0103928757324
273,0.0
274,0.0
275,0.0
276,0.0
277,0.0
278,0.0
279,0.0
280,0.0261619372056
281,0.0
282,0.0
283,0.015488411038
284,0.0
285,0.0
286,0.011920138734
287,0.0
288,0.0
289,0.0
290,0.0
291,0.0
292,0.0120597249297
293,0.0
294,0.00563515930542
295,0.0
296,0.0
297,0.0101587185875
298,0.0
299,0.0
300,0.0
301,0.0
302,0.0
303,0.0
304,0.0
305,0.0100337657535
306,0.0119752648288
307,0.0
308,0.0
309,0.0
310,0.0
311,0.0
312,0.0
313,0.0
314,0.0
315,0.0123945350272
316,0.0
317,0.0
318,0.0
319,0.0
320,0.0
321,0.0
322,0.0
323,0.0368328162184
324,0.0
325,0.0
326,0.0
327,0.0
328,0.0
329,0.0130863102337
330,0.0
331,0.0
332,0.0
333,0.0
334,0.0102704213896
335,0.0
336,0.0
337,0.0
338,0.0
339,0.0
340,0.0
341,0.0
342,0.0
343,0.0
344,0.0
345,0.0
346,0.0
347,0.0
348,0.0
349,0.0
350,0.0
351,0.0
352,0.00738308514986
353,0.0087378596431
354,0.0086947631527
355,0.0
356,0.0
357,0.0
358,0.0
359,0.0
360,0.0
361,0.0
362,0.0
363,0.0
364,0.0
365,0.0
366,0.0
367,0.0
368,0.0
369,0.0
370,0.0
371,0.0
372,0.0
373,0.0
374,0.0
375,0.0
376,0.0
377,0.0
378,0.0
379,0.0
380,0.0
381,0.0
382,0.0
383,0.0
384,0.035018939766
385,0.0
386,0.011656849737
387,0.0
388,0.00572329212107
389,0.0
390,0.0
391,0.0
392,0.00549368459051
393,0.00403934124726
394,0.0
395,0.0
396,0.00895118423008
397,0.0
398,0.0
399,0.0
400,0.0
401,0.0
402,0.0
403,0.0
404,0.0178467061608
405,0.0
406,0.00592732202014
407,0.0
408,0.0
409,0.0
410,0.0
411,0.0
412,0.0
413,0.0
414,0.0127001052224
415,0.0
416,0.0
417,0.00667833683442
418,0.00627757616841
419,0.0
420,0.0098677501902
421,0.00846944867488
422,0.01180895952
423,0.0
424,0.0
425,0.00435459474895
426,0.0
427,0.00846441850615
428,0.0
429,0.0145006352044
430,0.00368611329117
431,0.0
432,0.00367881304813
433,0.0
434,0.0
435,0.0
436,0.0
437,0.00624850155229
438,0.0
439,0.0
440,0.0
441,0.00247310194028
442,0.0
443,0.0
444,0.0
445,0.0
446,0.00851489716331
447,0.00917844847117
448,0.0
449,0.0
450,0.0
451,0.0
452,0.0
453,0.0
454,0.0
455,0.0
456,0.0
457,0.0
458,0.0
459,0.0
460,0.0
461,0.0
462,0.0
463,0.0141839840325
464,0.0
465,0.00600276189809
466,0.0
467,0.00468953210242
468,0.0
469,0.0
470,0.0
471,0.0
472,0.0
473,0.0
474,0.00801773173763
475,0.0
476,0.0
477,0.00409988785139
478,0.0
479,0.0
480,0.0
481,0.0
482,0.00533354673966
483,0.0
484,0.00178012641377
485,0.0
486,0.0
487,0.0
488,0.0
489,0.0
490,0.0
491,0.0
492,0.0
493,0.00458582856418
494,0.0
495,0.0
496,0.0184906347065
497,0.0
498,0.0
499,0.0
500,0.00508020698407
501,0.0
502,0.0
503,0.0137592748587
504,0.0
505,0.0
506,0.0
507,0.0
508,0.0
509,0.0
510,0.0
511,0.00635895117665
512,0.0
513,0.0
514,0.0
515,0.0
516,0.00872721078968
517,0.0
518,0.00342907613777
519,0.0
520,0.0
521,0.00273899019711
522,0.0
523,0.0
524,0.0
525,0.0
526,0.0
527,0.0106817976715
528,0.0
529,0.0
530,0.00851771827491
531,0.0
532,0.0
533,0.0
534,0.0
535,0.0
536,0.00614233432041
537,0.00683424123245
538,0.0
539,0.0024300662486
540,0.0
541,0.0
542,0.0
543,0.0
544,0.00566504438252
545,0.0
546,0.0
547,0.0
548,0.0
549,0.0
550,0.0
551,0.0
552,0.0
553,0.0
554,0.0
555,0.0
556,0.00358611790931
557,0.0
558,0.0
559,0.00226845077206
560,0.0
561,0.0
562,0.00202288690638
563,0.0
564,0.0
565,0.0
566,0.0
567,0.0
568,0.00190898147078
569,0.0
570,0.00190131224654
571,0.0
572,0.0
573,0.018476050899
574,0.00220964438393
575,0.0
576,0.0
577,0.0
578,0.0
579,0.0
580,0.0
581,0.0
582,0.0
583,0.0
584,0.0
585,0.0
586,0.0
587,0.0
588,0.0
589,0.0
590,0.0
591,0.0
592,0.0112093100505
593,0.0
594,0.0
595,0.0
596,0.0
597,0.00665867292609
598,0.0
599,0.0
600,0.0
601,0.0
602,0.0
603,0.00781743641142
604,0.0
605,0.00940780219748
606,0.00209473362657
607,0.00226443541904
608,0.0
609,0.0
610,0.0
611,0.0
612,0.00259832069054
613,0.0
614,0.0
615,0.0
616,0.0
617,0.0
618,0.0
619,0.0
620,0.0
621,0.0
622,0.0
623,0.0
624,0.0
625,0.00976703284624
626,0.0
627,0.00287332688968
628,0.0
629,0.0
630,0.0
631,0.0
632,0.0
633,0.0
634,0.0
635,0.0
636,0.0
637,0.0
638,0.0
639,0.0
640,0.0
641,0.0
642,0.0
643,0.00831107840105
644,0.0
645,0.0
646,0.00540950671944
647,0.0
648,0.00448783012214
649,0.0
650,0.00506870939974
651,0.0
652,0.0
653,0.0
654,0.0
655,0.00560599727208
656,0.0
657,0.00346198424541
658,0.00580048785298
659,0.00227920921055
660,0.0
661,0.0022006983327
662,0.0
663,0.0
664,0.0
665,0.0
666,0.0
667,0.0
668,0.0
669,0.0
670,0.0
671,0.0
672,0.00413169840371
673,0.0
674,0.0
675,0.0
676,0.0
677,0.00865274123749
678,0.0
679,0.0
680,0.0
681,0.0
682,0.00617222450397
683,0.0
684,0.0
685,0.0
686,0.0
687,0.00204676540553
688,0.0
689,0.0
690,0.0
691,0.0
692,0.0
693,0.00798397624275
694,0.0
695,0.0
696,0.0
697,0.0
698,0.0
699,0.0
700,0.0043831833766
701,0.0
702,0.0
703,0.0
704,0.0
705,0.0
706,0.0
707,0.0
708,0.0
709,0.0
710,0.00441882300944
711,0.0
712,0.0
713,0.0068836640525
714,0.0
715,0.0
716,0.0
717,0.0
718,0.0
719,0.0
720,0.0
721,0.0
722,0.00222422855421
723,0.0
724,0.0
725,0.00379086625351
726,0.0
727,0.0
728,0.0
729,0.0
730,0.0
731,0.0028397212497
732,0.0
733,0.0
734,0.00391386893741
735,0.0
736,0.0
737,0.00577462383299
738,0.0
739,0.0
740,0.0
741,0.00431313574754
742,0.0
743,0.0
744,0.0
745,0.0
746,0.0
747,0.0
748,0.0091125867228
749,0.0
750,0.0
751,0.0
752,0.0
753,0.0
754,0.0
755,0.0
756,0.00493170990781
757,0.00295180396568
758,0.0
759,0.0
760,0.00280806386402
761,0.00136136069425
762,0.0
763,0.0
764,0.0
765,0.0
766,0.0
767,0.0
768,0.0
769,0.0
770,0.0
771,0.0
772,0.0
773,0.0
774,0.0
775,0.00424734709235
776,0.0
777,0.0
778,0.00196068029496
779,0.0
780,0.0
781,0.0
782,0.0054420341264
783,0.00202113046665
784,0.0
785,0.0
786,0.0
787,0.0
788,0.0
789,0.0
790,0.0
791,0.00790178707748
792,0.0
793,0.0
794,0.00201436987343
795,0.0
796,0.00132061392609
797,0.0
798,0.0
799,0.0
800,0.0
801,0.0
802,0.0
803,0.0
804,0.0
805,0.0
806,0.0074575038658
807,0.0
808,0.0
809,0.0
810,0.0
811,0.00292256451915
812,0.0
813,0.0
814,0.0
815,0.0
816,0.0048024578452
817,0.0
818,0.0
819,0.00191278404353
820,0.0
821,0.0
822,0.0
823,0.00237559089363
824,0.0
825,0.0
826,0.00301214326791
827,0.0
828,0.0
829,0.00109550779413
830,0.0026366108077
831,0.0
832,0.0
833,0.00277082803866
834,0.0
835,0.0
836,0.0
837,0.0
838,0.00825429951359
839,0.00565733444915
840,0.00219653230189
841,0.0
842,0.0
843,0.0
844,0.0
845,0.0
846,0.00281770293173
847,0.0
848,0.0
849,0.0
850,0.00379384946432
851,0.0
852,0.0
853,0.0
854,0.0
855,0.0
856,0.00246089206878
857,0.0
858,0.00539096773508
859,0.0
860,0.0
861,0.0
862,0.0
863,0.0
864,0.0
865,0.0
866,0.0
867,0.0
868,0.0
869,0.0
870,0.00681892017069
871,0.0028744073443
872,0.0
873,0.0
874,0.0
875,0.00191934647663
876,0.0
877,0.0
878,0.0
879,0.0
880,0.00449001853487
881,0.0
882,0.00451347144898
883,0.0
884,0.0
885,0.0
886,0.0
887,0.0
888,0.0
889,0.00256905033982
890,0.00154976591037
891,0.0
892,0.00276595903408
893,0.00345335327879
894,0.0
895,0.00676928835978
896,0.0
897,0.0
898,0.00706352534351
899,0.0
900,0.0
901,0.00227905145822
902,0.0
903,0.0
904,0.0
905,0.0
906,0.0
907,0.00585465261465
908,0.0
909,0.0
910,0.0
911,0.00498870557772
912,0.0
913,0.0
914,0.0
915,0.00336011805494
916,0.00458005695986
917,0.00227791584107
918,0.00301337229527
919,0.0
920,0.0
921,0.00204444509811
922,0.0
923,0.0
924,0.0
925,0.00353533472535
926,0.0
927,0.00194479530245
928,0.0
929,0.0
930,0.0
931,0.0050190767056
932,0.0
933,0.0
934,0.0
935,0.0
936,0.0
937,0.00310442844628
938,0.0
939,0.0
940,0.00344531832921
941,0.00397733033679
942,0.0
943,0.0
944,0.0
945,0.0
946,0.0
947,0.0
948,0.0
949,0.0
950,0.00363499067178
951,0.0
952,0.0
953,0.0
954,0.0
955,0.00200983890833
956,0.00341775393871
957,0.0
958,0.0
959,0.00276586395892
960,0.0
961,0.0
962,0.0
963,0.0
964,0.00593508031385
965,0.0
966,0.0
967,0.0
968,0.0
969,0.0
970,0.0
971,0.0
972,0.0031864652271
973,0.0
974,0.0
975,0.0
976,0.0
977,0.0
978,0.0
979,0.0
980,0.0
981,0.0
982,0.0
983,0.0
984,0.0
985,0.0
986,0.0
987,0.0
988,0.00612340936115
989,0.00104224716326
990,0.00110781725632
991,0.0
992,0.0
993,0.0
994,0.0
995,0.0
996,0.00133988553156
997,0.0
998,0.0
999,0.0
1000,0.0
1001,0.0
1002,0.00500314029865
1003,0.0
1004,0.0
1005,0.00188278434319
1006,0.00350777470175
1007,0.0
1008,0.00276104959815
1009,0.0
1010,0.0
1011,0.0
1012,0.00648364817055
1013,0.0
1014,0.00192688490549
1015,0.0
1016,0.00332891273726
1017,0.00261517456454
1018,0.0
1019,0.0
1020,0.0
1021,0.00339257969749
1022,0.00140203833911
1023,0.0
1024,0.0
1025,0.0
1026,0.00289799651021
1027,0.0
1028,0.00131839191573
1029,0.0
1030,0.0
1031,0.0028404571042
1032,0.0
1033,0.0
1034,0.0
1035,0.0
1036,0.0
1037,0.0
1038,0.0
1039,0.0
1040,0.0
1041,0.0
1042,0.00712752538748
1043,0.0
1044,0.0
1045,0.0
1046,0.0
1047,0.00324281932954
1048,0.0
1049,0.0
1050,0.0
1051,0.0066725106382
1052,0.0
1053,0.0
1054,0.00170907566865
1055,0.0
1056,0.00216544214144
1057,0.00151860554387
1058,0.00363705734112
1059,0.00165442097658
1060,0.0
1061,0.00241801369871
1062,0.0
1063,0.00209890448525
1064,0.0
1065,0.0
1066,0.00209734438519
1067,0.00279567922124
1068,0.0
1069,0.00238164966801
1070,0.00298112270982
1071,0.0
1072,0.0
1073,0.0
1074,0.0
1075,0.0
1076,0.00494157085745
1077,0.0
1078,0.0010391321594
1079,0.00148515415561
1080,0.0
1081,0.0
1082,0.0
1083,0.0
1084,0.0
1085,0.0
1086,0.00205963764074
1087,0.0
1088,0.0
1089,0.00606243688836
1090,0.0
1091,0.0
1092,0.00160315246512
1093,0.00215225641248
1094,0.0
1095,0.0
1096,0.0
1097,0.0
1098,0.00193292199452
1099,0.0
1100,0.0
1101,0.00257393260627
1102,0.0
1103,0.00290244098586
1104,0.00261974087928
1105,0.0
1106,0.0
1107,0.0
1108,0.0
1109,0.0
1110,0.0
1111,0.0
1112,0.00452934717773
1113,0.0
1114,0.00177117949235
1115,0.00161481793244
1116,0.0
1117,0.0
1118,0.0
1119,0.0012084367446
1120,0.0
1121,0.0
1122,0.0
1123,0.0
1124,0.0
1125,0.00256038553897
1126,0.0
1127,0.0
1128,0.0
1129,0.0
1130,0.0
1131,0.0
1132,0.0
1133,0.0
1134,0.0
1135,0.00499922701568
1136,0.0
1137,0.0
1138,0.0
1139,0.0
1140,0.0
1141,0.0
1142,0.0
1143,0.0
1144,0.00396937368569
1145,0.0
1146,0.0
1147,0.0
1148,0.0
1149,0.0024471800905
1150,0.0
1151,0.0
1152,0.00208503664925
1153,0.00384838418565
1154,0.0
1155,0.0
1156,0.00106029938955
1157,0.0
1158,0.0
1159,0.0
1160,0.000852072082939
1161,0.0
1162,0.00530757107433
1163,0.0
1164,0.0
1165,0.000966868874923
1166,0.0
1167,0.0
1168,0.0
1169,0.00499788647506
1170,0.0
1171,0.0
1172,0.0
1173,0.0
1174,0.0
1175,0.00306127795796
1176,0.0
1177,0.0
1178,0.0
1179,0.0
1180,0.00219233617953
1181,0.00454861096641
1182,0.00215644013811
1183,0.0
1184,0.0
1185,0.0
1186,0.0
1187,0.0
1188,0.0
1189,0.0
1190,0.0
1191,0.0
1192,0.0
1193,0.0
1194,0.0
1195,0.0
1196,0.0
1197,0.0
1198,0.0
1199,0.0
1200,0.0
1201,0.0
1202,0.0
1203,0.0
1204,0.00440909419724
1205,0.00382914864276
1206,0.0
1207,0.0
1208,0.0
1209,0.0
1210,0.0
1211,0.0
1212,0.0
1213,0.0
1214,0.0
1215,0.0
1216,0.0
1217,0.0
1218,0.0
1219,0.0
1220,0.0
1221,0.0
1222,0.0
1223,0.0
1224,0.0
1225,0.0
1226,0.0
1227,0.0
1228,0.00457858409987
1229,0.0
1230,0.0
1231,0.0
1232,0.00230754595157
1233,0.0
1234,0.0
1235,0.0
1236,0.0
1237,0.0
1238,0.0
1239,0.0
1240,0.0
1241,0.0021179278783
1242,0.00471724766598
1243,0.00356093904389
1244,0.0
1245,0.0
1246,0.0
1247,0.00177492671614
1248,0.0
1249,0.00128262420608
1250,0.0
1251,0.0
1252,0.0
1253,0.00267998255311
1254,0.00271726595973
1255,0.0
1256,0.0
1257,0.0
1258,0.0
1259,0.00186198190267
1260,0.0
1261,0.0
1262,0.0
1263,0.00461487542777
1264,0.0032966245176
1265,0.00141510910335
1266,0.0
1267,0.0
1268,0.0
1269,0.00279313256481
1270,0.0
1271,0.00154685844964
1272,0.0
1273,0.0
1274,0.0
1275,0.0
1276,0.00224527294086
1277,0.0
1278,0.000977569647275
1279,0.00423733435885
1280,0.00161442009477
1281,0.00421612132444
1282,0.00111809007294
1283,0.00166232564317
1284,0.0
1285,0.0
1286,0.0
1287,0.0
1288,0.0
1289,0.00263890751517
1290,0.0
1291,0.0
1292,0.000839131327758
1293,0.0
1294,0.0
1295,0.0
1296,0.0
1297,0.00219744505935
1298,0.0
1299,0.0
1300,0.0
1301,0.0
1302,0.00234782638161
1303,0.00181362400043
1304,0.0
1305,0.0
1306,0.0025950978967
1307,0.0
1308,0.0
1309,0.0
1310,0.00176876695963
1311,0.0
1312,0.00220069093167
1313,0.0014375119719
1314,0.0
1315,0.0
1316,0.0
1317,0.0
1318,0.0
1319,0.0
1320,0.0
1321,0.0
1322,0.0
1323,0.0
1324,0.0
1325,0.0
1326,0.00719691407391
1327,0.0
1328,0.0
1329,0.0
1330,0.00765958004049
1331,0.000701532983584
1332,0.0
1333,0.0
1334,0.00149860955557
1335,0.0
1336,0.0
1337,0.0
1338,0.0
1339,0.0
1340,0.00110322716917
1341,0.0
1342,0.0
1343,0.0
1344,0.00100581414596
1345,0.0
1346,0.0
1347,0.0
1348,0.00100076661558
1349,0.0
1350,0.00153576507298
1351,0.0
1352,0.0
1353,0.0
1354,0.0
1355,0.0
1356,0.0
1357,0.0
1358,0.00131045391628
1359,0.0
1360,0.000981562213642
1361,0.00204891612688
1362,0.0
1363,0.0
1364,0.0
1365,0.0
1366,0.0
1367,0.0
1368,0.0
1369,0.0
1370,0.0
1371,0.00232357479534
1372,0.00183639676074
1373,0.0015838829763
1374,0.0
1375,0.0011141433797
1376,0.0
1377,0.0
1378,0.00339797476628
1379,0.0
1380,0.00281316404538
1381,0.0
1382,0.0
1383,0.0
1384,0.0
1385,0.0
1386,0.0
1387,0.0
1388,0.0
1389,0.0
1390,0.0
1391,0.0
1392,0.0
1393,0.0
1394,0.0
1395,0.00256495563561
1396,0.0
1397,0.0
1398,0.00552846763042
1399,0.0
1400,0.0011709990215
1401,0.0
1402,0.0
1403,0.0
1404,0.0
1405,0.00115370780339
1406,0.0
1407,0.00261234532304
1408,0.0
1409,0.0
1410,0.0
1411,0.00226682471111
1412,0.0
1413,0.0
1414,0.0
1415,0.0019840539386
1416,0.0
1417,0.0
1418,0.0
1419,0.0
1420,0.0
1421,0.0
1422,0.0
1423,0.00162148454529
1424,0.0
1425,0.0
1426,0.0
1427,0.00149892667378
1428,0.00152243675401
1429,0.0
1430,0.0011686386717
1431,0.0
1432,0.0
1433,0.0011623455609
1434,0.00147176363463
1435,0.0
1436,0.0
1437,0.00236867016752
1438,0.00190442287482
1439,0.0
1440,0.00134017300091
1441,0.0
1442,0.0
1443,0.0
1444,0.0
1445,0.00139695675797
1446,0.0015124538388
1447,0.0
1448,0.00133419231582
1449,0.00221575049645
1450,0.0
1451,0.0
1452,0.0
1453,0.0
1454,0.0
1455,0.000650316445983
1456,0.0
1457,0.0
1458,0.0
1459,0.0
1460,0.0
1461,0.0
1462,0.0
1463,0.0
1464,0.00173780380545
1465,0.0
1466,0.0
1467,0.0
1468,0.000914799681578
1469,0.0
1470,0.0
1471,0.0022626262247
1472,0.00192064423256
1473,0.0
1474,0.0
1475,0.0
1476,0.0
1477,0.0
1478,0.0
1479,0.0
1480,0.00238003572265
1481,0.0
1482,0.0
1483,0.0
1484,0.0
1485,0.0
1486,0.0
1487,0.0016235134732
1488,0.0
1489,0.0
1490,0.0
1491,0.0
1492,0.0
1493,0.0
1494,0.0
1495,0.0
1496,0.0
1497,0.0
1498,0.00211994747312
1499,0.0
1500,0.0
1501,0.0
1502,0.000694730316657
1503,0.0
1504,0.0
1505,0.00756131672209
1506,0.0
1507,0.0
1508,0.000980477404232
1509,0.0
1510,0.0
1511,0.0
1512,0.0
1513,0.0
1514,0.0
1515,0.00142158049548
1516,0.0
1517,0.0
1518,0.0
1519,0.0013208022337
1520,0.0
1521,0.0
1522,0.0
1523,0.00086271803766
1524,0.0
1525,0.00122186261024
1526,0.0
1527,0.0
1528,0.0
1529,0.0
1530,0.00284275169733
1531,0.0
1532,0.0
1533,0.0
1534,0.0
1535,0.0
1536,0.0
1537,0.0
1538,0.00105812794199
1539,0.0
1540,0.0
1541,0.0
1542,0.0
1543,0.0
1544,0.00225262340485
1545,0.0
1546,0.0
1547,0.00277065546048
1548,0.0
1549,0.00222189821635
1550,0.0
1551,0.0
1552,0.00199800211422
1553,0.0
1554,0.00423550247418
1555,0.0
1556,0.0
1557,0.0
1558,0.0
1559,0.00134518295323
1560,0.0
1561,0.0
1562,0.0
1563,0.0
1564,0.0
1565,0.0
1566,0.0
1567,0.0
1568,0.00317729505751
1569,0.00114319260988
1570,0.0
1571,0.0
1572,0.0
1573,0.0
1574,0.00152340774537
1575,0.0
1576,0.0
1577,0.0
1578,0.0
1579,0.0
1580,0.00168127968838
1581,0.0
1582,0.0
1583,0.0
1584,0.00143169590411
1585,0.0
1586,0.0
1587,0.0
1588,0.0
1589,0.0
1590,0.0
1591,0.0
1592,0.0
1593,0.00307435046329
1594,0.0
1595,0.0
1596,0.0
1597,0.0
1598,0.0039565713367
1599,0.0
1600,0.0
1601,0.0
1602,0.0
1603,0.0
1604,0.0
1605,0.0
1606,0.0
1607,0.0036700633673
1608,0.00392950370105
1609,0.0016189818831
1610,0.0
1611,0.0
1612,0.0
1613,0.0
1614,0.0
1615,0.0
1616,0.0
1617,0.0
1618,0.0
1619,0.0
1620,0.0
1621,0.0
1622,0.00137968559153
1623,0.00100198381324
1624,0.0
1625,0.0
1626,0.0
1627,0.00133636970018
1628,0.0
1629,0.0
1630,0.00349546847917
1631,0.0
1632,0.0
1633,0.0
1634,0.0
1635,0.0
1636,0.0
1637,0.0
1638,0.0
1639,0.00182938557157
1640,0.0
1641,0.000874000498764
1642,0.0
1643,0.0021453869705
1644,0.0
1645,0.0
1646,0.0
1647,0.0
1648,0.0
1649,0.0
1650,0.0
1651,0.00315682616966
1652,0.0
1653,0.0
1654,0.00174598932351
1655,0.0
1656,0.0
1657,0.0
1658,0.0
1659,0.0
1660,0.0
1661,0.0
1662,0.0
1663,0.0
1664,0.00300175158426
1665,0.0
1666,0.0
1667,0.0
1668,0.000699541683259
1669,0.00123118333871
1670,0.0
1671,0.0
1672,0.0
1673,0.0
1674,0.0030929042014
1675,0.0
1676,0.0
1677,0.0
1678,0.0
1679,0.00238439986069
1680,0.0
1681,0.00240467066529
1682,0.0
1683,0.0
1684,0.0
1685,0.0
1686,0.0
1687,0.0
1688,0.0
1689,0.0
1690,0.0
1691,0.0
1692,0.00406686204765
1693,0.00315064253354
1694,0.0
1695,0.0
1696,0.0
1697,0.0
1698,0.0
1699,0.0017171492772
1700,0.0
1701,0.0
1702,0.00157056486295
1703,0.0
1704,0.0
1705,0.0
1706,0.0
1707,0.0
1708,0.0
1709,0.0
1710,0.0
1711,0.0
1712,0.00103010059882
1713,0.0
1714,0.0
1715,0.00167880602969
1716,0.0
1717,0.0
1718,0.0
1719,0.0
1720,0.0
1721,0.0
1722,0.0
1723,0.0
1724,0.00316776471084
1725,0.0
1726,0.00115850744807
1727,0.00106872878727
1728,0.0
1729,0.0
1730,0.00166796045296
1731,0.00153090027933
1732,0.0
1733,0.0
1734,0.00177422868021
1735,0.00149626533772
1736,0.0
1737,0.00250268532426
1738,0.0
1739,0.00111582935913
1740,0.0
1741,0.0
1742,0.0
1743,0.0
1744,0.0
1745,0.0
1746,0.0
1747,0.0
1748,0.0
1749,0.0
1750,0.000770136631966
1751,0.0
1752,0.0
1753,0.000685536271924
1754,0.0
1755,0.0
1756,0.0
1757,0.00129743398043
1758,0.0
1759,0.00195097841043
1760,0.000662731366088
1761,0.00145864116912
1762,0.0
1763,0.00364493649336
1764,0.0
1765,0.0
1766,0.0
1767,0.00198325104268
1768,0.00122615652419
1769,0.0
1770,0.000799315357401
1771,0.0
1772,0.0
1773,0.0
1774,0.0
1775,0.0
1776,0.0
1777,0.0
1778,0.0
1779,0.0
1780,0.0
1781,0.0
1782,0.0
1783,0.0
1784,0.0
1785,0.0
1786,0.0
1787,0.00254942266652
1788,0.00371662050207
1789,0.000962674218254
1790,0.0
1791,0.0
1792,0.0
1793,0.0
1794,0.0
1795,0.0
1796,0.00372170482467
1797,0.0
1798,0.0
1799,0.0
1800,0.0
1801,0.0
1802,0.0
1803,0.0
1804,0.0
1805,0.00308850707649
1806,0.0
1807,0.0
1808,0.0
1809,0.0
1810,0.0
1811,0.00170569649417
1812,0.0
1813,0.0
1814,0.0
1815,0.00162718411951
1816,0.0
1817,0.00170168325987
1818,0.0
1819,0.0
1820,0.0022027837734
1821,0.0
1822,0.0
1823,0.0
1824,0.0
1825,0.0
1826,0.0
1827,0.0
1828,0.0
1829,0.0
1830,0.00354842794305
1831,0.0
1832,0.0
1833,0.00101488947954
1834,0.00130026484345
1835,0.0
1836,0.0
1837,0.0
1838,0.000982020850056
1839,0.00239535260409
1840,0.0
1841,0.00236646254875
1842,0.0
1843,0.0
1844,0.0
1845,0.0
1846,0.00195646483639
1847,0.00100695505395
1848,0.0
1849,0.00135271672957
1850,0.000984916528783
1851,0.0
1852,0.0
1853,0.000879458280218
1854,0.0
1855,0.00106786678048
1856,0.0
1857,0.00189134162917
1858,0.0
1859,0.0
1860,0.00101788720972
1861,0.0
1862,0.0
1863,0.0
1864,0.0
1865,0.0
1866,0.0
1867,0.00221481732578
1868,0.0
1869,0.000846832483844
1870,0.0
1871,0.0
1872,0.0
1873,0.00154614544973
1874,0.0
1875,0.0
1876,0.00149901734059
1877,0.0
1878,0.0
1879,0.0
1880,0.0
1881,0.0
1882,0.0
1883,0.0
1884,0.0
1885,0.0
1886,0.0
1887,0.0
1888,0.0
1889,0.0
1890,0.0
1891,0.0
1892,0.001416771154
1893,0.0
1894,0.0
1895,0.0
1896,0.0
1897,0.0
1898,0.0
1899,0.0
1900,0.0
1901,0.0
1902,0.0
1903,0.0
1904,0.0
1905,0.0
1906,0.0
1907,0.0
1908,0.0
1909,0.0015974003845
1910,0.0
1911,0.0
1912,0.0
1913,0.0
1914,0.0
1915,0.0
1916,0.0
1917,0.0
1918,0.0
1919,0.0
1920,0.00264104592487
1921,0.0
1922,0.0
1923,0.00434660255698
1924,0.0
1925,0.00151467869186
1926,0.00173562801487
1927,0.0
1928,0.0
1929,0.0
1930,0.0
1931,0.0
1932,0.00313267367693
1933,0.0
1934,0.0
1935,0.0
1936,0.0
1937,0.0
1938,0.0
1939,0.000586108329522
1940,0.0016269584381
1941,0.00153594541697
1942,0.0
1943,0.00083785218266
1944,0.0
1945,0.00123004859129
1946,0.0
1947,0.0
1948,0.000899758047369
1949,0.0
1950,0.0
1951,0.000858155654684
1952,0.0
1953,0.0
1954,0.0
1955,0.0
1956,0.00121209294685
1957,0.0
1958,0.0
1959,0.0
1960,0.0
1961,0.0
1962,0.00209398252754
1963,0.0
1964,0.0
1965,0.0
1966,0.0
1967,0.0
1968,0.0
1969,0.0
1970,0.0
1971,0.00189942951253
1972,0.0
1973,0.0
1974,0.00339926038211
1975,0.0
1976,0.0
1977,0.0
1978,0.0
1979,0.0
1980,0.00348869781237
1981,0.0
1982,0.0
1983,0.0016178188281
1984,0.0
1985,0.0
1986,0.000850693338027
1987,0.00093508590017
1988,0.0
1989,0.00120577792747
1990,0.0
1991,0.0
1992,0.000707091580653
1993,0.000550387179027
1994,0.00150762392853
1995,0.0
1996,0.00196139624085
1997,0.0
1998,0.0
1999,0.0
