0,0.0
1,0.0
2,0.0
3,0.0
4,0.0
5,0.141428571429
6,0.0
7,0.0
8,0.0
9,0.0825
10,0.0707142857143
11,0.0
12,0.0
13,0.0
14,0.0521052631579
15,0.0
16,0.045
17,0.04125
18,0.0198
19,0.0366666666667
20,0.0
21,0.0341379310345
22,0.0248325
23,0.0
24,0.0
25,0.0
26,0.03
27,0.0291176470588
28,0.0
29,0.0267567567568
30,0.0
31,0.0
32,0.0
33,0.02475
34,0.0
35,0.0
36,0.0
37,0.023023255814
38,0.044
39,0.0
40,0.0160875
41,0.0
42,0.0
43,0.0
44,0.0
45,0.0
46,0.76828125
47,2.0064
48,0.0
49,0.0
50,0.0
51,0.0
52,0.0
53,0.0
54,0.0
55,0.009
56,0.0
57,0.0
58,0.0
59,0.0
60,0.0173684210526
61,0.0
62,0.0167796610169
63,0.0
64,0.0
65,0.0
66,0.0
67,0.0
68,0.0
69,0.0
70,0.0152307692308
71,0.0
72,0.0
73,0.0
74,0.0
75,0.014347826087
76,0.0
77,0.00697183098592
78,0.0
79,0.0
80,0.0
81,0.0
82,0.00962876712329
83,0.0
84,0.0
85,0.0132
86,0.0
87,0.0126923076923
88,0.0
89,0.0
90,0.0
91,0.132529462025
92,0.0
93,0.0122222222222
94,0.0
95,0.0
96,0.0
97,0.0
98,0.0
99,0.0
100,0.0
101,0.0
102,0.0
103,0.0
104,0.0
105,0.0
106,0.00429762645349
107,0.0
108,0.0
109,0.0
110,0.0
111,0.0
112,0.0
113,0.0
114,0.0
115,0.0
116,0.0
117,0.0
118,0.0
119,0.0
120,0.0
121,0.0
122,0.811113994565
123,0.0
124,0.0
125,0.0
126,0.0104210526316
127,0.0
128,0.0
129,0.0
130,0.500067857143
131,0.0
132,0.01
133,0.0
134,0.0
135,0.00980198019802
136,0.00970588235294
137,0.0
138,0.0
139,0.0
140,0.0
141,0.0
142,0.0
143,0.0
144,0.0
145,0.705141509434
146,0.0
147,0.0
148,0.0092523364486
149,0.0
150,0.0
151,0.345248043578
152,0.0
153,0.0
154,0.00883928571429
155,0.0
156,0.0
157,0.879523660714
158,0.223928571429
159,0.393366611049
160,0.0
161,0.0
162,0.164659263951
163,0.0
164,0.0
165,0.0
166,0.0
167,0.0
168,0.0
169,0.218555762681
170,0.0
171,0.0
172,0.0
173,0.0
174,0.863739130435
175,0.0
176,0.0563537777344
177,0.0
178,0.0
179,0.0950372920256
180,0.0
181,0.00838983050847
182,0.0
183,0.27442185369
184,0.0
185,0.0
186,0.0
187,0.211704579545
188,0.0
189,0.0080487804878
190,0.0
191,0.0
192,0.103975152439
193,0.0
194,0.0
195,0.00792
196,0.00779527559055
197,0.0153488372093
198,0.0
199,0.105516860465
200,0.0
201,0.0
202,0.0
203,0.0
204,0.438906859029
205,0.0
206,0.0
207,0.0619743467515
208,0.0
209,0.0
210,0.0
211,0.0037786259542
212,0.0
213,0.0
214,0.0
215,0.0
216,0.0
217,0.0
218,0.0
219,0.0
220,0.0
221,0.0
222,0.0
223,0.0
224,0.0
225,0.0
226,0.0
227,0.0
228,0.0
229,0.549899417031
230,0.0
231,0.14251875
232,0.0
233,0.27445040335
234,0.00717391304348
235,0.000119595108696
236,0.0
237,0.0
238,0.0
239,0.0
240,0.0
241,0.531492895683
242,0.00707142857143
243,0.743433734374
244,0.0
245,0.0
246,0.0
247,0.0
248,0.595501099765
249,0.115916620329
250,0.0
251,0.0
252,0.0
253,0.0
254,0.0
255,0.006875
256,0.0068275862069
257,0.0
258,0.0
259,0.384797141236
260,0.0
261,0.0613505458048
262,0.0
263,0.0
264,0.0
265,0.0
266,0.165
267,0.227497959184
268,0.0
269,0.0
270,0.0
271,0.0465068988601
272,0.0210901082191
273,0.0
274,0.0
275,0.0
276,0.0
277,0.0
278,0.251252752462
279,0.0
280,0.0
281,0.0
282,0.0
283,0.0
284,0.0042658487133
285,0.0
286,0.0
287,0.0
288,0.0
289,0.0
290,0.0
291,0.0
292,0.0
293,0.1839688125
294,0.663311
295,0.0
296,0.0
297,0.00655629139073
298,0.0
299,0.0
300,0.00651315789474
301,0.0
302,0.0
303,0.0
304,0.0
305,0.0
306,0.0
307,0.00279410397519
308,0.0
309,0.0
310,0.168889499945
311,0.216442857143
312,0.0
313,0.0
314,0.0
315,0.0
316,0.0
317,0.0
318,0.157358199519
319,0.0
320,0.0
321,0.0
322,0.0
323,0.0179993940744
324,0.0
325,0.0
326,0.0
327,0.0
328,0.0366092202042
329,0.0
330,0.0
331,0.0
332,0.0
333,0.0
334,0.0
335,0.0
336,0.0
337,0.0
338,0.0
339,0.0
340,0.151749645905
341,0.0
342,0.0
343,0.0
344,0.0
345,0.0
346,0.0
347,0.0
348,0.0
349,0.00229930555556
350,0.0
351,0.0693705135507
352,0.0
353,0.0
354,0.0
355,0.254022655576
356,0.0
357,0.0
358,0.0
359,0.0
360,0.155448855324
361,0.0020245398773
362,0.0
363,0.453236273006
364,0.0
365,0.50462907014
366,0.0
367,0.0
368,0.0
369,0.290498564583
370,0.0
371,0.0
372,0.0
373,0.0
374,0.0
375,0.423156605488
376,0.0
377,0.0
378,0.0
379,0.0
380,0.0
381,0.23329395
382,0.0
383,0.0
384,0.252738796875
385,0.0
386,0.2792709375
387,0.0
388,0.0
389,0.075968282838
390,0.0
391,0.0
392,0.0
393,0.0
394,0.211377599555
395,0.0
396,0.0
397,0.226515
398,0.0
399,0.0
400,0.0
401,0.0
402,0.0
403,0.0
404,0.0
405,0.0
406,0.0
407,0.0
408,0.0
409,0.0
410,0.200113855422
411,0.0
412,0.0
413,0.0
414,0.0
415,0.0
416,0.0
417,0.20231620528
418,0.0
419,0.0
420,0.0
421,0.0
422,0.0
423,0.223184598214
424,0.262523839286
425,0.0
426,0.0
427,0.0
428,0.0
429,0.0
430,0.0
431,0.0
432,0.1100074293
433,0.00585798816568
434,0.0
435,0.0
436,0.0
437,0.0
438,0.0
439,0.0
440,0.0
441,0.0
442,0.0
443,0.0
444,0.0
445,0.0
446,0.290354112426
447,0.0
448,0.0
449,0.0
450,0.0
451,0.0
452,0.0
453,0.0
454,0.284338145303
455,0.0
456,0.36818257111
457,0.0
458,0.0526108154993
459,0.0368898335385
460,0.137954502683
461,0.0
462,0.00582352941176
463,0.0
464,0.0
465,0.0
466,0.0
467,0.0
468,0.29460241172
469,0.0
470,0.0
471,0.0146167086132
472,0.0549756123529
473,0.0
474,0.0
475,0.0
476,0.234987798333
477,0.0
478,0.0
479,0.0
480,0.0
481,0.0
482,0.0772171831295
483,0.0
484,0.0
485,0.0
486,0.0
487,0.0
488,0.0
489,0.0533181252057
490,0.0
491,0.0996393018626
492,0.0
493,0.00568965517241
494,0.0
495,0.319122692114
496,0.0
497,0.0
498,0.0
499,0.0
500,0.0
501,0.0
502,0.0
503,0.0
504,0.00912204411167
505,0.0
506,0.258299258681
507,0.0
508,0.0
509,0.158858281725
510,0.0
511,0.0
512,0.0
513,0.18466332669
514,0.0
515,0.0
516,0.0
517,0.0
518,0.0
519,0.0
520,0.0
521,0.0
522,0.00784392041552
523,0.0
524,0.205536864407
525,0.0792124854916
526,0.0
527,0.0
528,0.0435073104944
529,0.0513119404005
530,0.00553072625698
531,0.0
532,0.0667463573061
533,0.0
534,0.166876233041
535,0.0
536,0.0
537,0.0
538,0.0
539,0.134967893323
540,0.0
541,0.0
542,0.0
543,0.0
544,0.0
545,0.0
546,0.0
547,0.0
548,0.0
549,0.0
550,0.0
551,0.0
552,0.0
553,0.0
554,0.0
555,0.0
556,0.0
557,0.0382768745067
558,0.0
559,0.0
560,0.06453795414
561,0.00556222381731
562,0.0
563,0.0
564,0.0
565,0.0
566,0.0
567,0.0
568,0.0
569,0.149276134615
570,0.0
571,0.00844698432844
572,0.0
573,0.0111593262332
574,0.209177161261
575,0.0300695978424
576,0.00852286948004
577,0.261382290642
578,0.0
579,0.0871658403116
580,0.0
581,0.0
582,0.0
583,0.0
584,0.0
585,0.0
586,0.0
587,0.0
588,0.0
589,0.0
590,0.0441661969178
591,0.0
592,0.108445248031
593,0.0
594,0.0
595,0.0
596,0.0
597,0.299967585391
598,0.0428945016614
599,0.141321495799
600,0.0
601,0.0
602,0.0
603,0.0
604,0.26826072351
605,0.0
606,0.0833766651741
607,0.0
608,0.0
609,0.0
610,0.00538043478261
611,0.0
612,0.0
613,0.0935200017453
614,0.0
615,0.0
616,0.0
617,0.0
618,0.0
619,0.0
620,0.0
621,0.0
622,0.0
623,0.0
624,0.00535135135135
625,0.063192550712
626,0.0
627,0.0
628,0.0
629,0.0905814731889
630,0.0
631,0.0
632,0.0
633,0.0
634,0.0
635,0.0
636,0.0
637,0.0
638,0.0
639,0.110090394324
640,0.0
641,0.00532258064516
642,0.0
643,0.0
644,0.0
645,0.0
646,0.0
647,0.0
648,0.0
649,0.0
650,0.0
651,0.0
652,0.0
653,0.0
654,0.0
655,0.0
656,0.372188150136
657,0.0728012647885
658,0.628234399715
659,0.0
660,0.0
661,0.0
662,0.0
663,0.292428982029
664,0.12523747091
665,0.0
666,0.0
667,0.0
668,0.0
669,0.0
670,0.0
671,0.0
672,0.0
673,0.0954007643521
674,0.0
675,0.0
676,0.0
677,0.0
678,0.0
679,0.232357108758
680,0.0996295462889
681,0.0
682,0.188203590771
683,0.0
684,0.0
685,0.0
686,0.232795829992
687,0.083804449402
688,0.0103664921466
689,0.0
690,0.0
691,0.0
692,0.0
693,0.00512953367876
694,0.0
695,0.311763006672
696,0.0
697,0.0
698,0.0
699,0.0603421844171
700,0.0983651881477
701,0.0189600289417
702,0.0
703,0.0
704,0.0954029680533
705,0.0
706,0.0
707,0.0
708,0.0
709,0.258410307692
710,0.0
711,0.0
712,0.0
713,0.0
714,0.0
715,0.0
716,0.0
717,0.162083434615
718,0.0
719,0.0
720,0.0
721,0.0
722,0.0
723,0.0917649879264
724,0.0
725,0.0
726,0.0
727,0.0
728,0.0
729,0.0
730,0.0839073262467
731,0.0
732,0.0
733,0.0
734,0.0
735,0.0229704293645
736,0.0
737,0.0938389072933
738,0.0141534052208
739,0.0
740,0.0721945686496
741,0.0
742,0.0
743,0.0
744,0.0
745,0.0120570162022
746,0.0
747,0.0
748,0.0
749,0.14633869168
750,0.0
751,0.0
752,0.0
753,0.0
754,0.0120985897027
755,0.0
756,0.0
757,0.204482725412
758,0.0
759,0.0
760,0.0
761,0.184094510823
762,0.00753812045595
763,0.0
764,0.0
765,0.0
766,0.0
767,0.0
768,0.0299153620126
769,0.0
770,0.0
771,0.0
772,0.0
773,0.0
774,0.0
775,0.00253781725888
776,0.0
777,0.0
778,0.00323173450682
779,0.0
780,0.0
781,0.0
782,0.0
783,0.0
784,0.00315970812183
785,0.0
786,0.200891781911
787,0.0
788,0.0314988347803
789,0.0
790,0.0791383209372
791,0.061248581411
792,0.0
793,0.0
794,0.0
795,0.0
796,0.0
797,0.0
798,0.0
799,0.0
800,0.0
801,0.0714651190199
802,0.0
803,0.0
804,0.0
805,0.0
806,0.0
807,0.0
808,0.0
809,0.0
810,0.0
811,0.0
812,0.19479038846
813,0.0
814,0.0
815,0.0
816,0.0
817,0.0173001111775
818,0.0
819,0.559850105072
820,0.0
821,0.0
822,0.0
823,0.032877125479
824,0.0
825,0.0
826,0.0
827,0.112297728322
828,0.0
829,0.0
830,0.0956955887768
831,0.0
832,0.0
833,0.0
834,0.0
835,0.0
836,0.0
837,0.212487656903
838,0.203406483849
839,0.0
840,0.0
841,0.0
842,0.0
843,0.0
844,0.0
845,0.0
846,0.0
847,0.0
848,0.0
849,0.0
850,0.00663098138948
851,0.0476640977531
852,0.0
853,0.147513810354
854,0.0
855,0.0
856,0.0
857,0.0
858,0.0
859,0.0466250201374
860,0.0
861,0.0
862,0.0
863,0.0
864,0.0
865,0.0
866,0.0
867,0.0
868,0.0305810862234
869,0.0
870,0.0
871,0.0
872,0.0
873,0.0
874,0.0479614325294
875,0.0
876,0.0
877,0.116332108673
878,0.0201577649388
879,0.0
880,0.0
881,0.0
882,0.0
883,0.0
884,0.0
885,0.0947506268475
886,0.0
887,0.089005458158
888,0.0
889,0.0
890,0.0
891,0.0
892,0.278645807369
893,0.0127343115504
894,0.0
895,0.0
896,0.0
897,0.0
898,0.0
899,0.0
900,0.0
901,0.0
902,0.0
903,0.0
904,0.0
905,0.109806043865
906,0.254205805139
907,0.0
908,0.0
909,0.0
910,0.0
911,0.0210363442285
912,0.147423124337
913,0.0
914,0.0
915,0.0
916,0.0
917,0.0
918,0.0
919,0.0
920,0.0
921,0.0
922,0.0
923,0.0129121597419
924,0.0
925,0.0
926,0.0
927,0.0
928,0.0
929,0.00739269522188
930,0.164908087462
931,0.0
932,0.0
933,0.0
934,0.0729605352965
935,0.0
936,0.0441306042042
937,0.0
938,0.0
939,0.0
940,0.0
941,0.00487684729064
942,0.0
943,0.0
944,0.0
945,0.0856971371783
946,0.0
947,0.0
948,0.0
949,0.0395889036968
950,0.0
951,0.0
952,0.0
953,0.0
954,0.0
955,0.0
956,0.0
957,0.0
958,0.0
959,0.0
960,0.0
961,0.0
962,0.0
963,0.0
964,0.0
965,0.0
966,0.0
967,0.0
968,0.0
969,0.0
970,0.0304853190925
971,0.0
972,0.0
973,0.0
974,0.0
975,0.0
976,0.0418710436695
977,0.0
978,0.0343619727299
979,0.0
980,0.155570624461
981,0.0253259320829
982,0.0
983,0.0
984,0.0
985,0.112070669282
986,0.0
987,0.0
988,0.0
989,0.0
990,0.0
991,0.0
992,0.0
993,0.0
994,0.0153711212849
995,0.0
996,0.0
997,0.236803043249
998,0.131024503757
999,0.066799603898
1000,0.0
1001,0.0
1002,0.0
1003,0.0
1004,0.0
1005,0.0
1006,0.0947281888246
1007,0.0
1008,0.0
1009,0.0
1010,0.238964963669
1011,0.0
1012,0.0
1013,0.155749512096
1014,0.0
1015,0.0
1016,0.0
1017,0.0
1018,0.0
1019,0.0
1020,0.0
1021,0.171359166032
1022,0.00482926829268
1023,0.0
1024,0.0
1025,0.0
1026,0.0212769670686
1027,0.0
1028,0.0
1029,0.385084780755
1030,0.0
1031,0.069053383167
1032,0.0
1033,0.0
1034,0.0
1035,0.0
1036,0.0
1037,0.172520129766
1038,0.0
1039,0.0
1040,0.0
1041,0.0
1042,0.0
1043,0.0
1044,0.0
1045,0.0
1046,0.0
1047,0.0
1048,0.0
1049,0.0
1050,0.0
1051,0.0
1052,0.0
1053,0.0
1054,0.0636777247694
1055,0.215952981468
1056,0.115784210968
1057,0.0
1058,0.0
1059,0.173090254697
1060,0.0
1061,0.0
1062,0.0
1063,0.0
1064,0.0
1065,0.0
1066,0.0
1067,0.0
1068,0.0
1069,0.0
1070,0.0
1071,0.0299875867621
1072,0.0
1073,0.0
1074,0.0
1075,0.0
1076,0.0
1077,0.0
1078,0.0835875971363
1079,0.0824753055144
1080,0.0
1081,0.0
1082,0.0
1083,0.0
1084,0.0
1085,0.0
1086,0.020798933602
1087,0.0
1088,0.0
1089,0.0
1090,0.0
1091,0.0
1092,0.0
1093,0.0
1094,0.0
1095,0.0
1096,0.0
1097,0.0
1098,0.0
1099,0.0
1100,0.0
1101,0.0
1102,0.0
1103,0.0
1104,0.221941713963
1105,0.0
1106,0.0
1107,0.0
1108,0.0728135526436
1109,0.0465576039803
1110,0.0
1111,0.0
1112,0.0
1113,0.0
1114,0.0
1115,0.0
1116,0.0
1117,0.0
1118,0.0
1119,0.0
1120,0.0
1121,0.0
1122,0.0
1123,0.0
1124,0.0
1125,0.0
1126,0.0
1127,0.0
1128,0.00965685537763
1129,0.0
1130,0.0
1131,0.0
1132,0.115323723473
1133,0.0
1134,0.0
1135,0.0
1136,0.0
1137,0.0
1138,0.0
1139,0.0
1140,0.0
1141,0.0115027648402
1142,0.120114160404
1143,0.0
1144,0.0
1145,0.0
1146,0.0
1147,0.0
1148,0.0
1149,0.0
1150,0.0
1151,0.0
1152,0.107377459799
1153,0.0
1154,0.12294323777
1155,0.0
1156,0.0
1157,0.0443267861294
1158,0.0
1159,0.0
1160,0.00400381978033
1161,0.0
1162,0.0
1163,0.0
1164,0.0
1165,0.0
1166,0.0
1167,0.0
1168,0.0
1169,0.0
1170,0.0
1171,0.0761977730835
1172,0.0
1173,0.0
1174,0.0525533235887
1175,0.139188156939
1176,0.0
1177,0.0
1178,0.0
1179,0.0
1180,0.0
1181,0.0
1182,0.0
1183,0.0
1184,0.0
1185,0.0
1186,0.0
1187,0.0
1188,0.0
1189,0.0296328033257
1190,0.0
1191,0.00813843270208
1192,0.0
1193,0.0063756646221
1194,0.0
1195,0.108601476446
1196,0.0
1197,0.0
1198,0.0
1199,0.0
1200,0.0
1201,0.0
1202,0.0
1203,0.0
1204,0.0
1205,0.0
1206,0.0
1207,0.0
1208,0.0715481787109
1209,0.0317631854977
1210,0.0
1211,0.00475961538462
1212,0.0
1213,0.0
1214,0.0777299202194
1215,0.0
1216,0.0
1217,0.00475369429712
1218,0.0
1219,0.0403919392712
1220,0.0
1221,0.0
1222,0.0
1223,0.0
1224,0.117300526154
1225,0.0
1226,0.0
1227,0.0
1228,0.213293407593
1229,0.0
1230,0.198176976862
1231,0.0
1232,0.0
1233,0.0
1234,0.0
1235,0.0
1236,0.0
1237,0.101240548758
1238,0.0
1239,0.0
1240,0.0
1241,0.0
1242,0.00257061364976
1243,0.0
1244,0.0
1245,0.0
1246,0.0
1247,0.265628187335
1248,0.0
1249,0.0
1250,0.0798666991707
1251,0.0
1252,0.0237338146656
1253,0.0
1254,0.0
1255,0.0283668359465
1256,0.0
1257,0.0
1258,0.0
1259,0.0
1260,0.0
1261,0.0
1262,0.0
1263,0.0
1264,0.0
1265,0.326861292055
1266,0.0
1267,0.0
1268,0.0
1269,0.0
1270,0.0113319067603
1271,0.0
1272,0.0
1273,0.0
1274,0.0
1275,0.0
1276,0.0
1277,0.0
1278,0.0
1279,0.0
1280,0.0
1281,0.0
1282,0.0
1283,0.0
1284,0.071676385977
1285,0.0
1286,0.0
1287,0.0
1288,0.0
1289,0.0
1290,0.0
1291,0.0
1292,0.0
1293,0.00663614520436
1294,0.0
1295,0.0
1296,0.0307837424932
1297,0.00102823501423
1298,0.0
1299,0.00858737997177
1300,0.0
1301,0.0
1302,0.0775481230614
1303,0.0
1304,0.0
1305,0.0
1306,0.0503201497599
1307,0.0700134203759
1308,0.0
1309,0.0
1310,0.0
1311,0.10395057329
1312,0.0
1313,0.0
1314,0.319740587656
1315,0.0
1316,0.0
1317,0.0
1318,0.0
1319,0.0
1320,0.0
1321,0.0
1322,0.0
1323,0.0
1324,0.0
1325,0.0
1326,0.0
1327,0.0
1328,0.238690284226
1329,0.0
1330,0.0
1331,0.0875864566242
1332,0.0
1333,0.00151605279588
1334,0.0
1335,0.0
1336,0.0
1337,0.0
1338,0.0
1339,0.0
1340,0.00410174004096
1341,0.0
1342,0.0
1343,0.0
1344,0.0
1345,0.0
1346,0.0
1347,0.0
1348,0.0
1349,0.0568110626547
1350,0.0
1351,0.0251250980706
1352,0.0
1353,0.0
1354,0.0208486346392
1355,0.0
1356,0.0
1357,0.0
1358,0.0
1359,0.0
1360,0.0
1361,0.0
1362,0.0
1363,0.0170393315458
1364,0.0446845693774
1365,0.0856965423355
1366,0.0
1367,0.117615835299
1368,0.0
1369,0.00473684210526
1370,0.0
1371,0.0
1372,0.0
1373,0.0
1374,0.0
1375,0.0
1376,0.0135061330621
1377,0.0
1378,0.0134968975556
1379,0.0
1380,0.019481749381
1381,0.0
1382,0.0192698711825
1383,0.0
1384,0.0
1385,0.0
1386,0.0552825746428
1387,0.0627625101486
1388,0.0
1389,0.0
1390,0.0
1391,0.0172273798669
1392,0.0
1393,0.0
1394,0.0619399614375
1395,0.0
1396,0.0197968888322
1397,0.167080506966
1398,0.0
1399,0.0
1400,0.0
1401,0.0
1402,0.0
1403,0.0
1404,0.0
1405,0.165575716785
1406,0.0
1407,0.0153848702418
1408,0.00382642311469
1409,0.0
1410,0.0237839850859
1411,0.0
1412,0.0
1413,0.0
1414,0.0181387231638
1415,0.053218617205
1416,0.0934152517365
1417,0.397607549553
1418,0.010773982988
1419,0.0101408893786
1420,0.0
1421,0.0
1422,0.0106391498475
1423,0.0
1424,0.0
1425,0.0652391565214
1426,0.0
1427,0.0639004698837
1428,0.0
1429,0.0
1430,0.0
1431,0.174739959857
1432,0.0
1433,0.0
1434,0.0292570530603
1435,0.0901397763432
1436,0.0
1437,0.0
1438,0.0
1439,0.0412284956626
1440,0.0
1441,0.0
1442,0.0
1443,0.0
1444,0.0669350069776
1445,0.0
1446,0.0
1447,0.013750119787
1448,0.0
1449,0.0625779393473
1450,0.00228336255128
1451,0.0
1452,0.0
1453,0.0
1454,0.0
1455,0.0
1456,0.0
1457,0.0
1458,0.0
1459,0.0
1460,0.0
1461,0.0
1462,0.0
1463,0.0
1464,0.0
1465,0.0
1466,0.0
1467,0.0504790328229
1468,0.176447368421
1469,0.0
1470,0.0
1471,0.0
1472,0.0750282315818
1473,0.0
1474,0.0
1475,0.0
1476,0.00471428571429
1477,0.0
1478,0.0847047786869
1479,0.0
1480,0.0
1481,0.0823727444921
1482,0.0
1483,0.0
1484,0.0112769393509
1485,0.0
1486,0.0
1487,0.0
1488,0.0
1489,0.0
1490,0.0
1491,0.0
1492,0.024380239221
1493,0.0
1494,0.0
1495,0.0775425800374
1496,0.0
1497,0.0
1498,0.211709288501
1499,0.0
1500,0.0356209492086
1501,0.228969997352
1502,0.0
1503,0.0132281719988
1504,0.0
1505,0.110270349047
1506,0.030331520313
1507,0.0
1508,0.0796197793814
1509,0.0
1510,0.0
1511,0.0
1512,0.0
1513,0.0
1514,0.0
1515,0.0
1516,0.163102599076
1517,0.0
1518,0.0
1519,0.0
1520,0.0
1521,0.255099948029
1522,0.0
1523,0.0
1524,0.0
1525,0.059206047966
1526,0.0
1527,0.0
1528,0.0
1529,0.0
1530,0.000428443232502
1531,0.0
1532,0.0
1533,0.0
1534,0.0
1535,0.0
1536,0.0
1537,0.0
1538,0.0
1539,0.0
1540,0.0
1541,0.0
1542,0.0297352639534
1543,0.0156754992311
1544,0.0
1545,0.0
1546,0.0
1547,0.0
1548,0.0695972186492
1549,0.0
1550,0.0
1551,0.0
1552,0.0
1553,0.0
1554,0.0
1555,0.0
1556,0.0
1557,0.0
1558,0.0
1559,0.0
1560,0.0
1561,0.0
1562,0.0798292455026
1563,0.0
1564,0.0
1565,0.0
1566,0.0
1567,0.0501460742802
1568,0.0
1569,0.0
1570,0.0
1571,0.0861168840859
1572,0.0
1573,0.0
1574,0.0
1575,0.0
1576,0.0321922008428
1577,0.0
1578,0.0
1579,0.0
1580,0.0
1581,0.0
1582,0.0
1583,0.0
1584,0.0
1585,0.0
1586,0.0145120175496
1587,0.00452571029192
1588,0.0
1589,0.0
1590,0.0
1591,0.0
1592,0.0
1593,0.0
1594,0.0
1595,0.0
1596,0.0
1597,0.0144806950539
1598,0.0
1599,0.0
1600,0.0
1601,0.0
1602,0.0
1603,0.0
1604,0.0
1605,0.0
1606,0.0579353147796
1607,0.0
1608,0.0
1609,0.0
1610,0.0
1611,0.0
1612,0.0
1613,0.0
1614,0.0
1615,0.101776319981
1616,0.0
1617,0.133350753018
1618,0.0
1619,0.0
1620,0.0
1621,0.0
1622,0.0162530398387
1623,0.0
1624,0.0
1625,0.0
1626,0.0717696392226
1627,0.0
1628,0.0
1629,0.0
1630,0.0
1631,0.0
1632,0.0929874889293
1633,0.0
1634,0.0
1635,0.0
1636,0.0
1637,0.0
1638,0.0
1639,0.0
1640,0.0
1641,0.0
1642,0.0
1643,0.0
1644,0.0
1645,0.0
1646,0.0
1647,0.0
1648,0.0125245692633
1649,0.0
1650,0.0
1651,0.0
1652,0.0
1653,0.0
1654,0.163741317938
1655,0.0
1656,0.201590653329
1657,0.0
1658,0.0
1659,0.256322009202
1660,0.0
1661,0.0
1662,0.0461219235435
1663,0.0425831813791
1664,0.0
1665,0.0
1666,0.0
1667,0.190560352982
1668,2.72858004605e-05
1669,0.0205224424884
1670,0.0
1671,0.0
1672,0.0
1673,0.0
1674,0.0
1675,0.0
1676,0.0
1677,0.00165472021186
1678,0.0555837760239
1679,0.0190894596413
1680,0.0
1681,0.0
1682,0.0
1683,0.0
1684,0.0
1685,0.0
1686,0.130928717764
1687,0.0
1688,0.0
1689,0.0
1690,0.0
1691,0.0
1692,0.0
1693,0.0326498634597
1694,0.0239398888516
1695,0.0
1696,0.0
1697,0.0
1698,0.0
1699,0.0
1700,0.0
1701,0.0294315854982
1702,0.0
1703,0.0
1704,0.0
1705,0.0
1706,0.0
1707,0.0
1708,0.0
1709,0.0171638129136
1710,0.0
1711,0.0
1712,0.0
1713,0.0
1714,0.0
1715,0.0
1716,0.0
1717,0.0
1718,0.0
1719,0.192875655944
1720,0.0
1721,0.0
1722,0.00145678455369
1723,0.0
1724,0.0
1725,0.0
1726,0.0
1727,0.0
1728,0.0
1729,0.0
1730,0.0
1731,0.0
1732,0.0
1733,0.0
1734,0.00914469319634
1735,0.294755298971
1736,0.0
1737,0.0
1738,0.0
1739,0.0441377890801
1740,0.0
1741,0.0
1742,0.0676155876948
1743,0.0
1744,0.0
1745,0.0516402205324
1746,0.0
1747,0.00905862994345
1748,0.0
1749,0.0
1750,0.0
1751,0.0
1752,0.270107625548
1753,0.0
1754,0.0
1755,0.0
1756,0.0
1757,0.0
1758,0.0208875464962
1759,0.0
1760,0.0
1761,0.0
1762,0.0
1763,0.0
1764,0.0192567547945
1765,0.0
1766,0.174358318606
1767,0.0
1768,0.0
1769,0.0
1770,0.0
1771,0.0
1772,0.0
1773,0.0
1774,0.0
1775,0.0
1776,0.0
1777,0.0353082196476
1778,0.0
1779,0.0
1780,0.0
1781,0.0
1782,0.0
1783,0.0
1784,0.0
1785,0.0
1786,0.0270557765799
1787,0.0
1788,0.0
1789,0.0
1790,0.0
1791,0.0
1792,0.00136591558896
1793,0.0
1794,0.0
1795,0.0
1796,0.0
1797,0.0
1798,0.0442322934541
1799,0.0
1800,0.0
1801,0.0
1802,0.0
1803,0.0
1804,0.0
1805,0.0138396014061
1806,0.0
1807,0.0
1808,0.0
1809,0.0313616191362
1810,0.0
1811,0.208289281436
1812,0.0
1813,0.0
1814,0.0
1815,0.0
1816,0.0
1817,0.0
1818,0.0
1819,0.0382872948929
1820,0.0
1821,0.0
1822,0.0
1823,0.0
1824,0.0
1825,0.0
1826,0.0
1827,0.0
1828,0.236018767842
1829,0.0
1830,0.237085677961
1831,0.0
1832,0.0
1833,0.0
1834,0.0
1835,0.0
1836,0.0
1837,0.0
1838,0.0
1839,0.0
1840,0.0
1841,0.0241840575961
1842,0.0
1843,0.0
1844,0.0
1845,0.257740074246
1846,0.0
1847,0.0
1848,0.0
1849,0.0148342852966
1850,0.081785506752
1851,0.0
1852,0.0
1853,0.0
1854,0.0
1855,0.0
1856,0.0
1857,0.0
1858,0.0
1859,0.0
1860,0.0
1861,0.0150483712497
1862,0.0
1863,0.309916260819
1864,0.0
1865,0.00434229607377
1866,0.0
1867,0.0
1868,0.0
1869,0.0
1870,0.0173089039353
1871,0.0
1872,0.0
1873,0.0
1874,0.0
1875,0.0832901643664
1876,0.0
1877,0.0
1878,0.0
1879,0.0
1880,0.0
1881,0.0
1882,0.0
1883,0.0
1884,0.0
1885,0.00576522662377
1886,0.0
1887,0.0
1888,0.0
1889,0.0
1890,0.0
1891,0.0
1892,0.0
1893,0.0
1894,0.0139687383579
1895,0.0
1896,0.0
1897,0.0
1898,0.00679254223282
1899,0.100861828324
1900,0.0
1901,0.0
1902,0.0
1903,0.0
1904,0.0259512760471
1905,0.0
1906,0.0886643965347
1907,0.192186513704
1908,0.0
1909,0.0160265656326
1910,0.0
1911,0.0
1912,0.0
1913,0.0
1914,0.0
1915,0.0
1916,0.0299600889387
1917,0.0
1918,0.0
1919,0.0
1920,0.0
1921,0.0
1922,0.0929602986097
1923,0.0
1924,0.0
1925,0.0
1926,0.00420054874285
1927,0.0
1928,0.0
1929,0.0
1930,0.0
1931,0.0
1932,0.0
1933,0.0970383247824
1934,0.224784761437
1935,0.0
1936,0.0
1937,0.0
1938,0.0
1939,0.0
1940,0.0
1941,0.0
1942,0.0
1943,0.0
1944,0.0
1945,0.0
1946,0.0
1947,0.0
1948,0.0685881442597
1949,0.0
1950,0.0
1951,0.016378317518
1952,0.0104044686446
1953,0.0
1954,0.0
1955,0.0
1956,0.0584061568327
1957,0.119472803132
1958,0.0414506063071
1959,0.0
1960,0.0
1961,0.0
1962,0.0
1963,0.0
1964,0.0
1965,0.0
1966,0.0
1967,0.0
1968,0.0
1969,0.0
1970,0.00548430772137
1971,0.0
1972,0.0
1973,0.0407768016444
1974,0.0
1975,0.0
1976,0.0
1977,0.0
1978,0.0
1979,0.0375370097891
1980,0.0
1981,0.0
1982,0.0
1983,0.177689453042
1984,0.0
1985,0.0
1986,0.0
1987,0.0
1988,0.0
1989,0.0
1990,0.0212436183336
1991,0.00522331645351
1992,0.0391760694089
1993,0.0
1994,0.0
1995,0.0
1996,0.0
1997,0.0
1998,0.0
1999,0.0
