0,1.02270535714
1,0.0
2,27.2361112231
3,0.165
4,0.0
5,0.674973382954
6,0.463807254905
7,15.9284800612
8,5.87725494998
9,14.3624576904
10,0.0
11,0.0
12,0.0
13,7.9696414284
14,0.378798579306
15,4.16344537276
16,0.0
17,0.0
18,0.239201229751
19,0.0
20,0.33013985404
21,5.351906659
22,1.16114426583
23,0.772148682621
24,1.52066075061
25,2.019976269
26,0.276511457627
27,0.405684701899
28,0.316972871143
29,1.04977401212
30,0.0
31,0.78982663064
32,0.263711468828
33,0.871519769984
34,0.194086550335
35,0.227767823151
36,0.0
37,0.773301828077
38,0.0
39,0.178401013096
40,1.3472356185
41,0.841322462205
42,0.102544542864
43,1.0210181226
44,0.179172766908
45,0.169308338481
46,0.300300226033
47,0.676575091363
48,0.0
49,0.115234552307
50,0.0
51,0.297412002489
52,0.196794712859
53,0.0889394583213
54,0.0
55,0.186443263865
56,0.453366521083
57,0.326964682795
58,0.450454172844
59,0.400535144082
60,0.309456462278
61,0.657791038034
62,0.167255551478
63,0.176985381726
64,0.304773344057
65,0.0
66,0.0
67,0.127869139513
68,0.0
69,0.0
70,0.310748001659
71,0.0
72,0.109841627651
73,0.00355919281096
74,0.0952477452799
75,0.0
76,0.387299227526
77,0.0108406430178
78,0.0780439687413
79,0.166614472287
80,0.0904093813521
81,0.0
82,0.0242565593713
83,0.29165869856
84,0.0729884624131
85,0.111284165548
86,0.177702991055
87,0.333124983326
88,0.0
89,0.369700480367
90,0.402695106888
91,0.088851289501
92,0.250244557593
93,0.263956199572
94,0.196888615494
95,0.15073411222
96,0.180383741201
97,0.0473712889121
98,0.122615684311
99,0.207569792043
100,0.172291574616
101,0.0
102,0.121038713827
103,0.132209014802
104,0.0
105,0.0658660346184
106,0.069141597533
107,0.0
108,0.0
109,0.228007921722
110,0.0
111,0.136964246184
112,0.0867978359897
113,0.0
114,0.136687479993
115,0.0630001260877
116,0.0
117,0.278804020831
118,0.1339672795
119,0.105173694348
120,0.0
121,0.244000527575
122,0.0
123,0.0
124,0.076460927258
125,0.0
126,0.366656757743
127,0.129748027439
128,0.12500372206
129,0.108967843249
130,0.150928420767
131,0.0936083654111
132,0.041939669982
133,0.313118103738
134,0.191974453911
135,0.0415760503469
136,0.0624087373648
137,0.0740180120658
138,0.153950633039
139,0.106758419202
140,0.0998988561492
141,0.166968936665
142,0.0
143,0.15560954722
144,0.211592879588
145,0.0276125447309
146,0.0578382924194
147,0.0301786545521
148,0.127299139742
149,0.0926313210699
150,0.142360684941
151,0.0875545209017
152,0.082589726003
153,0.0663247537984
154,0.00271247751865
155,0.080643885261
156,0.157721374391
157,0.18965468074
158,0.0
159,0.0600293049579
160,0.0567779751723
161,0.0316812246694
162,0.108826514665
163,5.55111512313e-17
164,0.160530050508
165,0.0313128859939
166,0.132147576943
167,0.0
168,0.0555443597375
169,0.0
170,0.0331038267118
171,0.0499725764423
172,0.0
173,0.10957312338
174,0.138825629015
175,0.0
176,0.170467282639
177,0.107740003385
178,0.0389708990303
179,0.0992787262678
180,0.0987664216072
181,0.100789091257
182,0.0
183,0.26155213168
184,0.0745416232093
185,0.0303919658181
186,0.0789785708625
187,0.0561586938735
188,0.00855454724579
189,0.0
190,0.0
191,0.0280082786298
192,0.129897676258
193,0.0437636043947
194,0.0
195,0.0793606152383
196,0.0
197,0.0
198,0.0466102920927
199,0.0587328311417
200,0.0452669113204
201,0.0853933086919
202,0.0
203,0.0293970229797
204,0.0
205,0.0580445880745
206,0.0437773075064
207,0.0476076477019
208,0.0171514274226
209,0.201664670287
210,0.0366554380903
211,0.0
212,0.0681174889964
213,0.041223918977
214,0.049287577244
215,0.0226175699099
216,0.0692476526011
217,0.0642106392146
218,0.0
219,0.209010676215
220,0.0
221,0.0
222,0.0600884066249
223,0.0346158439606
224,0.0
225,0.0798277999532
226,0.0272821879319
227,0.0260180960768
228,0.0317260688402
229,0.0
230,0.0
231,0.0285804358354
232,0.0350243040195
233,0.0855572595152
234,0.0611856696722
235,0.041065624553
236,0.0270534027766
237,0.0530672016763
238,0.0565819124163
239,0.05499315133
240,0.015814253068
241,0.0958212806039
242,0.0757686451065
243,0.0
244,0.0239532661195
245,0.0632569362036
246,0.0225163837761
247,0.0360522560383
248,0.063385207911
249,0.11695035505
250,0.0477218622387
251,0.0
252,0.0211745591311
253,0.0474837626413
254,0.0
255,0.0294000928469
256,0.0
257,0.0
258,0.11606924345
259,0.0513559142935
260,0.0246322306813
261,0.163622446464
262,0.177869613424
263,0.0562320416271
264,0.0
265,0.0332621222218
266,0.201390656648
267,0.0
268,0.0389895146647
269,0.03144214417
270,0.20307873535
271,0.0310289492065
272,0.023810152047
273,0.0165361877717
274,0.103388417599
275,0.215338825698
276,0.051418796659
277,0.0712878212851
278,0.0
279,0.0
280,0.0
281,0.0896746552039
282,0.0998823094237
283,0.0735960129249
284,0.0
285,0.0210849739101
286,0.0
287,0.0495915334625
288,0.0173046584119
289,0.0374885679863
290,0.0435225802744
291,0.131433802225
292,0.0240354352558
293,0.0269175742254
294,0.0249542953382
295,0.0346549098574
296,0.0636834393331
297,0.0
298,0.0
299,0.0417017501936
300,0.0417714917802
301,0.113548077891
302,0.0
303,0.0075875757552
304,0.0
305,0.0
306,0.0790299569676
307,0.0
308,0.116254464913
309,0.0687016319645
310,0.0
311,0.0
312,0.14075931978
313,0.0389328711379
314,0.0570241985505
315,0.030011178311
316,0.0273648921593
317,0.0
318,0.0140825075112
319,0.0331497171787
320,0.0570778530939
321,0.0409084061373
322,0.0744975088511
323,0.0
324,0.0218400044162
325,0.0595447337077
326,0.0
327,0.0504635360002
328,0.021953292
329,0.0
330,0.0391206349032
331,0.0
332,0.0
333,0.168806114043
334,0.0184444247411
335,0.0527518671107
336,0.0
337,0.0435973155701
338,0.0395335715575
339,0.0282452287152
340,0.0274561644898
341,0.0
342,0.0225422479676
343,0.0546287378045
344,0.0166059320701
345,0.036084427254
346,0.0
347,0.026845261301
348,0.0825439960326
349,0.0539420506298
350,0.0
351,0.0929701273337
352,0.0239750832627
353,0.0985872397056
354,0.0336901814412
355,0.0149345551196
356,0.0440530234957
357,0.0858963604564
358,0.0557729066305
359,0.0540043030503
360,0.025982443915
361,0.0183229698113
362,0.0156093528326
363,0.0748447392457
364,0.0138617599668
365,0.0963288286632
366,0.0
367,0.0242158350154
368,0.0
369,0.0640912721979
370,0.0510697129817
371,0.0498201813104
372,0.0
373,0.0761817919011
374,0.0
375,0.0508579305
376,0.104164292877
377,0.1136039029
378,0.0201613675817
379,0.0
380,0.0282190699992
381,0.0283938122747
382,0.0
383,0.0202771457724
384,0.0670689623174
385,0.0703123631495
386,0.0478341446718
387,0.0
388,0.0318929562951
389,0.0
390,0.0566835503571
391,0.0173869655212
392,0.0356967417481
393,0.0169536359141
394,0.0151122293692
395,0.0
396,0.0419720311632
397,0.0203957497224
398,0.028466504145
399,0.0
400,0.0
401,0.0610433298485
402,0.0177054023335
403,0.0
404,0.0
405,0.0215817394814
406,0.0
407,0.0578151981132
408,0.027403731433
409,0.0
410,0.0659946596634
411,0.135495112427
412,0.0
413,0.0261268216465
414,0.0323224191149
415,0.00443745251989
416,0.0273095805142
417,0.0466547587337
418,0.231263315937
419,0.0150254281318
420,0.0119620357959
421,0.0
422,0.0288764108335
423,0.0
424,0.027499671569
425,5.55111512313e-17
426,0.0123915063904
427,0.0249829589573
428,0.0507310341414
429,0.0184302160067
430,0.0477050960324
431,0.0
432,0.0239096216816
433,0.0172569098858
434,0.03980236672
435,0.0438019871752
436,0.0614804290103
437,0.0158898253921
438,0.0163322447579
439,0.0140351609299
440,0.017337710663
441,0.0502932525551
442,0.0242825781284
443,0.0679224974655
444,0.0194448815044
445,0.0310154749402
446,0.0
447,0.0154018131733
448,0.0258167326071
449,0.0313435413848
450,0.0
451,0.0517534986621
452,0.0
453,0.0166710723914
454,0.0256805922872
455,0.0329727292038
456,0.0616291394927
457,0.0
458,0.0209642171654
459,0.0350979078165
460,0.0313109125829
461,0.0
462,0.0
463,0.0166218988246
464,0.0
465,0.00679817463764
466,0.0188022550487
467,0.0218096983589
468,0.0301850158122
469,0.0
470,0.0125305764721
471,0.0320822835555
472,0.0
473,0.00142279396525
474,0.0
475,0.0154159303122
476,0.0882048024949
477,0.0165937138672
478,0.0341742543841
479,0.0253490643172
480,0.0224591573632
481,0.0312301575926
482,0.00992132394366
483,0.0332673232691
484,0.0297330941995
485,0.0265221363208
486,0.0
487,0.0
488,0.0351517494247
489,0.0
490,0.0156621325948
491,0.0179129794359
492,0.0
493,0.0700340726978
494,0.0108941022181
495,0.0
496,0.0287789716451
497,0.000556037424235
498,0.0585908812831
499,0.0525857818021
500,0.0159959808545
501,0.0
502,0.0
503,0.0438125305153
504,0.0443590007294
505,0.0107906882527
506,0.0209758271194
507,0.0346763259874
508,0.0175032405907
509,0.0157324432062
510,0.0563586332397
511,0.0
512,0.0273663407699
513,0.0604271509372
514,0.0163519284514
515,0.0122798295889
516,0.0294958991139
517,0.02763673533
518,0.0790798557927
519,0.0146825874149
520,0.086016174138
521,0.0290318821348
522,0.017744443594
523,0.0
524,0.0222740622225
525,0.0304166773516
526,0.0
527,0.0348195633888
528,0.0
529,0.0183913341097
530,0.0168990330867
531,0.00859209268221
532,0.0102560680688
533,0.036304621744
534,0.0206104157831
535,0.0153414759667
536,0.0517382892767
537,0.0466919912777
538,0.0760361347741
539,0.0
540,0.0142016805671
541,0.0
542,0.015532137263
543,0.0
544,0.0
545,0.0171529276793
546,0.0419964841415
547,0.0113643887894
548,0.0201830945584
549,0.00709564479548
550,0.0
551,0.0586218113862
552,0.0954955257804
553,0.0227275243418
554,0.0239389864384
555,0.0255276720502
556,0.0
557,0.0262062526771
558,0.0
559,0.044843690964
560,0.0253463052086
561,0.0163121735902
562,0.0
563,0.0360112300918
564,0.00764112661126
565,0.0338606013109
566,0.0314866669635
567,0.0169588698234
568,0.0389391126718
569,0.0
570,0.00428317597409
571,0.0
572,0.0
573,0.0128058238256
574,0.0126717485786
575,0.0191949923413
576,0.0113032740486
577,0.0230559455705
578,0.0111557026335
579,0.0119273370246
580,0.0
581,0.0
582,0.0
583,0.0132949742128
584,0.0
585,0.0
586,0.0
587,0.0626189881458
588,0.0297258625714
589,0.013727437104
590,0.029552161505
591,0.0
592,0.00698319108545
593,0.0
594,0.0480139906314
595,0.0631113186825
596,0.0
597,0.0390962522104
598,0.0
599,0.0399874041911
600,0.0348741845038
601,0.015376667942
602,0.0146652548967
603,0.0
604,0.0
605,0.0265424854845
606,0.025678255995
607,0.00930611352562
608,0.0360639065375
609,0.0296125977219
610,0.00885791048671
611,0.0334152850216
612,0.0126519863821
613,0.0260183024617
614,0.0441417197077
615,0.0
616,0.0
617,0.0
618,0.0
619,0.0
620,0.0
621,0.0362993583231
622,0.061133773016
623,0.0128995372057
624,0.0
625,0.0617209189085
626,0.0390154899877
627,0.0280404387075
628,0.0177557232281
629,0.0
630,0.0
631,0.0665969185378
632,0.0190818718309
633,0.0
634,0.0174275199157
635,0.0
636,0.0
637,0.0139761684991
638,0.023681814752
639,0.0
640,0.022597011274
641,0.0147044377124
642,0.00224978700126
643,0.0616151800739
644,0.0532477922061
645,0.012556481537
646,0.0157382971126
647,0.00650368048092
648,0.0
649,0.0
650,0.0284001052147
651,0.0
652,0.0904560077281
653,0.0
654,0.0121956333511
655,0.0141454656918
656,0.0
657,0.0
658,0.0369462141167
659,0.0
660,0.0615771310846
661,0.0148541249464
662,0.00790442009087
663,0.0
664,0.0
665,0.0245660756309
666,0.00728524150964
667,0.033857958467
668,0.0
669,0.0231461346363
670,0.019322767266
671,0.0
672,0.00934296207399
673,0.0
674,0.0574079450012
675,0.0220508129091
676,0.0190028848936
677,0.0645475236065
678,0.0118959620575
679,0.012806414659
680,0.0
681,0.0110354690314
682,0.0167074706992
683,0.0
684,0.02941570768
685,0.0171579194024
686,0.0134982463304
687,0.0137682063903
688,0.0
689,0.0561900999242
690,0.0
691,0.023739829394
692,0.0
693,0.0219868526788
694,0.0
695,0.0168336436628
696,0.0
697,0.0
698,0.0
699,0.0391358821501
700,0.0
701,0.00573225981508
702,0.00865663927462
703,0.079764892496
704,0.0291953391619
705,0.0411242685364
706,0.0233432835321
707,0.0
708,0.0160043370416
709,0.00819168246912
710,0.0177001710757
711,0.000274935146516
712,0.00793553318779
713,0.0198807681785
714,0.00755418988598
715,0.00685490665119
716,0.0397046038338
717,0.0268698687099
718,0.029353467924
719,0.0231295325044
720,0.017760651595
721,0.0
722,0.00668647061519
723,0.00598082323192
724,0.0135876851003
725,0.0191911481928
726,0.017985366775
727,0.00587873065813
728,0.0
729,0.025768177461
730,0.026688151734
731,0.016228972829
732,0.0225236744767
733,0.0262755183921
734,0.0
735,0.0503688362833
736,0.0241042065167
737,0.0
738,0.0
739,0.0269493871119
740,0.0264233250181
741,0.00183503888693
742,0.0216761861306
743,0.0513318327531
744,0.0
745,0.0486771828983
746,0.0
747,0.0
748,0.0
749,0.00943540315394
750,0.0352631887081
751,0.0
752,0.0
753,0.0165839344112
754,0.0
755,0.026928535375
756,0.0
757,0.042780580614
758,0.0214740247412
759,0.0832965498195
760,0.0205622949773
761,0.00910121970087
762,0.00832945452975
763,0.0271741762273
764,0.0
765,0.0291466366037
766,0.0
767,0.00549894689746
768,0.0105138632418
769,0.0104257208548
770,0.0108491323562
771,0.0221789320446
772,0.0434655607536
773,0.0403223431544
774,0.0152844064917
775,0.0
776,0.00794598984579
777,0.0201593033338
778,0.0
779,0.0468233736257
780,0.0
781,0.0278638332125
782,0.00996290120267
783,0.00879794609406
784,0.0
785,0.0192574993043
786,0.0293495844968
787,0.0127959637554
788,0.00899894349885
789,0.0139864444342
790,0.00813704334706
791,0.0178651819068
792,0.0196437677237
793,0.0203553738807
794,0.00849188174203
795,0.0
796,0.01623864592
797,0.0077794287162
798,0.0203703120491
799,0.0193954137957
800,0.0306429291338
801,0.0
802,0.00854197981075
803,0.00656145756108
804,0.0189377674976
805,0.0262268689925
806,0.0
807,0.0637304830817
808,0.00743710078634
809,0.0203715181201
810,0.0
811,0.0139227682042
812,0.0600422456865
813,0.0202988291303
814,0.0
815,0.0292942575147
816,0.0130046004274
817,0.048102010881
818,0.0
819,0.0151533431291
820,0.0182367300627
821,0.0137956079206
822,0.0210745700213
823,0.0122096071653
824,0.0402242497642
825,0.0
826,0.0
827,0.0
828,0.0495506784734
829,0.0
830,0.0115823153356
831,0.0432385277998
832,0.0127879799458
833,0.00509452217075
834,0.00908519407357
835,0.0109046356454
836,0.0128443766851
837,0.0118075410356
838,0.0
839,0.00916595737548
840,0.0200197551781
841,0.0152479457914
842,0.0208066923784
843,0.0158368638651
844,0.0177059464452
845,0.0
846,0.0286022126497
847,0.00975935950854
848,0.00579733968215
849,0.0178724789323
850,0.00853562805822
851,0.00960468604019
852,0.0286593183785
853,0.00653842781308
854,0.0232100066468
855,0.00544007185345
856,0.0108418025267
857,0.0127760919538
858,0.0107636486774
859,0.0170194675713
860,0.0142417761185
861,0.0
862,0.013711923864
863,0.00952332956329
864,0.0108059226582
865,0.0368274599453
866,0.0175399517579
867,0.00876806817457
868,0.00807526045584
869,0.0159417474503
870,0.0123381758106
871,0.0237045765123
872,0.0
873,0.025510070253
874,0.0
875,0.0
876,0.0
877,0.0136441835854
878,0.0626032607991
879,0.0216497303561
880,0.0142484509491
881,0.00715774574468
882,0.0138437449041
883,0.0231723244622
884,0.00486432128515
885,0.0169895375761
886,0.0158950617553
887,0.0
888,0.0284103990552
889,0.0
890,0.00519897713148
891,0.0235130414337
892,0.0147632565153
893,0.0114753133897
894,0.0483599244346
895,0.0
896,0.0380953200569
897,0.0278562023392
898,0.0
899,0.0
900,0.0345591417748
901,0.0096236350553
902,0.00809429611545
903,0.00746835688296
904,0.00937805324642
905,0.0310370087709
906,0.0045741165148
907,0.0331590581413
908,0.0114121633878
909,0.0106277575148
910,0.0298999194765
911,0.00617062504938
912,0.00642326263647
913,0.0
914,0.0
915,0.0089403639691
916,0.0458840276275
917,0.004245928757
918,0.0194662539572
919,0.0
920,0.00553829796998
921,0.0152039932382
922,0.00475342117806
923,0.0189467806587
924,0.0354911683496
925,0.0282863492004
926,0.025271510666
927,0.0119702123034
928,0.0239718592759
929,0.0188183301699
930,0.00837017261419
931,0.0170476441292
932,0.00929482413257
933,0.0
934,0.010872958508
935,0.0
936,0.0239777290558
937,0.0
938,0.0105495846797
939,0.0576643846709
940,0.00951649294587
941,0.042830793594
942,0.0
943,0.0445924794635
944,0.00957888237752
945,0.0338256887121
946,0.00218864865727
947,0.0416934805769
948,0.0
949,0.0188566265703
950,0.00559969418744
951,0.0
952,0.0136882394922
953,0.0138199517539
954,0.0117888570313
955,0.00787722057986
956,0.0
957,0.0179480896877
958,0.00440344065195
959,0.0
960,0.0
961,0.0104932146167
962,0.00643505134131
963,0.0214288401323
964,0.00731855117001
965,0.030043174338
966,0.0157487533163
967,0.00437539756854
968,0.0513207194883
969,0.009485498167
970,0.00431996812475
971,0.0
972,0.0
973,0.0
974,0.0161789133588
975,0.0148565185711
976,0.0250605622891
977,0.0182652537395
978,0.0028835905088
979,0.0
980,0.0260201987629
981,0.0
982,0.0272474019431
983,0.037191333137
984,0.0
985,0.0215580121225
986,0.0568037621505
987,0.00907654557158
988,0.0131491807131
989,0.00998254525493
990,0.00979353347398
991,0.0
992,0.0221888837502
993,0.0222320223681
994,0.0116895749127
995,0.0081058595316
996,0.0042114018341
997,0.0
998,0.0
999,0.0
1000,0.00641674052203
1001,0.00425237594836
1002,0.0
1003,0.0
1004,0.0151223845997
1005,0.0
1006,0.0367415779753
1007,0.0
1008,0.007660594389
1009,0.0
1010,0.0289366013334
1011,0.0201851223689
1012,0.00566438796231
1013,0.00535066246895
1014,0.0114581838957
1015,0.00396754203924
1016,0.0174367338683
1017,0.0136465824448
1018,0.0
1019,0.00565384634043
1020,0.0
1021,0.0423121631135
1022,0.00550686529897
1023,0.00659914602051
1024,0.00684314123188
1025,0.014839786678
1026,0.0
1027,0.0257109664505
1028,0.00611779133516
1029,0.0192716496611
1030,0.0100454023186
1031,0.0110972690278
1032,0.0
1033,0.0158482390321
1034,0.032632319934
1035,0.0153021219416
1036,0.0585521012872
1037,0.0100375143447
1038,0.0
1039,0.0154901207228
1040,0.00837700659983
1041,0.0149340750617
1042,0.00706357918627
1043,0.0299714416613
1044,0.00296537038058
1045,0.0
1046,0.00750085700978
1047,0.0
1048,0.0
1049,0.0
1050,0.00723219457831
1051,0.0228755979713
1052,0.00700100773088
1053,0.0
1054,0.0169505288439
1055,0.0
1056,0.00688301583411
1057,0.00555925903096
1058,0.00634340741513
1059,0.0547695149485
1060,0.0
1061,0.00828698646843
1062,0.0189318735712
1063,0.0125136483989
1064,0.0
1065,0.0171362466112
1066,0.0
1067,0.00531406387754
1068,0.0
1069,0.0106707435811
1070,0.00736666581528
1071,0.00737282989369
1072,0.00541371650201
1073,0.00676453682735
1074,0.0135535694673
1075,0.00836722530405
1076,0.0171069083215
1077,0.0144968564077
1078,0.0262225757019
1079,0.0284411582568
1080,0.011634469324
1081,0.00519302458314
1082,0.0
1083,0.00521438680449
1084,0.00657678880049
1085,0.0143184132815
1086,0.0141909589531
1087,0.00800250012713
1088,0.0
1089,0.0168696391716
1090,0.0236848982453
1091,0.00839399454595
1092,0.0219270611466
1093,0.0
1094,0.0
1095,0.0107708464002
1096,0.00946687917637
1097,0.00916254677284
1098,0.00690439981406
1099,0.0
1100,0.00929126601487
1101,0.032508764097
1102,0.0131231786498
1103,0.0112765522033
1104,0.0586337846819
1105,0.00429362354167
1106,0.0247197175335
1107,0.0352771971515
1108,0.0
1109,0.0
1110,0.021351587825
1111,0.014519505085
1112,0.00748287163972
1113,0.0
1114,0.0228277335647
1115,0.0
1116,0.0139908814626
1117,0.0144636338657
1118,0.0
1119,0.0213862529367
1120,0.0
1121,0.00477736020889
1122,0.0169683865824
1123,0.0138496705617
1124,0.00833319611987
1125,0.0170701284455
1126,0.0
1127,0.0503767942915
1128,0.0
1129,0.0405393948974
1130,0.00890245978493
1131,0.00699331318417
1132,0.0109515781726
1133,0.0140293912189
1134,0.0225644884256
1135,0.00427106663302
1136,0.00373069247548
1137,0.029152911154
1138,0.0106644735324
1139,0.0103749882308
1140,0.0334805629181
1141,0.0
1142,0.014913201592
1143,0.0
1144,0.0
1145,0.0195508748242
1146,0.0471617226372
1147,0.0
1148,0.0
1149,0.00881557381943
1150,0.018523289796
1151,0.0296860052074
1152,0.00837861292187
1153,0.00809198928287
1154,0.0154012264928
1155,0.0
1156,0.00277040892837
1157,0.0170221213897
1158,0.0194772151314
1159,0.0
1160,0.0109295623342
1161,0.0116796105931
1162,0.0104946938029
1163,0.0255221992937
1164,0.0
1165,0.0
1166,0.0128133814741
1167,0.0165397820955
1168,0.0106868991679
1169,0.00496412735142
1170,0.0147860426838
1171,0.0102732811032
1172,0.0177687270538
1173,0.0
1174,0.0
1175,0.0181949615521
1176,0.0
1177,0.0127037098931
1178,0.00659242103907
1179,0.0
1180,0.0212376155017
1181,0.00504506129594
1182,0.0
1183,0.0
1184,0.0120469634968
1185,0.00670686001302
1186,0.0
1187,0.00786652266346
1188,0.0239914029374
1189,0.00560093871114
1190,0.00457857084151
1191,0.0194764840629
1192,0.00546228247413
1193,0.0
1194,0.0
1195,0.00598506832743
1196,0.0150851975882
1197,0.013637703843
1198,0.0050357120366
1199,0.0
1200,0.0109111613185
1201,0.00570401186993
1202,0.0236080298999
1203,0.0
1204,0.012863405256
1205,0.0
1206,0.0084789525505
1207,0.011276542607
1208,0.0117735811163
1209,0.00717903911289
1210,0.00349699872276
1211,0.0209018806533
1212,0.0
1213,0.00911764705999
1214,0.0
1215,0.0041514464203
1216,0.0201103808795
1217,0.0276729171651
1218,0.00595604056527
1219,0.00541722292732
1220,0.0158909173325
1221,0.0
1222,0.0473757933871
1223,0.0441247057368
1224,0.0251488185806
1225,0.00649814598285
1226,0.0131597631049
1227,0.0111850146791
1228,0.0113126839131
1229,0.0244076007726
1230,0.00537889106357
1231,0.0
1232,0.0160148091502
1233,0.0139007170984
1234,0.00312593629031
1235,0.0
1236,0.0157525747553
1237,0.00619657950451
1238,0.00856654426949
1239,0.00180387777451
1240,0.0100660730578
1241,0.0
1242,0.0193423771661
1243,0.0206477774293
1244,0.00522548332624
1245,0.00779533515594
1246,0.0
1247,0.018738376311
1248,0.00601598871154
1249,0.0100506413846
1250,0.0214064804723
1251,0.00422369805244
1252,0.0
1253,0.0
1254,0.0121924689691
1255,0.0221313479576
1256,0.0
1257,0.00549539349995
1258,0.00901112171671
1259,0.0124292192252
1260,0.00977768664326
1261,0.0
1262,0.035371812833
1263,0.0182502491688
1264,0.0121560074001
1265,0.00694446990768
1266,0.0202373605661
1267,0.0
1268,0.015662478694
1269,0.00325964985504
1270,0.0293949242257
1271,0.0304362550417
1272,0.00637343220965
1273,0.0044871020402
1274,0.0
1275,0.0
1276,0.0
1277,0.0118733146906
1278,0.0117974382601
1279,0.0234740237993
1280,0.00379099235484
1281,0.0
1282,0.0
1283,0.00488937644562
1284,0.00840358412077
1285,0.00769081510839
1286,0.00563866399762
1287,0.0119178976168
1288,0.02535973468
1289,0.0
1290,0.00902178746654
1291,0.0115290406376
1292,0.0
1293,0.0151340671613
1294,0.0
1295,0.0
1296,0.013614782517
1297,0.0
1298,0.0148575439373
1299,0.00906990190857
1300,0.00184029266453
1301,0.0
1302,0.0176564941916
1303,0.0422193615012
1304,0.0
1305,0.0141206804888
1306,0.0201138940797
1307,0.0047692308097
1308,0.0307480078572
1309,0.0
1310,0.0130484606576
1311,0.0
1312,0.0110837184134
1313,0.0101158422358
1314,0.00593886765871
1315,0.00543380425218
1316,0.0
1317,0.0204725866796
1318,0.00429247717266
1319,0.00429473794045
1320,0.00367940640948
1321,0.0286430204656
1322,0.0
1323,0.014717602626
1324,0.026729419257
1325,0.0158916553326
1326,0.0202522785646
1327,0.0194742949853
1328,0.0
1329,0.0
1330,0.00904859562198
1331,0.00537649735884
1332,0.0330522941728
1333,0.0
1334,0.0
1335,0.0
1336,0.0134271229136
1337,0.00310768102939
1338,0.0249854696041
1339,0.0150776576314
1340,0.0074316167545
1341,0.0
1342,0.00724311539281
1343,0.0
1344,0.00942854537327
1345,0.00436153036084
1346,0.0
1347,0.0
1348,0.0106665754357
1349,0.0244198024979
1350,0.0173748143077
1351,0.0044379344876
1352,0.0173071923137
1353,0.00871873205585
1354,0.00965952120588
1355,0.0123948430615
1356,0.0173749038217
1357,0.0
1358,0.0157871176516
1359,0.00577826660645
1360,0.00759077668516
1361,0.0
1362,0.00593822803225
1363,0.00677576807552
1364,0.0107651152573
1365,0.00661960720076
1366,0.0
1367,0.0302227460191
1368,0.0059521755485
1369,0.0108383801712
1370,0.0
1371,0.00515635151791
1372,0.00596581095229
1373,0.00452501563649
1374,0.00999860684324
1375,0.00975798351066
1376,0.0
1377,0.0169019782865
1378,0.0
1379,0.00426948686502
1380,0.0101366966922
1381,0.0139750217263
1382,0.00610698742379
1383,0.0
1384,0.0186201790359
1385,0.0
1386,0.0207869149576
1387,0.00405738432404
1388,0.0231544226594
1389,0.00888435220347
1390,0.0129664377932
1391,0.0
1392,0.0
1393,0.0
1394,0.0146620797937
1395,0.0
1396,0.00431387470174
1397,0.0
1398,0.0310757279281
1399,0.00644691029202
1400,0.0
1401,0.00542695260079
1402,0.00422128438675
1403,0.0
1404,0.00592870571017
1405,0.0103627019472
1406,0.0130813219505
1407,0.0140699203261
1408,0.0
1409,0.00635334542695
1410,0.00999091189461
1411,0.00836233134366
1412,0.0090301959632
1413,0.021877988588
1414,0.0197305297035
1415,0.0286242101287
1416,0.0105731346379
1417,0.0
1418,0.00343932454803
1419,0.0
1420,0.0470011633663
1421,0.00612764184089
1422,0.0059136310799
1423,0.0216589785197
1424,0.0153328863392
1425,0.0139082921313
1426,0.00724373195295
1427,0.0
1428,0.00529768208083
1429,0.0041729703868
1430,0.00444702819785
1431,0.0
1432,0.00652750472502
1433,0.00382409863979
1434,0.0
1435,0.00940998423049
1436,0.00704443610219
1437,0.00693258012476
1438,0.0048390210059
1439,0.0
1440,0.0
1441,0.00363600995894
1442,0.0
1443,0.0
1444,0.0071182218078
1445,0.00755896891454
1446,0.0
1447,0.00893805381219
1448,0.0128729204449
1449,0.033217143024
1450,0.0117669323778
1451,0.00527662874087
1452,0.0
1453,0.0077937878191
1454,0.0
1455,0.017018116525
1456,0.00201105760146
1457,0.007724434773
1458,0.0106990743932
1459,0.0
1460,0.0127966445477
1461,0.0226115712156
1462,0.0121375064128
1463,0.0
1464,0.00357464049209
1465,0.00714434620932
1466,0.00622067873211
1467,0.0
1468,0.00447928720255
1469,0.0
1470,0.00729534682784
1471,0.0375238146474
1472,0.0119976270461
1473,0.00555295789743
1474,0.00802350517105
1475,0.0382191866728
1476,0.0142563675245
1477,0.0171184343564
1478,0.00633245982024
1479,0.0152997616307
1480,0.00792299323482
1481,0.00530458068783
1482,0.00618016856474
1483,0.00244461917928
1484,0.00374126436649
1485,0.0255287820345
1486,0.0258999447459
1487,0.00509988429798
1488,0.00587501208103
1489,0.0
1490,0.0
1491,0.0054734582835
1492,0.00089249814685
1493,0.0165668887273
1494,0.00723133742757
1495,0.0189915037001
1496,0.00817575612468
1497,0.00585074400305
1498,0.00244920871214
1499,0.0
1500,0.014277890527
1501,0.00296919204873
1502,0.00860750121747
1503,0.00758384301081
1504,0.00606931370023
1505,0.0113916003636
1506,0.00332238934222
1507,0.00528931354986
1508,0.0136202718105
1509,0.0056506965332
1510,0.00315886600481
1511,0.0
1512,0.00290284748844
1513,0.000279984453344
1514,0.0147166197163
1515,0.0103231538368
1516,0.0
1517,0.00986746468207
1518,0.0265985397045
1519,0.0115353155
1520,0.00766775101194
1521,0.0109753382931
1522,0.0208839203893
1523,0.0044227249364
1524,0.0065908981869
1525,0.0
1526,0.00515291253854
1527,0.0147983755664
1528,0.0032663351254
1529,0.00941676496871
1530,0.0
1531,0.0
1532,0.0
1533,0.020536277284
1534,0.00878757141202
1535,0.00718821505604
1536,0.017341195185
1537,0.0
1538,0.0107052737671
1539,0.0
1540,0.0157357827809
1541,0.00378815336214
1542,0.0139419680888
1543,0.0
1544,0.0155771687862
1545,0.0113517726962
1546,0.00300560718772
1547,0.00266144444318
1548,0.0
1549,0.00269644170983
1550,0.0
1551,0.00751120906082
1552,0.0138352305313
1553,0.0
1554,0.00445423643846
1555,0.00525368790228
1556,0.0145991446623
1557,0.0080918457756
1558,0.00904133720182
1559,0.0194502627649
1560,0.00604008334579
1561,0.00699232010334
1562,0.00679799243841
1563,0.00301730300751
1564,0.0053967757836
1565,0.00452438517412
1566,0.0136917172642
1567,0.0161743059626
1568,0.0
1569,0.0185361494873
1570,0.0125199134601
1571,0.0186727709308
1572,0.00505646810432
1573,0.0
1574,0.0
1575,0.00670858200387
1576,0.00745056302849
1577,0.00598747096389
1578,0.0143507433356
1579,0.0130487865894
1580,0.0
1581,0.0
1582,0.00685528009196
1583,0.0030423713973
1584,0.0256195798109
1585,0.0
1586,0.0132577975797
1587,0.00675470206941
1588,0.00465032953881
1589,0.00691802231756
1590,0.0132544439087
1591,0.0127057752164
1592,0.0161907033272
1593,0.00962214083135
1594,0.0069947468054
1595,0.0113846244895
1596,0.00398135203835
1597,0.0172925040614
1598,0.0
1599,0.00444109807545
1600,0.0127502260492
1601,0.00286061470175
1602,0.00489078892526
1603,0.0249637762296
1604,0.0109161365442
1605,0.0
1606,0.0
1607,0.00408288754078
1608,0.00524752584359
1609,0.00385014794805
1610,0.00601537761167
1611,0.00864350989137
1612,0.005676475486
1613,0.00628233503253
1614,0.00807291975938
1615,0.0
1616,0.00363913632407
1617,0.0031684979619
1618,0.00415676539856
1619,0.00579358001634
1620,0.00893385439781
1621,0.00334483657262
1622,0.00505355660513
1623,0.0168433462766
1624,0.00554654350984
1625,0.00537011345914
1626,0.0129613146094
1627,0.0
1628,0.0119688935426
1629,0.0
1630,0.00681490450807
1631,0.0
1632,0.0121513285502
1633,0.00432590466513
1634,0.00403420069799
1635,0.0
1636,0.0
1637,0.0107814274825
1638,0.00574166423695
1639,0.00251217856883
1640,0.011859505585
1641,0.00911312487484
1642,0.00925879192651
1643,0.0133071641322
1644,0.00242916925947
1645,0.0
1646,0.0
1647,0.00773365695406
1648,0.00801481656169
1649,0.0060110360219
1650,0.0
1651,0.0108971284572
1652,0.0120543667087
1653,0.0205669348236
1654,0.00658636973285
1655,0.0
1656,0.00463787711263
1657,0.0
1658,0.0165444672708
1659,0.0
1660,0.0047524113052
1661,0.0106863927323
1662,0.0109967313083
1663,0.00426785468614
1664,0.00904236444166
1665,0.00369998340348
1666,0.0
1667,0.0
1668,0.0207999747228
1669,0.00732881298755
1670,0.0155449167938
1671,0.0
1672,0.00317028182096
1673,0.0075391373994
1674,0.00464441234806
1675,0.0
1676,0.00540318652159
1677,0.0
1678,0.0
1679,0.0202857056537
1680,0.00469974019483
1681,0.00313082972665
1682,0.00447397028489
1683,0.00470252411738
1684,0.012502566452
1685,0.00614686107173
1686,0.00432442217162
1687,0.00808959897823
1688,0.0024555191377
1689,0.0164891720564
1690,0.00348933387784
1691,0.00526213205764
1692,0.00881980433649
1693,0.00437988610043
1694,0.0054260554117
1695,0.0
1696,0.0
1697,0.00361923204007
1698,0.010166003371
1699,0.00236911066177
1700,0.0
1701,0.00443238495959
1702,0.0133866836689
1703,0.00915307097771
1704,0.00370130844994
1705,0.000683365825199
1706,0.0168692913246
1707,0.0
1708,0.0
1709,0.00748740920157
1710,0.0
1711,0.0128257468495
1712,0.0
1713,0.0282688565507
1714,0.0070363940997
1715,0.00235782686992
1716,0.00417863071398
1717,0.0143559268504
1718,0.00577630070328
1719,0.0
1720,0.0
1721,0.0126762255329
1722,0.00283697060463
1723,0.0
1724,0.0
1725,0.00776436455574
1726,0.00629763639667
1727,0.0
1728,0.0137490222689
1729,0.00542977702932
1730,0.0112126986418
1731,0.00767305057742
1732,0.0073568876043
1733,0.00336811535005
1734,0.00765045848099
1735,0.0
1736,0.0119994809717
1737,0.00338958193522
1738,0.00634023393503
1739,0.00811414200485
1740,0.00312708225909
1741,0.00479902572536
1742,0.00486785636136
1743,0.00350222679025
1744,0.0
1745,0.00628316880619
1746,0.00454526846943
1747,0.0
1748,0.0039045090408
1749,0.0
1750,0.0117781023885
1751,0.0
1752,0.0
1753,0.0
1754,0.00403009488868
1755,0.00907154328351
1756,0.00704392797285
1757,0.00601571575362
1758,0.0
1759,0.00361888529844
1760,0.0
1761,0.0221207084884
1762,0.0
1763,0.0
1764,0.0
1765,0.00467536220074
1766,0.0134043579871
1767,0.0302169333833
1768,0.0
1769,0.0087703889789
1770,0.00695216514888
1771,0.000814956665849
1772,0.0
1773,0.00916044497511
1774,0.0
1775,0.0194083404775
1776,0.00243306068304
1777,0.00228061910056
1778,0.0188156320023
1779,0.0124350165656
1780,0.0
1781,0.00958431595164
1782,0.0144833557603
1783,0.0112482604289
1784,0.0
1785,0.00607928187969
1786,0.0
1787,0.0
1788,0.00230952113271
1789,0.0104223532404
1790,0.0074087813051
1791,0.00593048553167
1792,0.015465419153
1793,0.00827266438266
1794,0.0
1795,0.00879700188219
1796,0.00948702554344
1797,0.0105315464754
1798,0.0200086385236
1799,0.0
1800,0.0197491936342
1801,0.00438349808898
1802,0.010019429501
1803,0.0190030224663
1804,0.00470481585141
1805,0.0181950704854
1806,0.0
1807,0.0058422210013
1808,0.0
1809,0.0175603906928
1810,0.00968997864478
1811,0.00344953269307
1812,0.0086090041633
1813,0.00462226756489
1814,0.00559123715229
1815,0.0103695777759
1816,0.0
1817,0.0107970939076
1818,0.00766353643244
1819,0.00594291562852
1820,0.0133386605521
1821,0.0
1822,0.00151356421958
1823,0.0031007622714
1824,0.00428678261305
1825,0.0
1826,0.00196951416105
1827,0.00858279395995
1828,0.0144975781948
1829,0.00273846579097
1830,0.00759305925881
1831,0.0
1832,0.00510589572467
1833,0.0057398538937
1834,0.0
1835,0.0242849672135
1836,0.00645272306068
1837,0.0081417912447
1838,0.0131967418666
1839,0.0119928120196
1840,0.0
1841,0.0
1842,0.00604778240902
1843,0.00325182278002
1844,0.0
1845,0.00142613694432
1846,0.00821899994319
1847,0.0117924968564
1848,0.00712819841187
1849,0.00466586219801
1850,0.00612238906197
1851,0.00278825090636
1852,0.002902388802
1853,0.00743612181797
1854,0.0
1855,0.00732346687621
1856,0.0069217176985
1857,0.00914983885178
1858,0.0140862314899
1859,0.0
1860,0.00658569288926
1861,0.00644942149576
1862,0.00965827384815
1863,0.0237549126011
1864,0.00448605324006
1865,0.0101240469107
1866,0.00672810426349
1867,0.00782746581614
1868,0.0132655767613
1869,0.00316721335793
1870,0.00405791648709
1871,0.0
1872,0.00343553601524
1873,0.00870818892207
1874,0.00860962990556
1875,0.0
1876,0.00626623602607
1877,0.00436051176336
1878,0.0
1879,0.0
1880,0.0
1881,0.0
1882,0.00610883295153
1883,0.0
1884,0.00885795224543
1885,0.0
1886,0.0103695050728
1887,0.00636203135925
1888,0.00309534433727
1889,0.00798323154338
1890,0.0
1891,0.00957500023961
1892,0.00408442847826
1893,0.00670123036346
1894,0.0274794268343
1895,0.0
1896,0.00577231543751
1897,0.016361299621
1898,0.0
1899,0.00764019968714
1900,0.020923074152
1901,0.00420697892284
1902,0.0105338289851
1903,0.00510872768372
1904,0.00405455905476
1905,0.0
1906,0.0
1907,0.0127379555451
1908,0.0133865491066
1909,0.00207561326885
1910,8.23202328518e-05
1911,0.0132191079505
1912,0.00800545614261
1913,0.000978168358448
1914,0.0106338182405
1915,0.00373461619771
1916,0.00816013885058
1917,0.0
1918,0.003793263507
1919,0.00482696127696
1920,0.00422998465459
1921,0.00173589757164
1922,0.00421067622969
1923,0.00485276713942
1924,0.00268819661796
1925,0.0
1926,0.00541974355553
1927,0.00849052421509
1928,0.0
1929,0.0031154775313
1930,0.0
1931,0.015169219894
1932,0.0
1933,0.023165366637
1934,0.0
1935,0.0161509855741
1936,0.0
1937,0.00577207817003
1938,0.00783497495676
1939,0.00541088187672
1940,0.00403450810432
1941,0.00858866062768
1942,0.0115568525549
1943,0.0
1944,0.0
1945,0.0116206059904
1946,0.0
1947,0.0117984337771
1948,0.0
1949,0.00938106075444
1950,0.0
1951,0.0219859340687
1952,0.0102260298986
1953,0.00486499581784
1954,0.00270786238308
1955,0.00653704793537
1956,0.00550077676378
1957,0.00533726359493
1958,0.0
1959,0.00919300138652
1960,0.00347951325286
1961,0.0063570124998
1962,0.0
1963,0.0064847029019
1964,0.0
1965,0.0144527468654
1966,0.00460200229452
1967,0.00325612700833
1968,0.00738453598156
1969,0.00280846877456
1970,0.00704172470941
1971,0.0114623361746
1972,0.00883347518103
1973,0.00888835783029
1974,0.0
1975,0.00728484000722
1976,0.0
1977,0.00421471872203
1978,0.00315546142559
1979,0.0090743327976
1980,0.00383901496239
1981,0.0
1982,0.011920452698
1983,0.00498780647975
1984,0.00446101166999
1985,0.00331010378198
1986,0.00804032748764
1987,0.00843463511045
1988,0.00283720212738
1989,0.0
1990,0.00871800356256
1991,0.00747347562084
1992,0.0
1993,0.0
1994,0.0
1995,0.0
1996,0.00344807898941
1997,0.00332703020418
1998,0.00265923959425
1999,2.77555756156e-17
