0,0.0
1,3.84912361717
2,1.18244674185
3,0.0
4,0.189060536306
5,0.361604297332
6,0.0
7,0.0
8,0.0573043481973
9,0.120869528476
10,2.23282439194
11,2.28347386007
12,1.6092095361
13,0.0298162490904
14,0.117694424661
15,0.0150020179313
16,0.0
17,0.144739782076
18,0.0
19,0.030798006409
20,0.0151357285703
21,0.0215678631833
22,0.0625125153857
23,0.0584626305793
24,0.0689744047245
25,0.0400933951476
26,0.0
27,0.0
28,0.0496689110163
29,0.0380507738937
30,0.0360961352639
31,0.0117223079096
32,0.0507521111259
33,0.11425859091
34,0.0643134617324
35,0.0444559143585
36,0.0
37,0.0224400590931
38,0.0361235628662
39,0.0
40,0.0255272747255
41,0.0337445856766
42,0.0124993607344
43,0.0308648900224
44,0.0287007800823
45,0.0220039549701
46,0.0
47,0.0068272041544
48,0.0740967486348
49,0.0158994649959
50,0.022073467738
51,0.0493287678553
52,0.00859857169924
53,0.0239618338691
54,0.0193477170651
55,0.0204587316203
56,0.019224324422
57,0.0497218665737
58,0.0426711565393
59,0.0243946624048
60,0.0191043118006
61,0.0087829304091
62,0.0306983870534
63,0.0334504498662
64,0.015703448101
65,0.00753373115272
66,0.0116002304941
67,0.0
68,0.0361523920553
69,0.0296858158229
70,0.040490338002
71,0.0231284805388
72,0.00904890356463
73,0.0168793786395
74,0.0
75,0.0147584442836
76,0.00851054384
77,0.0114576299069
78,0.0210873724843
79,0.0125841141441
80,0.0153599255742
81,0.010930915549
82,0.00766535469145
83,0.0151308765053
84,0.038687288017
85,0.0107480390541
86,0.0241586312733
87,0.0
88,0.0
89,0.0292501101832
90,0.0135169623609
91,0.00748728815296
92,0.0147741282481
93,0.00896923675203
94,0.00744266568323
95,0.0130808447609
96,0.00857191745063
97,0.0165052714321
98,0.0110190118726
99,0.0193285742274
100,0.0226932884731
101,0.00749254758274
102,0.0127405212523
103,0.0167075559424
104,0.0145912206666
105,0.00715543507132
106,0.0205557599948
107,0.00765820499097
108,0.00910730179568
109,0.0453932142859
110,0.0487565406605
111,0.00558773761157
112,0.015674485179
113,0.055541037218
114,0.00833124560199
115,0.00451270165824
116,0.0126559048157
117,0.0205693420743
118,0.0277766704678
119,0.00524923495617
120,0.0117188520811
121,0.0060846966801
122,0.00575821166341
123,0.0376905892448
124,0.00671204378409
125,0.00480144315377
126,0.0
127,0.00486472589468
128,0.009743722952
129,0.00506057895679
130,0.00579702077951
131,0.0244000557549
132,0.0118358944323
133,0.0206754089078
134,0.00573195046352
135,0.0047477942596
136,0.0117554879205
137,0.0
138,0.0237642818056
139,0.0175491441136
140,0.0142013666831
141,0.0136517051369
142,0.0127283020344
143,0.00560391344282
144,0.00877702307702
145,0.026991188415
146,0.0197617579514
147,0.0106865048188
148,0.010594241696
149,0.00910918573668
150,0.00889059846597
151,0.0
152,0.0
153,0.00313780463803
154,0.00656244451385
155,0.00630289937215
156,0.00513083914445
157,0.00538715227443
158,0.0122584117995
159,0.0131360444762
160,0.0
161,0.0101626197479
162,0.0
163,0.00414037307245
164,0.0
165,0.00955172969043
166,0.00764822163804
167,0.00722984656711
168,0.0171621064633
169,0.00641617751366
170,0.00725737605218
171,0.00854662750869
172,0.0200927378875
173,0.00657313848535
174,0.00477179029951
175,0.0024739541222
176,0.00500692413142
177,0.00447420387431
178,0.0225259697443
179,0.00555248986814
180,0.0
181,0.00645954478294
182,0.0137731738163
183,0.0113632456494
184,0.0167042156224
185,0.005293806534
186,0.0
187,0.00724076728395
188,0.0
189,0.00693641371651
190,0.00452651465284
191,0.00584261782996
192,0.0033097347273
193,0.0
194,0.00730300614976
195,0.00773435732302
196,0.0103508861411
197,0.0222433526945
198,0.00439481664468
199,0.00693016580664
200,0.00728668143591
201,0.0
202,0.00583690601557
203,0.0
204,0.00807354633404
205,0.0262044394125
206,0.00318675596047
207,0.00443721996625
208,0.00403872327586
209,0.00417330543593
210,0.0064951082595
211,0.00732786552196
212,0.00901491564422
213,0.0164476895336
214,0.0
215,0.0191181370348
216,0.00745571315064
217,0.00803080421492
218,0.00331717498488
219,0.00468240462649
220,0.00801920583015
221,0.00707601280435
222,0.00368512881273
223,0.0
224,0.00967912307558
225,0.00396026574426
226,0.00249369758353
227,0.0244220254245
228,0.00361441997459
229,0.0103137128671
230,0.0
231,0.0084896883156
232,0.00640616661605
233,0.00441555116931
234,0.00774960882889
235,0.00743449921177
236,0.0056354630542
237,0.00696509386202
238,0.0100084704459
239,0.00393580071889
240,0.0029283220514
241,0.00587259997262
242,0.00278970869962
243,0.0
244,0.0103885687456
245,0.00451209501015
246,0.00412143917309
247,0.00492180622193
248,0.00626794267716
249,0.0
250,0.0
251,0.00937130235561
252,0.00674678151382
253,0.007723663941
254,0.00362240229134
255,0.00473777413
256,0.00549510862893
257,0.00467713363572
258,0.00556340483571
259,0.00666953194404
260,0.0039974172022
261,0.00703258160253
262,0.00446849821072
263,0.00468221655678
264,0.0041952877766
265,0.0
266,0.00293834621197
267,0.00357585309227
268,0.00358175525131
269,0.00816717458564
270,0.00435382478561
271,0.00360902580311
272,0.00279195851785
273,0.00338970919837
274,0.0
275,0.00834843385263
276,0.00876923576188
277,0.00625816008222
278,0.0091329488994
279,0.00445680950525
280,0.00528319151803
281,0.0047584843494
282,0.00358295297022
283,0.00234700369334
284,0.00280093316213
285,0.00514502318425
286,0.00304772512435
287,0.00346114149015
288,0.0113683571087
289,0.0
290,0.0151460086114
291,0.0030770875349
292,0.0147136129005
293,0.00303369716789
294,0.00447104149623
295,0.00505532565724
296,0.00282813580264
297,0.00450951842648
298,0.00304847239064
299,0.0123283829401
300,0.00577856724599
301,0.00522678093532
302,0.00289949964208
303,0.00318737292133
304,0.00539928615886
305,0.00397344510756
306,0.00312158144779
307,0.00403491954234
308,0.00471914178609
309,0.00429602582625
310,0.00255045551057
311,0.00544161957612
312,0.00418121628179
313,0.00311917434865
314,0.00265877255857
315,0.00391352918662
316,0.00595672457488
317,0.00840566072475
318,0.00557829602832
319,0.00255140728792
320,0.00609543637567
321,0.00806756330339
322,0.00209622429439
323,0.00252436833288
324,0.00411482971245
325,0.00511064269178
326,0.00248205209796
327,0.00718240158599
328,0.00241220894839
329,0.0089928431377
330,0.00428586829329
331,0.00358698800938
332,0.00531385177615
333,0.00662045925897
334,0.00533514527006
335,0.00296985989005
336,0.00658901461837
337,0.00312199518408
338,0.00826445654822
339,0.0043125812838
340,0.00259214391651
341,0.00230838902402
342,0.00220283091857
343,0.0103019830994
344,0.00455280549582
345,0.00622956100608
346,0.00478278712434
347,0.00312074141947
348,0.00296485299219
349,0.00339209525103
350,0.0
351,0.00411237487028
352,0.00468209837602
353,0.0
354,0.00244598069955
355,0.0
356,0.00272703975474
357,0.0136304269496
358,0.00165795365149
359,0.00401586078811
360,0.00504975593364
361,0.0
362,0.0101426059456
363,0.00257437243047
364,0.00302165586239
365,0.0022829079551
366,0.00309007905611
367,0.00504822524047
368,0.0
369,0.00397838334387
370,0.0
371,0.0102240442027
372,0.00234913808661
373,0.00381411280359
374,0.00412350791308
375,0.00304150459559
376,0.00318328455537
377,0.00345724898667
378,0.00322760959708
379,0.00345849674443
380,0.00568963166535
381,0.00483312579323
382,0.00504037534525
383,0.00275585834301
384,0.00251341857587
385,0.00313178216087
386,0.00540164801585
387,0.00430132170168
388,0.00198939631128
389,0.0058777663242
390,0.00305251229212
391,0.00254531687265
392,0.00450154004683
393,0.00292190694871
394,0.00186882621452
395,0.0019329895837
396,0.00928862325384
397,0.0
398,0.00242424397252
399,0.00323219081429
400,0.00334650160867
401,0.00732131570568
402,0.00364003849296
403,0.00257687830884
404,0.00222611162902
405,0.00308816210027
406,0.00181112884943
407,0.00265610693301
408,0.00265594033105
409,0.00501790775466
410,0.00266603963996
411,0.00190874911101
412,0.00286932734593
413,0.00254834285918
414,0.00473321203648
415,0.00353663512275
416,0.00203182534861
417,0.00597819725404
418,0.00448659528105
419,0.00298949375762
420,0.00190663217466
421,0.00510390831154
422,0.004535720872
423,0.00546676815528
424,0.00223142859371
425,0.00240804591802
426,0.00361242990936
427,0.00564166338374
428,0.00202785895429
429,0.00252000028961
430,0.00132262226888
431,0.00339099042891
432,0.00473202362437
433,0.00507972288035
434,0.0023125827521
435,0.00259559472161
436,0.00161337627392
437,0.00507989049678
438,0.00246881815911
439,0.00226854341088
440,0.00202134027992
441,0.00191433363561
442,0.010372184159
443,0.00247376233365
444,0.00197718629217
445,0.00448898182347
446,0.00127747322971
447,0.00289561933955
448,0.00288989911872
449,0.00368112366789
450,0.00276515358138
451,0.0113331581933
452,0.00305184194019
453,0.00318517116505
454,0.00280531702324
455,0.00196345270239
456,0.00241461912895
457,0.00304960491983
458,0.00248174017882
459,0.00262978018894
460,0.00130197541757
461,0.00159512498991
462,0.0
463,0.00261029091378
464,0.00489397116182
465,0.00519969805107
466,0.00223587493874
467,0.00756258933863
468,0.00224506355244
469,0.00235433508906
470,0.00192454531867
471,0.0030703965808
472,0.00538447477813
473,0.00189387143621
474,0.00427288256873
475,0.00330662848434
476,0.00437385036385
477,0.00596519563541
478,0.00417674366038
479,0.00338348221012
480,0.00267488264029
481,0.00585722062852
482,0.00218276534824
483,0.0111611104579
484,0.0
485,0.00208802297864
486,0.00240541816476
487,0.00400240282514
488,0.00237968026244
489,0.00214255298776
490,0.00311255721392
491,0.00217188117352
492,0.0017961786529
493,0.00215482518639
494,0.00234501286662
495,0.00240123506866
496,0.0073468016182
497,0.00836479015696
498,0.00260027912188
499,0.00203301780355
500,0.00264642873444
501,0.00244380208118
502,0.00291104174498
503,0.00223738219482
504,0.00248504706832
505,0.00396354537666
506,0.00178290158319
507,0.00184207844322
508,0.00175815823021
509,0.0081836437028
510,0.00362481606546
511,0.00218005052477
512,0.00117577399198
513,0.00388287869164
514,0.00787853942618
515,0.00243002253318
516,0.00325885055548
517,0.00289204387466
518,0.00229455437679
519,0.00193174345416
520,0.00183434629496
521,0.0045410306381
522,0.00524422894711
523,0.0
524,0.00466949611188
525,0.00141201660041
526,0.00424798159677
527,0.00434485831019
528,0.00266126048674
529,0.0
530,0.00493300559218
531,0.00225401856949
532,0.00266341039598
533,0.00127464266878
534,0.00181658333631
535,0.00236271463342
536,0.00217308688224
537,0.00309160033452
538,0.00196257520376
539,0.00261196252687
540,0.0012597016317
541,0.00186486343977
542,0.0037967265782
543,0.00245833579763
544,0.00201293435262
545,0.0
546,0.00331629792455
547,0.0030469692697
548,0.00224332675335
549,0.0
550,0.0
551,0.00231322440191
552,0.00793417257233
553,0.00368705052383
554,0.00173990674993
555,0.00192564947657
556,0.0021232180543
557,0.00456031737674
558,0.0022533841132
559,0.00165994167036
560,0.00166691188395
561,0.00170976832867
562,0.00281180024399
563,0.00213179935986
564,0.00207600986093
565,0.00176317673643
566,0.0
567,0.00205312921878
568,0.00363231747059
569,0.0018697431355
570,0.00222348132178
571,0.00199006095914
572,0.0020773283896
573,0.00392802712398
574,0.00361456803646
575,0.00314069512013
576,0.00449728982208
577,0.00269387315601
578,0.00153754875594
579,0.00155197428868
580,0.00265050985353
581,0.00259859147908
582,0.00215718736819
583,0.0014634766931
584,0.0057948352742
585,0.00165494521807
586,0.00314637684895
587,0.00312239630453
588,0.00199847142848
589,0.00396521711076
590,0.00178514977442
591,0.00215942117585
592,0.00566716463581
593,0.00177758554315
594,0.00187741086344
595,0.00210722380942
596,0.0
597,0.0
598,0.0020940658073
599,0.00183465665112
600,0.00290112445645
601,0.0
602,0.0
603,0.00309894417792
604,0.00170500179064
605,0.0018108923264
606,0.00646398493742
607,0.00163750733997
608,0.0
609,0.00692316210456
610,0.00188331701327
611,0.00312699599866
612,0.00154143619423
613,0.00240686643001
614,0.0
615,0.00386056041493
616,0.00796144365084
617,0.00193255362765
618,0.00110274790661
619,0.00199043881545
620,0.0
621,0.00272345381159
622,0.00160190891315
623,0.0013921846164
624,0.00217939373043
625,0.0
626,0.0013381447533
627,0.00446844710657
628,0.00302006968458
629,0.00166890426762
630,0.00525888365955
631,0.00278922676928
632,0.00156280705102
633,0.00174454954667
634,0.00355792571756
635,0.00289642857156
636,0.00194516451036
637,0.00114814526789
638,0.0018888186198
639,0.00369838541872
640,0.00293774281147
641,0.0
642,0.00204871026894
643,0.00253378316632
644,0.00263472816933
645,0.00209758323529
646,0.00341991473254
647,0.00262100971997
648,0.00180804202182
649,0.00168906582835
650,0.00126070631407
651,0.00255172408096
652,0.00210165625338
653,0.00187327186074
654,0.0
655,0.0
656,0.00150960262252
657,0.00191403626276
658,0.00180789428191
659,0.00395425384197
660,0.00152214678115
661,0.0013294099773
662,0.00140907514617
663,0.00434717565416
664,0.00268449936916
665,0.00147494756359
666,0.00163265130106
667,0.0015933885045
668,0.0
669,0.0
670,0.00326695168085
671,0.00108794431004
672,0.0031413109404
673,0.0
674,0.00326555203464
675,0.00254028293586
676,0.00437418525091
677,0.00226715871713
678,0.00431165329825
679,0.0013717342444
680,0.00307648136872
681,0.00178232778007
682,0.0039006942647
683,0.00153657719115
684,0.00139534477309
685,0.00154660604725
686,0.00184164097758
687,0.00131796849206
688,0.00316225385135
689,0.00282382155674
690,0.00169832490788
691,0.0017223223315
692,0.00109638064793
693,0.00125147565058
694,0.00211597464986
695,0.00129818154364
696,0.00382362257414
697,0.0014232964508
698,0.0
699,0.00312031318057
700,0.00141389792627
701,0.00206201365932
702,0.00287754508658
703,0.00431130907516
704,0.00226817413479
705,0.0017079263684
706,0.00148571461041
707,0.00184979057741
708,0.00150334415284
709,0.0012866663304
710,0.00151070843397
711,0.00266664433034
712,0.00133064254644
713,0.00177137770918
714,0.00141564219288
715,0.00417761797832
716,0.00111830753113
717,0.00676210721471
718,0.00142019219112
719,0.00118804703697
720,0.00364174712445
721,0.00194494623152
722,0.00179987549084
723,0.00164863620673
724,0.00125518716567
725,0.00223646697327
726,0.00118789322038
727,0.0013532092482
728,0.0019633829743
729,0.00209392141653
730,0.00127847182411
731,0.00129761979721
732,0.0
733,0.00412225975413
734,0.0046247717267
735,0.00161274088636
736,0.0
737,0.00156521993615
738,0.00250421483184
739,0.00351360155231
740,0.00120313120189
741,0.00148028674591
742,0.0
743,0.00241742616657
744,0.0
745,0.00172031654596
746,0.00447452170554
747,0.00177070712705
748,0.00178079478976
749,0.00142992815521
750,0.00142809201037
751,0.00265370768365
752,0.00180230997471
753,0.0
754,0.00161314755802
755,0.00138417373311
756,0.00115997946154
757,0.00223985179681
758,0.00135174373274
759,0.00141710541694
760,0.00344268739654
761,0.00199164466033
762,0.0
763,0.00350952629789
764,0.00135459790681
765,0.0
766,0.00160022367574
767,0.0013501160448
768,0.00287661468252
769,0.00238863254483
770,0.0
771,0.00187716019927
772,0.00479614726571
773,0.00140830331067
774,0.00137971421886
775,0.00148785902463
776,0.00322224195306
777,0.00136816669592
778,0.0
779,0.00130172265843
780,0.00229777745204
781,0.00159726439927
782,0.000997241420387
783,0.00141421007472
784,0.0
785,0.00127913498762
786,0.00295786993598
787,0.00239471038699
788,0.00120648274746
789,0.00151223306336
790,0.0
791,0.00285617755145
792,0.00133923117548
793,0.00142055926029
794,0.00185979475544
795,0.00161835782648
796,0.00458349639757
797,0.00137229241996
798,0.00244599977947
799,0.00194100916571
800,0.0
801,0.00155427128944
802,0.00233529770275
803,0.00142404405608
804,0.00361309578734
805,0.00299508244114
806,0.00125508275423
807,0.00120417723733
808,0.0
809,0.00168695622774
810,0.00133708060705
811,0.00146587333006
812,0.00136965689946
813,0.00423364086329
814,0.00143763073539
815,0.00119183996545
816,0.0032128810699
817,0.00318647919882
818,0.00364971230913
819,0.00150709076782
820,0.00120031130357
821,0.000862950846099
822,0.00159057526974
823,0.00114933197808
824,0.0019366147113
825,0.00149951963772
826,0.00100918580798
827,0.000975783920393
828,0.00273636864692
829,0.00371490547764
830,0.00114642055143
831,0.00134401937029
832,0.0
833,0.00154282333203
834,0.00294644491768
835,0.00123875446632
836,0.00155776258805
837,0.00118060484367
838,0.00133070820471
839,0.00109392234332
840,0.00116560077754
841,0.00116852581668
842,0.0
843,0.00187578292822
844,0.00267211418019
845,0.00233264742169
846,0.00126123132862
847,0.00140792820635
848,0.00143046795021
849,0.0033327628336
850,0.00117047491098
851,0.00123831481365
852,0.00178468778481
853,0.0015505692102
854,0.00120896081118
855,0.00205109951286
856,0.00146965717119
857,0.00256398261705
858,0.00285665119875
859,0.00169865896628
860,0.00118543826083
861,0.00134639997884
862,0.00126921256823
863,0.00119629467033
864,0.00204190649315
865,0.00124771304995
866,0.00236674496069
867,0.0017146600104
868,0.00271682223429
869,0.00141454989144
870,0.0011191341907
871,0.00130831281158
872,0.00220333627774
873,0.000864968585896
874,0.000853106995146
875,0.00347707629001
876,0.00156953904075
877,0.00239534859335
878,0.00150671886551
879,0.00154639543738
880,0.0012838726051
881,0.00233231285908
882,0.00136869488101
883,0.00221408188139
884,0.00153215040278
885,0.00115167196476
886,0.0
887,0.00223863941788
888,0.00417509941875
889,0.00130019656413
890,0.00188869481551
891,0.00210925792057
892,0.00115794407982
893,0.0013256416723
894,0.00113738567038
895,0.00368009640536
896,0.0
897,0.00120221072705
898,0.00233000893711
899,0.00279286748831
900,0.0
901,0.00256601109537
902,0.00121562374031
903,0.00112490477697
904,0.00129644190623
905,0.00101270975857
906,0.0017200383281
907,0.0
908,0.00144996925478
909,0.00117545223414
910,0.00257935358061
911,0.00103525211488
912,0.00142067852688
913,0.00106269435613
914,0.00106678763706
915,0.00106818506611
916,0.00232454042519
917,0.00112182435732
918,0.00189400333962
919,0.00220100928409
920,0.00122418546894
921,0.0014112442786
922,0.00391081902831
923,0.00117945917331
924,0.00222273106578
925,0.000836218571301
926,0.000799742399236
927,0.00378108782284
928,0.00115895553609
929,0.000743653451469
930,0.0
931,0.00154108456105
932,0.00203564515383
933,0.00213332334106
934,0.00369707974071
935,0.000836537194258
936,0.00256124525079
937,0.00126904579272
938,0.00130268855942
939,0.00222977879062
940,0.00274170266895
941,0.00110989527475
942,0.00146012373289
943,0.00153606253467
944,0.00103550790355
945,0.00106930614924
946,0.0
947,0.00102401546334
948,0.00137108313864
949,0.0015365740947
950,0.00101352683226
951,0.00152194940217
952,0.0012352198067
953,0.00162247093333
954,0.00108498336751
955,0.00111207681751
956,0.000763880703695
957,0.00157450662361
958,0.00121667212201
959,0.00171676071063
960,0.0
961,0.00113121996025
962,0.00141564517994
963,0.00129180219506
964,0.000996320461286
965,0.00220200923493
966,0.00094493890295
967,0.00136133691687
968,0.00107367374726
969,0.00142691082638
970,0.00102344750812
971,0.00130802984461
972,0.00128849675334
973,0.00109570881152
974,0.00476516157194
975,0.00133400160417
976,0.00106430215881
977,0.0014124508987
978,0.00155773123991
979,0.000803865039315
980,0.00311971702444
981,0.0010834144463
982,0.0025226597691
983,0.0
984,0.00224483005066
985,0.001578531016
986,0.0
987,0.00104902771295
988,0.00330022105037
989,0.00124339878567
990,0.000952781019923
991,0.00160717515345
992,0.00108812523417
993,0.00329298198392
994,0.00181347632845
995,0.00146366881764
996,0.00203190320457
997,0.000775944422539
998,0.0010658735727
999,0.0011773045255
1000,0.00232476322902
1001,0.00209160407026
1002,0.00109470313581
1003,0.00110286552188
1004,0.00240224758483
1005,0.00103193056335
1006,0.000952557873273
1007,0.000972963268956
1008,0.00167589785168
1009,0.0
1010,0.00122016756415
1011,0.00104367851585
1012,0.00094214046138
1013,0.00371532751392
1014,0.00400400656982
1015,0.00123840183605
1016,0.00205623144222
1017,0.00104514784601
1018,0.00104439340378
1019,0.00119923662595
1020,0.00125731888305
1021,0.00141724005135
1022,0.0
1023,0.00249909287377
1024,0.00116747236512
1025,0.00273883995977
1026,0.00124877731426
1027,0.00101597984509
1028,0.000719817923431
1029,0.00155334748716
1030,0.00118588723227
1031,0.00243433626931
1032,0.000912714614923
1033,0.00198385676802
1034,0.000918472468931
1035,0.0028334551476
1036,0.00148798220979
1037,0.00179339015756
1038,0.00292078942043
1039,0.000901293026902
1040,0.00239659158556
1041,0.00104714456288
1042,0.000872855908968
1043,0.00147514585262
1044,0.00179114140975
1045,0.00167196095414
1046,0.00173702824457
1047,0.000910725458116
1048,0.00116511881171
1049,0.0
1050,0.0014508737284
1051,0.00168194129047
1052,0.0
1053,0.000896453722277
1054,0.00208820970806
1055,0.00134501899035
1056,0.00176161794922
1057,0.000908954583447
1058,0.00163258328679
1059,0.000871405172152
1060,0.0
1061,0.00152291051502
1062,0.00191919256068
1063,0.00108600111256
1064,0.00199503504576
1065,0.000672442906207
1066,0.00189720198831
1067,0.000997503274228
1068,0.000974221941135
1069,0.000938271038068
1070,0.00202156806839
1071,0.00090679495519
1072,0.00240384890883
1073,0.0013389918857
1074,0.00182548319988
1075,0.00122258753046
1076,0.00102806080738
1077,0.00113282216145
1078,0.00131038330627
1079,0.00129224571812
1080,0.000877171081282
1081,0.000718452384084
1082,0.000887243264091
1083,0.00164680598076
1084,0.0013456674047
1085,0.00135309635499
1086,0.00113482498038
1087,0.00132734579962
1088,0.00100356382702
1089,0.0
1090,0.0006218238642
1091,0.000732440390009
1092,0.0
1093,0.00177864028322
1094,0.0018275019162
1095,0.000653066310111
1096,0.00225688112632
1097,0.000874634487152
1098,0.000649799146691
1099,0.00298882195755
1100,0.000967853387545
1101,0.00174995532196
1102,0.000901864758995
1103,0.0
1104,0.00104139284314
1105,0.000964962589988
1106,0.000950053269071
1107,0.0
1108,0.00139787830898
1109,0.00108633954327
1110,0.0
1111,0.00162199609792
1112,0.00100620972843
1113,0.00113138729707
1114,0.000933260319309
1115,0.00147999138107
1116,0.00109534830306
1117,0.000899513602374
1118,0.0
1119,0.000982404739174
1120,0.00259083854982
1121,0.0
1122,0.000984927202148
1123,0.000989495235524
1124,0.0031945257238
1125,0.000932115571624
1126,0.000825667397219
1127,0.00119878370444
1128,0.000850258130406
1129,0.00127382605156
1130,0.00383020603112
1131,0.000851115117708
1132,0.000986068531898
1133,0.00111864785645
1134,0.0
1135,0.00462569416042
1136,0.000996340649777
1137,0.00133073212462
1138,0.00104586966785
1139,0.000950422245278
1140,0.000688164464501
1141,0.00172638106246
1142,0.000945100299689
1143,0.0015647918798
1144,0.000890652401405
1145,0.000857049075383
1146,0.00161124924497
1147,0.000954473956321
1148,0.00336653472672
1149,0.000964086298168
1150,0.00124526029323
1151,0.00102597457799
1152,0.00109779012937
1153,0.00126391594531
1154,0.000899337119831
1155,0.00116927701389
1156,0.00289516429662
1157,0.000825009015401
1158,0.000834495842613
1159,0.00185749217231
1160,0.000860734375209
1161,0.00122434790235
1162,0.000977032407444
1163,0.00108817441455
1164,0.000784652245783
1165,0.00129133869423
1166,0.000876956230506
1167,0.00220361012203
1168,0.000999363898531
1169,0.00175724134028
1170,0.000946914914338
1171,0.000808753969788
1172,0.00122643813992
1173,0.000877331173297
1174,0.000929464974848
1175,0.000817457727554
1176,0.000974991477404
1177,0.000717040769884
1178,0.00109260390838
1179,0.00277770918263
1180,0.00210727032596
1181,0.000920567637204
1182,0.000804818819923
1183,0.00123681497415
1184,0.00116210837075
1185,0.0007810242608
1186,0.0019441037567
1187,0.00157733493322
1188,0.00344634838231
1189,0.00132615894304
1190,0.0
1191,0.00218377801557
1192,0.00379054075068
1193,0.0016955325694
1194,0.0
1195,0.000797075633489
1196,0.00208734641169
1197,0.000972674272223
1198,0.00144903903027
1199,0.000839430324347
1200,0.000752768568489
1201,0.00216949313086
1202,0.00181162734645
1203,0.00199875602631
1204,0.00193695467898
1205,0.0019178693334
1206,0.000927181726451
1207,0.000983676177101
1208,0.00104487153593
1209,0.0
1210,0.000975062047674
1211,0.000868524572173
1212,0.000875367765441
1213,0.0
1214,0.000921182166982
1215,0.00105127603497
1216,0.00131691135125
1217,0.000865196388572
1218,0.00127142885317
1219,0.000735286623949
1220,0.00134998119099
1221,0.0010770442844
1222,0.000757979212766
1223,0.00185473258158
1224,0.00103992401448
1225,0.000839453163582
1226,0.00103825418702
1227,0.00303611148153
1228,0.000799078395957
1229,0.000915157672001
1230,0.0
1231,0.000882280059262
1232,0.00126852376181
1233,0.000869551146749
1234,0.00176464522352
1235,0.000978758559118
1236,0.00090831428531
1237,0.00209250027342
1238,0.00104755756984
1239,0.00119677205934
1240,0.000797140170698
1241,0.000860761744059
1242,0.0012956372254
1243,0.000807110624052
1244,0.00132387426773
1245,0.00109986775726
1246,0.000937189146744
1247,0.00245883973648
1248,0.000817134457699
1249,0.000587254152996
1250,0.0
1251,0.00149473966526
1252,0.0013252381776
1253,0.000846070299038
1254,0.0008874201652
1255,0.00100654007241
1256,0.00223494474559
1257,0.000997345394602
1258,0.00124610306634
1259,0.00180585396992
1260,0.000937078104092
1261,0.00121434733625
1262,0.00141804790233
1263,0.00139662712639
1264,0.000768359760502
1265,0.0
1266,0.000979439004794
1267,0.0
1268,0.00171880974257
1269,0.00128263864514
1270,0.000745521318032
1271,0.000739918798757
1272,0.00156595696897
1273,0.000923818394918
1274,0.00135564269027
1275,0.000750553219021
1276,0.0
1277,0.000800031870948
1278,0.00122629008516
1279,0.00108321809325
1280,0.000761196566421
1281,0.000758133441175
1282,0.0023072706049
1283,0.000545180863353
1284,0.00141287888091
1285,0.00182372407302
1286,0.0
1287,0.00128392974819
1288,0.0039205754385
1289,0.00166023112499
1290,0.0018034703909
1291,0.00107702920577
1292,0.000844468257538
1293,0.000806100744238
1294,0.00116334985379
1295,0.00221193791187
1296,0.00151519288409
1297,0.00155206325546
1298,0.00234959592746
1299,0.000634262975244
1300,0.00198414655105
1301,0.00108146951791
1302,0.000761207402776
1303,0.000894679547133
1304,0.00116555845737
1305,0.00073080878579
1306,0.00107947597642
1307,0.00123732037066
1308,0.00179769221701
1309,0.00102202360441
1310,0.000793105075912
1311,0.00090649739587
1312,0.00085085977398
1313,0.000893733554104
1314,0.00148643624566
1315,0.000900034879803
1316,0.0013950341552
1317,0.000896431203732
1318,0.00143680194981
1319,0.000562240489739
1320,0.000834471199753
1321,0.000792116869719
1322,0.00150703928198
1323,0.00129477494831
1324,0.000773076394624
1325,0.000842925521
1326,0.00086099529618
1327,0.00100361664427
1328,0.0011694600182
1329,0.000744344241566
1330,0.0
1331,0.00165897513245
1332,0.00210601704032
1333,0.0014108099031
1334,0.0
1335,0.000543221443841
1336,0.000742751623391
1337,0.0
1338,0.00203831632901
1339,0.000768907912361
1340,0.00167341738915
1341,0.000760153371947
1342,0.000723855454968
1343,0.00085192169562
1344,0.00272309550543
1345,0.000810633226128
1346,0.0039379587725
1347,0.00074591092972
1348,0.00327922365768
1349,0.00129090240856
1350,0.00092072952272
1351,0.000765135149367
1352,0.000825706182638
1353,0.00115328933938
1354,0.00107472720048
1355,0.000966855415882
1356,0.000995194523256
1357,0.000721383637607
1358,0.00114128773187
1359,0.000772801892266
1360,0.00133066890802
1361,0.00165701038436
1362,0.0
1363,0.0013999217786
1364,0.0
1365,0.0010241883045
1366,0.000741936656577
1367,0.000931060697375
1368,0.000838852778615
1369,0.00101711419141
1370,0.0
1371,0.000534568837199
1372,0.00139984509378
1373,0.000692527981633
1374,0.00103907340352
1375,0.000974557055552
1376,0.000728193981638
1377,0.00110115399824
1378,0.000728938658878
1379,0.000769509440164
1380,0.000971643932247
1381,0.000907143533601
1382,0.000732875230456
1383,0.00122516536511
1384,0.0
1385,0.00160611570777
1386,0.000888879995331
1387,0.000739913306931
1388,0.00140138277706
1389,0.000882643510803
1390,0.000987120638437
1391,0.00151651969086
1392,0.000683970331962
1393,0.000684245558575
1394,0.00281921772904
1395,0.0
1396,0.000826493769327
1397,0.000830629008148
1398,0.00122637062125
1399,0.00179917154149
1400,0.0011127217237
1401,0.00088428602776
1402,0.000740268596558
1403,0.000856696541627
1404,0.00116873384139
1405,0.000677806101852
1406,0.000633005328718
1407,0.000797844326565
1408,0.00143500956278
1409,0.000588594280725
1410,0.00127767719064
1411,0.00127959608611
1412,0.00129680165929
1413,0.000871888815063
1414,0.00323320145216
1415,0.00160989296394
1416,0.00101540561827
1417,0.00112124845781
1418,0.000868036229179
1419,0.0
1420,0.00116350633723
1421,0.000948900633969
1422,0.00182216952873
1423,0.000900274324355
1424,0.00120266057892
1425,0.00101778886419
1426,0.0
1427,0.000765643168698
1428,0.00125006961916
1429,0.00227724524733
1430,0.0016950398835
1431,0.000722177360801
1432,0.000487185172111
1433,0.00105602844247
1434,0.00064366422294
1435,0.00134701235433
1436,0.000832125679214
1437,0.00215266545768
1438,0.0
1439,0.00231845055193
1440,0.00172599443163
1441,0.00131427929734
1442,0.000727185975931
1443,0.000756946597409
1444,0.00220761741632
1445,0.0
1446,0.000734576189971
1447,0.0
1448,0.00142320751535
1449,0.000669025225675
1450,0.000691829782527
1451,0.00190647260428
1452,0.00099573239302
1453,0.000689706923478
1454,0.000664452118062
1455,0.000679623528931
1456,0.000931453205008
1457,0.000688524115388
1458,0.0010506558628
1459,0.000798731783252
1460,0.000612304847256
1461,0.000676664345902
1462,0.00204584603618
1463,0.000664334831888
1464,0.000964675659822
1465,0.000752220928912
1466,0.00168521222566
1467,0.000667757556123
1468,0.00130720403112
1469,0.000805713916783
1470,0.000869495425484
1471,0.00113087920073
1472,0.00123994807504
1473,0.00133295321398
1474,0.00077770579975
1475,0.00123732104954
1476,0.000701469305764
1477,0.000963955145976
1478,0.000523054112622
1479,0.000529430502881
1480,0.00169596168314
1481,0.000996283910485
1482,0.000719486808722
1483,0.00107104215
1484,0.000804031585683
1485,0.000681865108313
1486,0.00161333209807
1487,0.00104611975325
1488,0.0021633322432
1489,0.00100672097137
1490,0.0
1491,0.00069277252335
1492,0.00332431517122
1493,0.00131059568583
1494,0.00177134430143
1495,0.000833985235427
1496,0.000770526112005
1497,0.0
1498,0.00102025807383
1499,0.00148307343656
1500,0.000893040585905
1501,0.000775180368588
1502,0.0
1503,0.000667590516561
1504,0.000885736022675
1505,0.0036029734904
1506,0.00124466238409
1507,0.0013381057235
1508,0.00221288190967
1509,0.00191184063047
1510,0.00156630745275
1511,0.00112852141702
1512,0.00100910540685
1513,0.000811168383756
1514,0.00124510735182
1515,0.00122685278865
1516,0.00117028315643
1517,0.0010198956258
1518,0.00180165115578
1519,0.000646410228151
1520,0.00073891511371
1521,0.000766163459122
1522,0.000921060321252
1523,0.0
1524,0.00064116411864
1525,0.000903452724716
1526,0.000880508640737
1527,0.0012124503634
1528,0.000871615788669
1529,0.00112005487814
1530,0.000741827121926
1531,0.000920600971484
1532,0.000729412116274
1533,0.000658079298771
1534,0.00073093907688
1535,0.000626030458862
1536,0.00122234827509
1537,0.00136175787804
1538,0.00102897018895
1539,0.000677855371043
1540,0.00072874172916
1541,0.00076641400852
1542,0.000888192886663
1543,0.0
1544,0.00158002409281
1545,0.00137378017304
1546,0.00046383875832
1547,0.000646719330611
1548,0.00126397970099
1549,0.000633681038792
1550,0.000958776132465
1551,0.000633743081656
1552,0.000681125197944
1553,0.000884917780911
1554,0.00103073623533
1555,0.000735921259454
1556,0.00110727464619
1557,0.000614713922196
1558,0.000632166912428
1559,0.000665399269886
1560,0.000811284955613
1561,0.000701339563429
1562,0.00106348695389
1563,0.000646290338472
1564,0.00124450880159
1565,0.000671441419399
1566,0.00138094890214
1567,0.000639605637238
1568,0.000900512174337
1569,0.000630141757189
1570,0.00070879600402
1571,0.000681898188586
1572,0.000827281060103
1573,0.00225625918223
1574,0.00108075289145
1575,0.00116742063752
1576,0.0004916293976
1577,0.0
1578,0.00119159909708
1579,0.00177334791051
1580,0.000658986022235
1581,0.0
1582,0.000585976863268
1583,0.000646624447622
1584,0.00195829164045
1585,0.000883749038421
1586,0.000667166769076
1587,0.00101192699399
1588,0.0
1589,0.00066049610484
1590,0.00170495564468
1591,0.000655438349148
1592,0.00212869273287
1593,0.00108491364453
1594,0.000764706279384
1595,0.00047652814673
1596,0.000773312520857
1597,0.000624006771749
1598,0.0
1599,0.00105564400108
1600,0.00106421770749
1601,0.000848564487951
1602,0.000594925127141
1603,0.000826487817508
1604,0.00258312627081
1605,0.000664411330773
1606,0.00150077256156
1607,0.000608685844128
1608,0.000468997834876
1609,0.000688889207468
1610,0.00180555120775
1611,0.00170235913964
1612,0.00132417808373
1613,0.000456379801066
1614,0.000687097267219
1615,0.00208357181472
1616,0.000674869782442
1617,0.000761539501783
1618,0.000870437397567
1619,0.0
1620,0.00107531714763
1621,0.0014460179596
1622,0.000938406294439
1623,0.00239475991379
1624,0.000756750198018
1625,0.000836984870941
1626,0.000664722844029
1627,0.0
1628,0.00136044565898
1629,0.000976250327774
1630,0.00155600795397
1631,0.00135455403999
1632,0.00065065426132
1633,0.000654726419242
1634,0.00133759851126
1635,0.000607163768574
1636,0.000563150823146
1637,0.0
1638,0.00132352410678
1639,0.00130755107869
1640,0.000707436492941
1641,0.000698328762803
1642,0.00134255898354
1643,0.000689449785928
1644,0.00108417795106
1645,0.000613681075193
1646,0.00118222067582
1647,0.000884569341243
1648,0.000650496052379
1649,0.00047001856683
1650,0.00109629244772
1651,0.00088443894104
1652,0.000681184182841
1653,0.000631453007477
1654,0.000768421820896
1655,0.000619235905798
1656,0.000953620409008
1657,0.00328068824551
1658,0.000597321968135
1659,0.000594265930605
1660,0.000627332737896
1661,0.00212986800518
1662,0.000613565052953
1663,0.00066027111856
1664,0.000815817482743
1665,0.000685633089143
1666,0.000641035933199
1667,0.000772533105815
1668,0.000812475757801
1669,0.000708065958149
1670,0.000566690027468
1671,0.00131362221224
1672,0.000613106157556
1673,0.000830928885237
1674,0.000622583052457
1675,0.000596882773853
1676,0.000688614833913
1677,0.000596038326977
1678,0.00221702817536
1679,0.00107486186312
1680,0.00064508694993
1681,0.0
1682,0.00112858703392
1683,0.000575859497254
1684,0.000590912631748
1685,0.000637137578185
1686,0.000681282128882
1687,0.00071749582862
1688,0.000595860144268
1689,0.000881108448722
1690,0.000702919946181
1691,0.000582693143798
1692,0.000543106276131
1693,0.00254113241173
1694,0.00116238639573
1695,0.00126967707863
1696,0.00102772045181
1697,0.0011501360883
1698,0.000460606861643
1699,0.0
1700,0.000879883389804
1701,0.000424732852275
1702,0.00253853535378
1703,0.00131135682586
1704,0.000872387258047
1705,0.0
1706,0.000640309731322
1707,0.00138819649883
1708,0.00129716950592
1709,0.00114789741898
1710,0.000640615096983
1711,0.00115607547335
1712,0.000589808046588
1713,0.000557589411891
1714,0.00127982554377
1715,0.000559371972001
1716,0.00222645183694
1717,0.0
1718,0.000680983924361
1719,0.00113667221224
1720,0.00080922133723
1721,0.000752997528911
1722,0.000444325819214
1723,0.00114712976446
1724,0.00150930208323
1725,0.000729975071233
1726,0.000612292363501
1727,0.000630937958047
1728,0.000887124601072
1729,0.00149292076025
1730,0.000719615696832
1731,0.000475980405338
1732,0.00148805452511
1733,0.000682675996256
1734,0.00128540684231
1735,0.000675452570805
1736,0.00199841891059
1737,0.000983758413042
1738,0.000822275738537
1739,0.000558278664509
1740,0.00063854855589
1741,0.000891675304893
1742,0.000621487708656
1743,0.000594314050717
1744,0.000758665893233
1745,0.000712595309078
1746,0.000578751664676
1747,0.00068204712184
1748,0.000581662393636
1749,0.0
1750,0.000805113617527
1751,0.00108388630904
1752,0.000997762828413
1753,0.00166703233093
1754,0.00045639010249
1755,0.000805283542092
1756,0.000653025869444
1757,0.00114090326123
1758,0.00136846378803
1759,0.00125045872017
1760,0.000703926766143
1761,0.00104605107537
1762,0.000734553707577
1763,0.000643641399633
1764,0.000676768967409
1765,0.000533650272901
1766,0.000462815219057
1767,0.00111470254207
1768,0.000558068684186
1769,0.0014389112877
1770,0.000636792256117
1771,0.000967864508016
1772,0.000733441361044
1773,0.000975564146015
1774,0.000519457628758
1775,0.000998644861385
1776,0.000573463575807
1777,0.000579029668169
1778,0.0010263716176
1779,0.0
1780,0.000709027444093
1781,0.000639679608334
1782,0.00153191123433
1783,0.00112700297139
1784,0.00101594931204
1785,0.000439127302314
1786,0.000636156328345
1787,0.000527169737682
1788,0.0018996046866
1789,0.000720890017418
1790,0.000689818742817
1791,0.000568537056753
1792,0.0
1793,0.000667654324703
1794,0.000547369713709
1795,0.000840877917897
1796,0.000627970850418
1797,0.000955832512138
1798,0.00155427555668
1799,0.000670780497645
1800,0.000603687070518
1801,0.000839487416424
1802,0.000663348574305
1803,0.000794218405651
1804,0.00200203762732
1805,0.000564386618507
1806,0.000771407240284
1807,0.000797050176828
1808,0.00143875690137
1809,0.000416877065315
1810,0.000547595963249
1811,0.000563648176483
1812,0.000852239682314
1813,0.00137096948175
1814,0.00183456981539
1815,0.000728269268009
1816,0.00125308520213
1817,0.000963883301175
1818,0.000596195230031
1819,0.000974613250627
1820,0.00105818892288
1821,0.0012441603478
1822,0.000548187942913
1823,0.000995667921575
1824,0.000546551228708
1825,0.000567019550652
1826,0.0006473932283
1827,0.000674651207158
1828,0.000637585333349
1829,0.00159901779873
1830,0.000574263002992
1831,0.0011857589729
1832,0.000557348537252
1833,0.000531679405137
1834,0.000663366973686
1835,0.000678009972245
1836,0.000447546642928
1837,0.000487456469336
1838,0.00106844260025
1839,0.000904265739112
1840,0.000723610843288
1841,0.000672091700466
1842,0.000601399590023
1843,0.0
1844,0.000400611547344
1845,0.000936786514526
1846,0.000585600845814
1847,0.00105094427969
1848,0.000750070602703
1849,0.0
1850,0.000763591365883
1851,0.00107033856991
1852,0.00116272220138
1853,0.000537784807179
1854,0.000700435379759
1855,0.000899538752444
1856,0.000408068382866
1857,0.00050695597876
1858,0.00077737478508
1859,0.000562753998207
1860,0.00155576900037
1861,0.000557413972789
1862,0.000823717282698
1863,0.00279960735808
1864,0.000619458990594
1865,0.00153699170122
1866,0.000917703525418
1867,0.00138326450715
1868,0.000900176849233
1869,0.00056519949636
1870,0.000560250163975
1871,0.000852436678331
1872,0.000629451130743
1873,0.000524981947495
1874,0.00145120293965
1875,0.000687126872028
1876,0.000986446743814
1877,0.000552694750807
1878,0.000994450732719
1879,0.000490330280274
1880,0.000598046420757
1881,0.0
1882,0.00100941092652
1883,0.00057154435476
1884,0.0020275006189
1885,0.00111323840679
1886,0.000682335555241
1887,0.0
1888,0.00140064545148
1889,0.00087358657855
1890,0.00051704292391
1891,0.000923628380583
1892,0.000576818671171
1893,0.00236072263943
1894,0.0011909887023
1895,0.000420881834924
1896,0.00112760291305
1897,0.0013412214415
1898,0.0
1899,0.000789421393272
1900,0.00147206556812
1901,0.00110644340888
1902,0.000561665346823
1903,0.000652785960607
1904,0.000867910604946
1905,0.000777457284813
1906,0.0
1907,0.00130273187297
1908,0.00189153234693
1909,0.000543792856954
1910,0.000531744591932
1911,0.000580526726128
1912,0.0006364946197
1913,0.00111553171002
1914,0.000643686209986
1915,0.000606699631742
1916,0.000966510931091
1917,0.000718340768803
1918,0.000785570079926
1919,0.000514729599868
1920,0.00106831441138
1921,0.000673349344473
1922,0.000514871900414
1923,0.00172172635343
1924,0.000627634215193
1925,0.0
1926,0.00182519702773
1927,0.000764929728091
1928,0.000501881102304
1929,0.000581655376136
1930,0.00105047266262
1931,0.000646829382282
1932,0.000811097321495
1933,0.000971000250553
1934,0.000568833714812
1935,0.00075349232716
1936,0.000582450200522
1937,0.000496626219656
1938,0.000826101504159
1939,0.000728522904284
1940,0.000531696227609
1941,0.000587360307095
1942,0.000469497409583
1943,0.000740938599327
1944,0.000517772811335
1945,0.00054041439084
1946,0.000552668926577
1947,0.00092791852883
1948,0.000534671343952
1949,0.000562663128949
1950,0.0008607279413
1951,0.000596621675315
1952,0.000560996000875
1953,0.000764412391972
1954,0.000529482743991
1955,0.000583276203261
1956,0.000553470463524
1957,0.000543011485661
1958,0.000577393575051
1959,0.000702448182412
1960,0.000618339289111
1961,0.00137563563781
1962,0.000685028692158
1963,0.000498366546535
1964,0.00107526050915
1965,0.000521571030938
1966,0.00103848666264
1967,0.00059414206452
1968,0.00131117902109
1969,0.000754950726618
1970,0.000675181907219
1971,0.000625168281007
1972,0.000506608915393
1973,0.00120293289236
1974,0.00108312230212
1975,0.00038073862136
1976,0.00134437008364
1977,0.00106869929116
1978,0.00100203504763
1979,0.000497500686541
1980,0.00159220910725
1981,0.000969829887008
1982,0.0
1983,0.0
1984,0.000683845121403
1985,0.00115059153973
1986,0.000895122434284
1987,0.00065571608346
1988,0.000524885872547
1989,0.000891201823905
1990,0.000504688675143
1991,0.000480740661556
1992,0.000588947352389
1993,0.00062697986156
1994,0.000465511681018
1995,0.00153742982674
1996,0.00105003657158
1997,0.000687838290349
1998,0.000728368247
1999,0.000498909524013
