0,0.0
1,0.0
2,0.0
3,0.00131409660848
4,0.0
5,0.0
6,0.00131409660848
7,0.0
8,0.0
9,0.000469320217314
10,0.0
11,0.0
12,0.00131409660848
13,0.0
14,0.0
15,0.0
16,0.000262819321696
17,0.000243351223793
18,0.0
19,0.0
20,0.0
21,0.0
22,0.0
23,0.000102663797537
24,0.000193249501247
25,0.0
26,0.0
27,0.0
28,0.0
29,0.0
30,0.0
31,0.0
32,0.0
33,0.000292021468551
34,0.0
35,0.0
36,0.0
37,0.0
38,0.0
39,0.0
40,0.0
41,0.0
42,0.0
43,0.0
44,0.000247942756317
45,0.0
46,0.0
47,0.000117330054328
48,0.0
49,0.00570197091612
50,0.0057017228055
51,0.0
52,0.0
53,0.0
54,5.47540253531e-05
55,0.000105975532942
56,0.0
57,0.0
58,0.0
59,0.0
60,0.0
61,9.955277337e-05
62,9.66247506235e-05
63,0.0
64,0.0
65,0.0
66,0.0
67,0.0
68,0.0
69,8.87903113837e-05
70,0.0
71,0.0
72,0.0
73,0.00652725618029
74,0.0
75,0.0
76,0.0
77,0.0
78,0.0
79,0.0
80,0.00812895197762
81,8.01278419805e-05
82,0.0
83,3.9581223147e-05
84,0.00590561273455
85,0.0
86,0.0
87,0.00380731478621
88,0.0
89,0.0
90,0.0
91,7.38256521618e-05
92,0.0
93,0.0
94,0.0
95,0.0
96,0.0
97,0.0
98,0.00710652659285
99,0.0
100,0.0
101,0.0
102,6.84425316917e-05
103,0.0
104,6.70457453308e-05
105,6.636851558e-05
106,6.5704830424e-05
107,0.0
108,0.0
109,0.0
110,0.00361403549362
111,2.19016101412e-05
112,0.0
113,0.0
114,0.0
115,0.0
116,0.0
117,0.0
118,0.0
119,6.25760289754e-05
120,0.0
121,0.00466717695904
122,0.0
123,0.0
124,0.0
125,0.0
126,9.0419491409e-05
127,0.0
128,5.9731664022e-05
129,0.0
130,0.0
131,0.0
132,0.0
133,0.0
134,0.0
135,0.0
136,0.0
137,0.0
138,0.0
139,0.0
140,5.66420951931e-05
141,0.0
142,0.0
143,0.0
144,0.0
145,0.0
146,5.61579747215e-05
147,0.0
148,0.0
149,0.0
150,0.0
151,5.56820596813e-05
152,0.0
153,0.0
154,0.0
155,0.0
156,0.0
157,0.0
158,0.00409976421242
159,0.000923165359722
160,0.0
161,0.0
162,0.0
163,0.000105127728679
164,0.0
165,0.0
166,0.0
167,0.00646647518491
168,0.0
169,0.0
170,0.0
171,0.0
172,0.0
173,0.0
174,0.00390234049366
175,0.0
176,0.0
177,0.0
178,0.0
179,5.05421772492e-05
180,0.0
181,0.0
182,0.0
183,0.0
184,0.0
185,0.0
186,0.0
187,0.0
188,0.00166796564623
189,0.0
190,0.0
191,0.0
192,0.0
193,0.0
194,0.00498219833751
195,0.0
196,0.0
197,0.0
198,0.0
199,0.0
200,0.00122980463293
201,0.0
202,0.0
203,0.00119168401712
204,0.0
205,0.0
206,1.65755746613e-05
207,0.0
208,0.0
209,0.0
210,5.28378458541e-05
211,0.0
212,0.00161215282768
213,0.00210442293229
214,0.0
215,0.0
216,0.00101950670821
217,0.000197345284762
218,0.0
219,0.0
220,0.0
221,0.0
222,0.0
223,0.0
224,0.0
225,0.0
226,0.0
227,4.72696621756e-05
228,0.0
229,0.0
230,0.0
231,0.0
232,0.0
233,0.0
234,0.0
235,0.0
236,4.62710073409e-05
237,4.56283544611e-05
238,0.0
239,0.000832754943958
240,4.53136761546e-05
241,0.0
242,0.0
243,0.0
244,0.0
245,0.0
246,0.000465530078736
247,0.0
248,0.00165357370072
249,0.0
250,4.40972016269e-05
251,0.00250247997484
252,0.0
253,0.0
254,0.0
255,0.0
256,0.0
257,0.00264544420635
258,0.0
259,0.0
260,0.00158149922409
261,0.000826594658147
262,0.0
263,0.0
264,0.00292455295678
265,0.0
266,0.000526622136536
267,0.0
268,0.0
269,0.000329239891014
270,0.0
271,0.0
272,0.0
273,0.0
274,0.00215797627768
275,0.0
276,0.0
277,0.0
278,0.0
279,0.00111652111621
280,0.0
281,0.0
282,0.0
283,0.00028929620208
284,0.0
285,0.0
286,0.0
287,0.0
288,0.0
289,0.0
290,0.0
291,0.0
292,0.0
293,0.0
294,0.0
295,0.0
296,0.0
297,0.000573625735416
298,0.0
299,0.0
300,0.0
301,0.0
302,8.26475854391e-05
303,5.98961754211e-06
304,0.0
305,0.0
306,0.0
307,0.00126444240691
308,0.0
309,0.00182782707396
310,0.0
311,0.0
312,0.00368768360756
313,4.63433941194e-06
314,0.0
315,4.08104536795e-05
316,0.0
317,0.0
318,0.00202682981796
319,0.0
320,0.0
321,0.0
322,0.0
323,0.0
324,0.0
325,0.0
326,4.03097119165e-05
327,0.0
328,0.0
329,0.0
330,0.0
331,0.0
332,0.0
333,4.00639209903e-05
334,0.0
335,0.0
336,0.0
337,0.0
338,0.00283709373714
339,0.0
340,0.0
341,0.0
342,0.0
343,0.0
344,0.0
345,0.0
346,0.0
347,0.0
348,0.0
349,0.0
350,0.000644281910394
351,2.56825898194e-05
352,1.57284376324e-05
353,0.00512703304629
354,0.0
355,0.0
356,0.000452029290819
357,0.0
358,0.00206326999439
359,0.0
360,0.00170939396225
361,0.0
362,0.0
363,0.0
364,0.0
365,0.00144497659361
366,0.0
367,0.0
368,0.0
369,0.0
370,0.0
371,0.00109785041769
372,0.00102211874725
373,3.93442098347e-05
374,0.0
375,0.0
376,0.0
377,3.88785978841e-05
378,0.000662720957804
379,0.0
380,0.0
381,0.0
382,0.0
383,0.0
384,0.0
385,0.0
386,0.00129830346069
387,0.000916332468601
388,0.0
389,0.0
390,0.0
391,0.0
392,0.0
393,0.0
394,0.0
395,0.000498446306495
396,0.0
397,0.000875281610687
398,0.0
399,0.0
400,0.0
401,0.0
402,0.0
403,0.0
404,0.0
405,0.0
406,0.0
407,0.0
408,0.0
409,0.0
410,0.0
411,0.0
412,0.0
413,0.0
414,0.0
415,0.0
416,0.00052129462703
417,3.82004828048e-05
418,0.0
419,0.0
420,0.0
421,0.0
422,0.0
423,0.0
424,0.0
425,0.0
426,0.0
427,0.0
428,0.0
429,0.0
430,0.0
431,0.0
432,3.79796707654e-05
433,0.0
434,0.0
435,0.000793976664349
436,0.0
437,0.0
438,0.00112538886875
439,0.00104475835416
440,0.0
441,0.0
442,0.0
443,0.0
444,0.0
445,0.0
446,3.75456173851e-05
447,0.0
448,0.0
449,0.0
450,0.0
451,0.00215913579428
452,0.00160824506014
453,0.0
454,0.0
455,0.0
456,1.85877890608e-05
457,0.00033088817495
458,0.0
459,0.000300402023127
460,0.0
461,0.0
462,0.0
463,0.0
464,0.0
465,0.00227245934272
466,0.0
467,0.000698616666346
468,0.00466203124915
469,3.73322900137e-05
470,0.0
471,0.00106256056745
472,0.0
473,0.000927771504953
474,0.0
475,0.0
476,0.0
477,0.0
478,1.99489920123e-05
479,0.00180135658052
480,0.0
481,0.0
482,0.0
483,0.0
484,0.0
485,0.0
486,0.0
487,0.0
488,0.0
489,0.000597987341531
490,0.00111336949695
491,0.0
492,0.0
493,0.0
494,0.000630347766547
495,0.0
496,0.0
497,0.0
498,0.0
499,0.0
500,0.000506418349703
501,0.0
502,0.000711670274613
503,0.0
504,0.0
505,0.0
506,0.0
507,0.0
508,0.0
509,0.0
510,0.0
511,0.0
512,0.0
513,0.0
514,0.0
515,0.0
516,0.000753529750672
517,0.0
518,0.0
519,0.0
520,0.0
521,0.00113910706219
522,0.0
523,0.000120627955018
524,0.0
525,0.0
526,0.0
527,0.0
528,0.000218012976112
529,0.0
530,0.0
531,0.0
532,0.000425656928017
533,0.00209193460724
534,0.0
535,0.0
536,0.000198137819847
537,0.0
538,0.0
539,0.0
540,0.0
541,0.0
542,0.0
543,0.0
544,0.0
545,0.0
546,0.0
547,0.0
548,0.0
549,0.0
550,0.0
551,0.000813943323209
552,0.0
553,7.81018625986e-05
554,0.0
555,0.0
556,0.0
557,0.0
558,0.0
559,0.00203756782873
560,3.57091469697e-05
561,0.0
562,0.0
563,3.1284590738e-05
564,0.0
565,0.000613846851563
566,0.0
567,0.0
568,0.000181995298805
569,0.0
570,0.00044674697272
571,0.0
572,0.0
573,0.0
574,0.0011585615203
575,0.0
576,0.0
577,0.0
578,0.0
579,0.0
580,0.0
581,0.0
582,0.00302188656231
583,0.00200414654538
584,0.0
585,0.0
586,0.0
587,0.0
588,0.000253503341222
589,0.000552604065699
590,0.0
591,0.0
592,0.0
593,0.0
594,0.0
595,0.0
596,0.0
597,0.0
598,0.000926909827228
599,0.0
600,0.0
601,0.0
602,0.0
603,0.0
604,0.00163619203046
605,0.0
606,0.0
607,0.0
608,0.0
609,0.0
610,0.0
611,0.0
612,0.0
613,0.0
614,0.0
615,0.0
616,0.0
617,0.0
618,0.00268158408284
619,0.0
620,0.0
621,0.0
622,0.000159822560491
623,0.0
624,0.0
625,0.0
626,0.0
627,0.0
628,0.0
629,0.00122738675832
630,0.0
631,0.0
632,0.0
633,0.0
634,0.00161565324171
635,3.53251776473e-05
636,0.0
637,0.00115714763804
638,0.0
639,0.0
640,0.000110530442236
641,0.0
642,0.0
643,0.0
644,0.0
645,0.0
646,0.00115534834254
647,0.0
648,0.0
649,0.00108633182144
650,0.0
651,0.0
652,0.0
653,0.0
654,0.00152050654268
655,0.0
656,0.0
657,0.0
658,0.00043366599182
659,0.0
660,0.0
661,0.0
662,0.0
663,0.000640986416467
664,0.0
665,0.0
666,0.0
667,0.000450196988032
668,0.0
669,0.0
670,0.0
671,3.49493778851e-05
672,0.0
673,0.0
674,0.0
675,0.0
676,0.0
677,0.0
678,0.0
679,0.00127564077751
680,0.000373158481867
681,0.000144515733431
682,0.0
683,0.0
684,0.0
685,0.0
686,0.0
687,0.0015946167342
688,0.0
689,0.00177297017225
690,7.20825317843e-05
691,0.0
692,0.0
693,0.00242026355474
694,0.0
695,0.0
696,0.0
697,0.0
698,0.0
699,0.000816168683756
700,0.0
701,0.00278669119927
702,0.0
703,0.0
704,0.000982469221273
705,0.00216941291121
706,0.0017221090091
707,0.0
708,0.000979128316004
709,0.0
710,0.0017265968037
711,0.0
712,0.0
713,0.0
714,6.8800869554e-05
715,0.00175964483058
716,0.0
717,0.0
718,0.000638421395955
719,0.0
720,0.0
721,0.0
722,0.0
723,0.0
724,0.0
725,0.0
726,0.0
727,0.0
728,0.0
729,0.0
730,0.0
731,0.0
732,0.000493830630527
733,0.0
734,0.0
735,0.0
736,0.0
737,0.00223557680106
738,0.0
739,0.0
740,0.0
741,0.0
742,0.000690929765687
743,0.0
744,0.0
745,0.0
746,0.0
747,0.00208314203749
748,0.000740432175598
749,0.0
750,0.0
751,0.0
752,0.0
753,0.0
754,0.0
755,0.00190669904993
756,0.0
757,0.0
758,0.0
759,0.0
760,0.0
761,0.000291280128548
762,0.0
763,0.0
764,0.0
765,0.0
766,0.00222849529057
767,0.0
768,0.0
769,0.0
770,0.0
771,0.0
772,0.0
773,0.0
774,0.0
775,0.0
776,0.0
777,0.0
778,0.0
779,3.42212658459e-05
780,0.0
781,0.0
782,0.0
783,3.40439535876e-05
784,0.000584533045864
785,0.0
786,0.00154836033208
787,0.0
788,0.0
789,0.0
790,0.00239084981568
791,0.0
792,0.0
793,0.0
794,0.000556896880099
795,0.0
796,0.0
797,0.0
798,0.0
799,0.0
800,0.0
801,0.0
802,0.0
803,0.0
804,0.0
805,0.0
806,0.00122341563052
807,0.0
808,0.00103676360362
809,3.38684692907e-05
810,0.0
811,0.0
812,0.00293066665883
813,0.0
814,0.0
815,0.0
816,0.0
817,3.36947848328e-05
818,0.0
819,0.000626318248607
820,0.0
821,0.0
822,0.0
823,0.0
824,0.000490237612793
825,0.0
826,0.0
827,0.0
828,0.0
829,0.0
830,0.0
831,0.0
832,0.0
833,0.0
834,0.0
835,0.0
836,0.00176083289955
837,0.0
838,0.000348312025359
839,0.0
840,0.0
841,0.0
842,0.0
843,0.0
844,0.000144162432598
845,0.0
846,0.0
847,0.0
848,0.0
849,0.00096665739372
850,0.0
851,0.0
852,0.000259997073097
853,0.00113337639314
854,0.0
855,0.0
856,0.0
857,0.0
858,0.0
859,0.0
860,0.00129161677832
861,0.0
862,3.35228726654e-05
863,0.0
864,0.0
865,0.000411989068417
866,0.0
867,0.0
868,0.0
869,0.0
870,0.0
871,0.0
872,0.0
873,0.0
874,0.000398168360343
875,0.000866267695354
876,0.0
877,4.94084581729e-05
878,0.000485232637131
879,0.0
880,0.0
881,0.0
882,0.0
883,0.0
884,9.10358699998e-05
885,0.00025914306275
886,0.0
887,0.0
888,0.0
889,0.0
890,0.0
891,0.0
892,0.0
893,0.0
894,0.00048571654092
895,8.78686548404e-06
896,0.0
897,0.0
898,0.0
899,0.00213425387432
900,0.0
901,0.0
902,0.0
903,0.0
904,0.0
905,0.0
906,0.00112089668099
907,0.0
908,0.000514367071805
909,0.0
910,0.0
911,0.0
912,0.0
913,0.00123921533216
914,0.0
915,0.0
916,0.0
917,0.000573259377395
918,0.0
919,0.0030267256625
920,0.0
921,0.000711280448652
922,0.0
923,0.0
924,0.0
925,0.0
926,0.0
927,0.0
928,0.0
929,2.93647606518e-05
930,0.000481975025848
931,0.000737321381828
932,0.0
933,0.0
934,0.0
935,0.0
936,0.0
937,0.000521986465324
938,0.0
939,0.0
940,0.000741728740849
941,0.00137728384003
942,0.0
943,0.00127928326037
944,0.0
945,0.000844844912117
946,0.0
947,0.0
948,0.0
949,0.000160362933277
950,0.0
951,0.0
952,0.0
953,0.0
954,0.0
955,0.0
956,0.000681490031763
957,0.0
958,0.0019673296554
959,0.0
960,0.0
961,0.0
962,0.0
963,0.000616710463364
964,0.0
965,0.0
966,0.000598328131591
967,0.0
968,0.00188075748147
969,0.000175826006289
970,0.0
971,0.0
972,0.0
973,0.0
974,3.57532753872e-05
975,0.0
976,0.0018933180026
977,0.0
978,0.0
979,0.0
980,0.0
981,0.0
982,0.00143752868925
983,0.0
984,0.0
985,0.0
986,0.0
987,0.000637511903353
988,0.000282720645792
989,0.0
990,0.0
991,0.0
992,0.0
993,0.000913025224538
994,0.0
995,0.0
996,0.0
997,0.0
998,0.0
999,0.000687427384585
1000,3.18723514386e-06
1001,0.0
1002,0.0
1003,0.0
1004,0.00130895535304
1005,0.0
1006,0.0
1007,0.000436046341217
1008,0.001672053236
1009,0.0
1010,0.0
1011,0.0
1012,0.0
1013,0.0
1014,0.0
1015,0.0
1016,0.0
1017,0.0
1018,0.0
1019,0.0
1020,0.0
1021,0.0
1022,0.0
1023,0.0
1024,0.0
1025,0.0
1026,0.0
1027,0.000534660221878
1028,0.0
1029,0.00116586989144
1030,0.0
1031,0.0
1032,0.0
1033,0.0
1034,0.00280571937458
1035,0.000390245230574
1036,0.0
1037,0.0
1038,0.0
1039,0.0
1040,0.0
1041,0.0
1042,0.0
1043,0.0
1044,3.30175027257e-05
1045,0.000936590790967
1046,0.0
1047,0.0
1048,0.0
1049,0.0
1050,0.0309541487724
1051,0.0
1052,0.0
1053,0.0
1054,0.0
1055,0.0
1056,0.0
1057,2.07161057156e-05
1058,0.0
1059,0.000400477537285
1060,0.0
1061,0.0
1062,0.0
1063,0.0
1064,0.0
1065,0.0
1066,0.00170323386405
1067,0.0
1068,0.000625832572354
1069,0.0
1070,0.0
1071,0.000593077604968
1072,0.0
1073,0.0
1074,0.0
1075,0.0
1076,0.0
1077,0.00364479585317
1078,0.0
1079,0.0
1080,0.0
1081,0.0
1082,0.0
1083,0.0
1084,0.0
1085,0.000810989131879
1086,0.0
1087,0.0001293737099
1088,0.000354414549733
1089,0.0
1090,0.0
1091,0.0
1092,0.0
1093,0.000585266454792
1094,0.0
1095,0.000728691753049
1096,0.0
1097,0.0
1098,0.0
1099,0.0
1100,0.000248292466528
1101,0.0
1102,0.0
1103,9.27533434348e-05
1104,0.0
1105,0.0
1106,0.0
1107,0.0
1108,0.0
1109,0.0
1110,0.0
1111,0.0
1112,0.0
1113,0.0
1114,0.0
1115,0.0
1116,0.0
1117,0.000345113073247
1118,0.0
1119,0.000730556792103
1120,0.0
1121,0.0
1122,0.000228311233704
1123,0.0
1124,0.0010819123047
1125,0.0
1126,0.00039415028888
1127,0.0
1128,0.000637938003634
1129,0.0
1130,0.0
1131,0.0
1132,0.000285430195304
1133,0.0
1134,0.0
1135,0.0
1136,0.0
1137,0.0
1138,0.0
1139,0.0
1140,0.0
1141,0.0
1142,0.0
1143,0.0
1144,0.0
1145,0.0
1146,0.0
1147,0.0
1148,0.0
1149,0.0
1150,0.0
1151,0.0
1152,2.24195192348e-05
1153,0.0
1154,0.0
1155,0.000409225182633
1156,0.000855427433023
1157,0.0
1158,0.0
1159,0.0
1160,0.0
1161,0.0
1162,0.0
1163,0.000591125163292
1164,0.0
1165,0.00143073447046
1166,0.0
1167,0.0
1168,0.0
1169,0.00207399586923
1170,0.00108434373009
1171,0.0
1172,0.00012964833058
1173,0.0
1174,0.0
1175,0.0
1176,2.14223508414e-05
1177,0.000967797558791
1178,0.0
1179,0.000441175816932
1180,0.0
1181,0.0
1182,0.0
1183,0.0
1184,0.000746148154456
1185,0.00296289211145
1186,0.0015374968723
1187,0.0
1188,0.0
1189,0.0
1190,0.000105257204864
1191,0.0
1192,0.0
1193,0.0
1194,0.0
1195,0.0
1196,0.0
1197,0.0
1198,0.0
1199,0.0
1200,0.0
1201,0.00255681760195
1202,0.0
1203,0.0
1204,0.0
1205,0.0
1206,0.0010925080191
1207,0.0
1208,0.0
1209,0.000431224026736
1210,0.000183294545612
1211,0.0
1212,0.0
1213,0.0
1214,0.0
1215,0.0
1216,0.0
1217,0.0
1218,0.000154221784403
1219,0.00103308506951
1220,0.0
1221,0.0
1222,8.88507444906e-05
1223,0.0
1224,0.0
1225,0.000224457964701
1226,0.0
1227,0.0
1228,0.0
1229,0.0
1230,0.0
1231,0.0
1232,0.0
1233,0.000858027834921
1234,0.0
1235,0.000295409088555
1236,0.0
1237,0.000295112985973
1238,0.0
1239,0.0
1240,0.0
1241,0.0
1242,0.0
1243,0.0
1244,0.0
1245,0.0
1246,0.0
1247,0.000813405205581
1248,0.000863399834502
1249,0.0
1250,0.0
1251,0.0
1252,0.0
1253,0.0
1254,0.0
1255,0.0
1256,5.68649585877e-05
1257,0.0
1258,0.0
1259,0.0
1260,0.0
1261,0.0
1262,0.0
1263,0.0
1264,0.0
1265,0.0
1266,0.0
1267,0.0
1268,0.0
1269,0.00258662963585
1270,6.06447670529e-06
1271,0.0
1272,0.0
1273,0.000660275230059
1274,0.0
1275,0.0
1276,0.0
1277,0.0
1278,0.0
1279,0.0
1280,0.0
1281,0.000838544791778
1282,0.0
1283,0.0
1284,0.000833166065317
1285,0.0
1286,0.00146044139699
1287,0.0
1288,0.0
1289,0.000409647188783
1290,0.0
1291,0.0
1292,0.0
1293,0.0
1294,0.0
1295,0.0
1296,0.0
1297,0.0
1298,0.00179417507757
1299,0.0
1300,0.0
1301,0.0
1302,0.00118796676196
1303,0.0
1304,0.000169457948447
1305,0.0
1306,0.0
1307,0.000902673642909
1308,0.0
1309,0.0
1310,0.0
1311,0.0
1312,0.0
1313,0.00087375985557
1314,0.000983948637709
1315,0.00141115530253
1316,0.0
1317,0.00114156871826
1318,0.0
1319,0.0
1320,0.0
1321,0.0
1322,0.000208398680364
1323,0.0
1324,0.0
1325,4.30990123356e-05
1326,0.0
1327,0.0
1328,0.00177562827778
1329,0.0
1330,0.0
1331,0.0
1332,0.0
1333,0.0
1334,0.0
1335,0.0
1336,0.0
1337,0.0
1338,0.0
1339,0.0
1340,0.0
1341,0.0
1342,0.0
1343,0.0
1344,0.000381862793906
1345,0.00108253017727
1346,0.000767668183252
1347,0.00153992947995
1348,0.000445155938797
1349,0.000954966708321
1350,0.00209136123467
1351,0.0
1352,0.0
1353,0.0
1354,1.57318135462e-05
1355,0.0
1356,0.00497142731979
1357,0.0
1358,0.0
1359,0.0
1360,0.0
1361,0.0
1362,0.0
1363,0.0
1364,0.00091429503168
1365,0.0024756852932
1366,0.0
1367,0.0
1368,0.00164583360106
1369,0.0
1370,0.0
1371,0.0
1372,0.000730157291053
1373,0.0
1374,0.0
1375,0.0
1376,0.0
1377,0.0
1378,0.0
1379,0.0
1380,0.0
1381,0.0
1382,0.0
1383,0.0
1384,3.54602620041e-05
1385,0.0
1386,0.0
1387,0.0
1388,0.0
1389,0.0
1390,0.000727379819098
1391,0.000908403200277
1392,0.0
1393,0.0
1394,0.0
1395,0.000361283598431
1396,0.0
1397,0.0
1398,0.0
1399,0.0
1400,0.0
1401,0.0
1402,0.0
1403,0.0
1404,0.0
1405,0.0
1406,0.0
1407,0.0
1408,0.0
1409,0.0
1410,0.0
1411,0.0
1412,0.0
1413,0.0
1414,0.0
1415,0.00116622691408
1416,0.0
1417,0.000214917171094
1418,0.0
1419,0.0
1420,0.0
1421,0.0
1422,0.0
1423,0.0
1424,0.0
1425,0.0
1426,0.0
1427,0.00157407782095
1428,0.0
1429,0.0
1430,0.0
1431,0.0
1432,3.14377179063e-05
1433,0.00109719452758
1434,0.0
1435,0.0
1436,0.0
1437,0.0
1438,0.0
1439,0.0
1440,0.0
1441,0.0
1442,0.0
1443,0.000186247388281
1444,0.000575463239328
1445,0.0
1446,4.74196692142e-05
1447,0.0
1448,0.0
1449,0.0
1450,0.0
1451,0.0
1452,0.0
1453,0.0
1454,0.0
1455,0.000197656821292
1456,0.0
1457,0.0
1458,0.0
1459,0.0
1460,0.0
1461,0.0
1462,0.0
1463,0.0
1464,0.0
1465,0.000298345728274
1466,0.0010676422257
1467,0.0
1468,0.0
1469,0.0
1470,0.000583328989184
1471,0.0
1472,0.0
1473,0.000409190467346
1474,0.0
1475,0.000723720082067
1476,0.0
1477,0.0
1478,0.0
1479,0.0
1480,0.00123051967817
1481,0.0
1482,0.0
1483,0.000809295488702
1484,0.0
1485,0.0
1486,0.0
1487,0.0
1488,0.000404668503104
1489,0.0
1490,0.00100861713456
1491,6.17442716138e-06
1492,0.0
1493,0.0
1494,0.0
1495,0.0
1496,0.0
1497,0.0
1498,0.0
1499,0.0
1500,0.0
1501,0.0
1502,0.0
1503,0.0
1504,0.0
1505,0.000223634840397
1506,0.0
1507,0.0
1508,0.0
1509,0.0
1510,0.00232714295783
1511,0.000106934440112
1512,0.0
1513,0.0
1514,0.000466744398906
1515,0.000185313960695
1516,0.0
1517,0.0
1518,0.000563817947313
1519,0.00152255324759
1520,0.0
1521,0.000624186182277
1522,0.000125700536728
1523,0.0
1524,0.000222462558577
1525,0.00046823774439
1526,0.0
1527,0.0
1528,0.000302157228133
1529,0.0
1530,0.0
1531,0.0
1532,0.0
1533,0.00104763862732
1534,0.0
1535,0.0
1536,0.0
1537,0.0
1538,0.0
1539,0.0
1540,0.0
1541,0.00117089559669
1542,0.00143608438404
1543,0.000861373480257
1544,0.0
1545,0.0
1546,0.0
1547,5.75070628838e-05
1548,0.0
1549,0.000349799871267
1550,0.0
1551,0.0
1552,0.000750629229172
1553,0.0
1554,0.0
1555,0.0
1556,0.0
1557,0.000557484381001
1558,0.000836682041656
1559,0.0
1560,0.0
1561,0.0
1562,0.0
1563,0.0
1564,0.000798298134688
1565,0.0
1566,0.000569300973653
1567,0.0
1568,9.86984946792e-05
1569,0.0
1570,0.0
1571,0.0
1572,0.0
1573,0.0
1574,0.0
1575,0.0
1576,0.0
1577,3.12880144876e-05
1578,0.0
1579,0.0
1580,0.000415393650497
1581,0.0
1582,0.0
1583,0.000720591161912
1584,0.0
1585,0.0
1586,0.0
1587,0.0
1588,7.05742845184e-05
1589,0.000107748138269
1590,0.0
1591,0.0
1592,0.0
1593,0.0
1594,8.53745614903e-05
1595,0.000416786043512
1596,0.0
1597,0.0
1598,0.0
1599,0.0
1600,0.0
1601,0.0
1602,0.0
1603,0.00122134370208
1604,0.0
1605,0.0
1606,0.00026374617229
1607,0.0
1608,0.00123055684959
1609,0.0
1610,0.0
1611,0.0
1612,0.0
1613,0.0
1614,0.0
1615,0.0
1616,0.0
1617,0.0
1618,0.0
1619,0.0
1620,0.0
1621,0.0
1622,0.0
1623,0.0
1624,3.4031449676e-05
1625,0.0
1626,0.0
1627,0.0
1628,0.0
1629,0.0
1630,0.0
1631,0.0
1632,0.0
1633,0.0
1634,0.0
1635,0.0
1636,0.0
1637,0.0
1638,0.0
1639,0.0
1640,0.0
1641,0.0
1642,0.0
1643,5.59553901706e-05
1644,0.0
1645,0.0
1646,0.0
1647,0.0
1648,0.0
1649,0.000313216946587
1650,0.0
1651,0.0
1652,0.000168453697268
1653,0.00144926942098
1654,0.0
1655,0.0
1656,0.0
1657,0.0
1658,0.0
1659,0.000531160650558
1660,0.0
1661,0.0
1662,0.0
1663,0.0
1664,0.0
1665,0.0
1666,0.0
1667,0.000534553800366
1668,0.0
1669,0.0
1670,0.0
1671,0.0
1672,0.0
1673,0.0
1674,0.00106981670731
1675,0.0
1676,0.0
1677,0.0
1678,0.00101654439745
1679,0.0
1680,0.0
1681,0.0
1682,0.0
1683,0.0
1684,0.00152976818663
1685,0.000343269385767
1686,0.00152004933148
1687,0.0
1688,0.0
1689,0.0
1690,0.0
1691,0.0
1692,0.0
1693,0.0
1694,0.0
1695,0.00205888370751
1696,0.00118857860006
1697,0.0
1698,0.00145963964475
1699,0.0
1700,0.0
1701,0.0
1702,0.0
1703,0.0
1704,0.0
1705,0.0
1706,0.0
1707,0.0
1708,0.0
1709,0.0
1710,0.0
1711,0.00147448937987
1712,0.0
1713,0.000601691182846
1714,0.0
1715,5.780256362e-05
1716,0.0
1717,0.0
1718,0.0
1719,0.0
1720,0.0
1721,0.0
1722,0.000183834249964
1723,0.0
1724,0.000888434348649
1725,0.0
1726,7.04040745674e-06
1727,0.00139325278415
1728,0.0
1729,0.0
1730,0.00109895724693
1731,0.000442934118779
1732,0.0
1733,0.0
1734,0.0
1735,0.0
1736,0.000527209082379
1737,0.0
1738,7.75925998471e-05
1739,0.0
1740,0.000292858627459
1741,0.00036276479092
1742,0.0
1743,0.0
1744,0.0
1745,0.0
1746,0.0
1747,0.000270115668633
1748,0.000349943993114
1749,0.0
1750,0.000370853353348
1751,0.0
1752,0.0
1753,0.000723068956194
1754,0.0
1755,0.0
1756,0.0
1757,0.00109784937625
1758,0.000959048506264
1759,0.0
1760,0.0
1761,0.0
1762,0.000971371883994
1763,0.0
1764,0.000281105023313
1765,0.0
1766,0.0
1767,0.000437103570815
1768,0.0
1769,0.0
1770,0.0
1771,0.00124981697523
1772,0.0
1773,0.0
1774,0.0
1775,0.0
1776,0.0
1777,0.0
1778,0.0
1779,0.0
1780,0.000225856630021
1781,0.0
1782,0.0
1783,0.0
1784,0.000564725440953
1785,0.00167515184327
1786,0.0
1787,0.0
1788,0.0
1789,0.000112975168362
1790,0.0
1791,0.000243593980484
1792,0.000225187929458
1793,0.000439789168284
1794,0.0
1795,0.0
1796,0.0
1797,0.0
1798,0.0
1799,0.0
1800,0.0
1801,0.0
1802,0.0
1803,0.0
1804,0.0
1805,0.0
1806,3.39696677827e-05
1807,0.000562846316622
1808,0.0
1809,0.0
1810,0.0
1811,0.0
1812,0.000849536085569
1813,0.000151954297813
1814,0.0
1815,0.000709866778392
1816,0.0
1817,0.0
1818,0.000378569604199
1819,0.000505826971202
1820,0.0
1821,0.0
1822,0.0
1823,0.0
1824,0.0
1825,0.000801338173857
1826,0.0
1827,0.0
1828,0.0
1829,0.0
1830,0.0
1831,0.0
1832,0.0
1833,0.000168740105179
1834,0.0
1835,0.0
1836,0.0
1837,0.0
1838,0.0
1839,3.74133737847e-05
1840,0.0
1841,0.0
1842,0.000857265638465
1843,0.0
1844,0.0
1845,0.0
1846,0.0
1847,0.00119092833992
1848,0.0
1849,0.0
1850,0.000793457365387
1851,0.0
1852,0.0
1853,0.0
1854,0.000525345752424
1855,0.0
1856,0.0
1857,0.0
1858,0.0
1859,0.0
1860,0.0
1861,0.0
1862,0.0
1863,0.000173163326104
1864,0.0
1865,0.0
1866,0.000964250217484
1867,0.0
1868,0.0
1869,0.0
1870,0.00111506267383
1871,0.000798722760916
1872,0.0
1873,0.0
1874,0.0
1875,0.0
1876,0.0
1877,0.0
1878,0.00204330602015
1879,0.0
1880,0.0
1881,0.0
1882,0.00120326418092
1883,2.64940794946e-05
1884,0.000354540905155
1885,0.0
1886,0.00130025330085
1887,0.0
1888,7.55211188429e-05
1889,0.0
1890,0.000143770742599
1891,0.0
1892,0.00106116044506
1893,0.0
1894,0.0
1895,0.0
1896,0.0
1897,0.0
1898,0.0
1899,0.0
1900,0.0
1901,0.0
1902,0.0
1903,0.0
1904,0.0
1905,0.000668689859341
1906,0.00076726308825
1907,0.0
1908,0.0
1909,0.00124682321723
1910,0.0
1911,0.0
1912,0.0
1913,0.000619201759681
1914,0.0
1915,0.000316793323842
1916,0.0
1917,0.0
1918,0.000285169832208
1919,0.0
1920,0.000418685645903
1921,0.000193660002773
1922,0.000351815662766
1923,0.000579790958378
1924,0.0
1925,0.0
1926,0.0
1927,0.0
1928,0.0
1929,0.000186744937905
1930,0.0
1931,0.0
1932,0.0
1933,0.0
1934,0.0
1935,0.0
1936,0.0
1937,0.0
1938,0.0
1939,0.0
1940,0.0
1941,0.00082179646555
1942,0.0
1943,0.00151296687273
1944,0.0
1945,0.0
1946,0.0
1947,0.0
1948,0.0
1949,0.000111442254488
1950,0.0
1951,0.0
1952,0.0
1953,0.000848704583882
1954,0.000721919475347
1955,0.0
1956,0.000540313467048
1957,1.21140901703e-05
1958,0.0
1959,0.0
1960,0.0
1961,0.0
1962,0.0
1963,0.00543973143432
1964,0.000426519121043
1965,0.0
1966,0.0
1967,0.00150649364529
1968,0.0
1969,0.0
1970,0.0
1971,0.00180745006947
1972,0.0
1973,0.00028139021229
1974,0.0
1975,0.0
1976,0.0
1977,0.0
1978,0.0
1979,0.0012989562245
1980,0.0
1981,0.0
1982,0.0
1983,3.07031917869e-05
1984,0.0
1985,0.0
1986,0.00194299344778
1987,0.000564358926488
1988,0.00031688583539
1989,0.000481909911217
1990,0.000115487857949
1991,0.0
1992,0.0
1993,0.0
1994,0.0
1995,0.0
1996,0.0
1997,0.000936555781765
1998,4.45834836402e-05
1999,0.0
2000,0.0
2001,0.0
2002,0.0
2003,0.0
2004,0.0
2005,0.0015798901634
2006,0.0
2007,0.0
2008,0.00136107894595
2009,0.00101168206079
2010,6.38535678828e-05
2011,0.00149545036453
2012,0.0
2013,0.0
2014,0.0
2015,0.0
2016,0.000308995955059
2017,0.0
2018,0.0
2019,0.0
2020,0.0
2021,0.0
2022,0.0
2023,0.0
2024,0.0
2025,1.16683617059e-05
2026,0.0
2027,0.0
2028,0.000802063081963
2029,0.0
2030,0.0
2031,0.0
2032,0.0
2033,0.0
2034,0.0
2035,0.00111925220384
2036,0.0
2037,0.0
2038,0.0
2039,0.00126321433826
2040,0.0
2041,0.0
2042,5.02877311335e-05
2043,0.0
2044,0.0
2045,0.0
2046,0.000283237275832
2047,0.0
2048,0.0
2049,0.0
2050,0.0
2051,0.0
2052,0.0
2053,0.0
2054,0.0
2055,0.000637111595272
2056,0.0
2057,0.0
2058,0.00221653285497
2059,0.0
2060,0.0
2061,0.000304596874345
2062,0.0
2063,0.0
2064,0.0
2065,0.0
2066,0.0
2067,0.0
2068,0.000594658945362
2069,0.0
2070,0.0
2071,0.000565300965557
2072,0.00024721545002
2073,0.0016179569578
2074,0.0
2075,0.000533245407113
2076,0.0
2077,0.0
2078,0.000531024673664
2079,0.0
2080,0.0
2081,0.000197699766591
2082,0.000567839949144
2083,0.00150905768162
2084,0.0
2085,0.0
2086,0.0
2087,0.0
2088,0.0
2089,0.0
2090,0.0
2091,0.0
2092,0.0
2093,0.0
2094,0.0
2095,0.0
2096,0.0
2097,0.0
2098,0.0
2099,0.0
2100,0.000606372599604
2101,0.0
2102,0.000549878376543
2103,0.000565013749589
2104,0.0
2105,0.0
2106,0.0
2107,0.0
2108,0.000405026843275
2109,0.00121120308111
2110,0.000358801746121
2111,0.0
2112,0.0
2113,0.0
2114,0.0
2115,0.0
2116,0.0
2117,0.0
2118,0.0
2119,0.0
2120,0.0
2121,0.0
2122,0.0
2123,0.0
2124,0.0
2125,0.0
2126,0.0
2127,0.00140315760074
2128,0.0
2129,0.0
2130,0.0
2131,0.000422364859388
2132,0.0
2133,0.0
2134,0.00174179956837
2135,0.000419416109256
2136,0.00109945659718
2137,0.000169139758171
2138,0.0
2139,0.0
2140,0.0
2141,0.0
2142,0.0
2143,0.000682626056416
2144,0.0
2145,0.00067324963219
2146,0.0
2147,0.0
2148,0.000893848177782
2149,0.0
2150,0.00198279615553
2151,0.0
2152,0.000794233655166
2153,0.000600947410366
2154,0.000978932560628
2155,0.0
2156,0.0
2157,0.0
2158,0.0
2159,0.0
2160,0.0
2161,0.000751027904338
2162,0.0
2163,0.0
2164,0.0
2165,0.0
2166,0.0
2167,0.0
2168,0.0
2169,0.0
2170,0.0
2171,0.0
2172,0.000555541426589
2173,0.0
2174,0.0
2175,0.0
2176,0.000397629880539
2177,0.0
2178,0.000495842663614
2179,0.00142594164513
2180,0.0
2181,0.0
2182,0.0
2183,0.0
2184,0.000828116024193
2185,0.0
2186,0.0
2187,0.0
2188,0.0
2189,0.0
2190,4.64951552103e-05
2191,0.0
2192,0.0
2193,0.000234748692096
2194,0.0
2195,0.000163760698068
2196,0.0
2197,0.0
2198,0.0
2199,0.0
2200,0.0
2201,0.000447671514514
2202,0.0
2203,0.000602636519892
2204,0.0
2205,0.0
2206,0.0
2207,0.000531443087847
2208,0.0
2209,0.0
2210,0.0
2211,0.0
2212,0.0
2213,0.0
2214,0.000922744837911
2215,0.0
2216,0.0
2217,0.0
2218,6.12346573106e-05
2219,0.000600430793255
2220,0.0
2221,0.0
2222,0.0
2223,0.0
2224,0.0
2225,0.0
2226,0.0
2227,0.0
2228,0.0
2229,0.0
2230,0.0
2231,0.0
2232,0.0
2233,0.0
2234,0.0
2235,0.0
2236,0.00102371978194
2237,0.0
2238,0.0
2239,0.0
2240,0.0
2241,0.0
2242,0.0
2243,0.00114547430111
2244,0.0
2245,0.0
2246,0.0
2247,0.0
2248,0.000349080399522
2249,0.0
2250,0.000206572147442
2251,0.0
2252,0.00100792632715
2253,0.0
2254,0.0
2255,0.0
2256,0.0
2257,0.000729931704327
2258,0.0
2259,0.0
2260,0.0
2261,0.0
2262,0.0
2263,0.0
2264,0.0
2265,0.0
2266,0.0
2267,0.0
2268,0.0
2269,0.000671226115328
2270,0.0
2271,0.0
2272,0.00119381072607
2273,0.0
2274,0.0
2275,0.0
2276,0.0
2277,0.0
2278,0.0
2279,0.0
2280,0.0
2281,0.0
2282,0.0
2283,0.0
2284,0.000774063908128
2285,0.0
2286,0.0
2287,0.0
2288,0.0
2289,0.0
2290,0.000466864937375
2291,0.0
2292,0.000308388202247
2293,0.0
2294,0.0
2295,0.0
2296,8.30110460777e-05
2297,0.000863671983582
2298,0.0
2299,0.0
2300,0.0
2301,0.00108068696924
2302,0.0
2303,0.000273216198162
2304,0.0
2305,0.0
2306,0.0
2307,0.0
2308,0.0
2309,0.0
2310,0.0
2311,0.0
2312,0.000277536029698
2313,0.000272086206763
2314,0.000222980092602
2315,0.0
2316,0.0
2317,0.0
2318,0.0
2319,0.0
2320,0.0
2321,0.0010263061854
2322,0.000580565347566
2323,0.00038025572038
2324,0.00131654834543
2325,0.000626750393222
2326,0.00146352293741
2327,0.0
2328,0.0
2329,0.0
2330,0.0
2331,0.0
2332,0.0
2333,0.0
2334,0.0
2335,0.0
2336,0.0
2337,0.0
2338,0.0
2339,9.17650541399e-05
2340,0.0
2341,0.000789594951391
2342,0.000814925586088
2343,0.0
2344,0.0
2345,0.0
2346,0.0
2347,0.0
2348,0.0
2349,0.0
2350,0.0
2351,0.0
2352,0.00153691897692
2353,0.0
2354,0.0
2355,0.0
2356,0.0
2357,0.0
2358,0.0
2359,0.00171430311135
2360,0.0
2361,0.0
2362,0.0
2363,0.000317891770767
2364,9.01608321236e-05
2365,0.0
2366,0.0
2367,0.0
2368,0.00130408606674
2369,0.0
2370,0.0
2371,0.0
2372,0.0
2373,0.0
2374,0.000165310332147
2375,0.00279063313023
2376,0.0
2377,0.0
2378,0.0
2379,0.0
2380,0.0
2381,0.00118880833648
2382,0.0
2383,0.0
2384,0.0
2385,0.0
2386,0.0
2387,0.0
2388,0.0013158954032
2389,0.0
2390,0.0
2391,0.0
2392,0.00185690057475
2393,0.0
2394,0.0
2395,0.000503595523745
2396,0.0
2397,0.0
2398,0.0
2399,0.0
2400,0.0
2401,0.0
2402,0.0
2403,0.0
2404,0.0
2405,0.0
2406,0.0
2407,0.0
2408,0.0
2409,0.0
2410,0.000484898004141
2411,0.0
2412,0.0
2413,0.0
2414,0.000928537118682
2415,0.0
2416,0.000796466959739
2417,0.0
2418,0.0
2419,0.0
2420,0.0
2421,0.0
2422,0.0011292104318
2423,3.31710177316e-06
2424,0.0
2425,0.0
2426,0.0
2427,0.00042317960965
2428,0.0
2429,0.000335969538645
2430,0.0
2431,0.000204087394879
2432,0.000900156858264
2433,0.0
2434,0.000505432713772
2435,0.0
2436,0.0
2437,0.0
2438,0.0
2439,0.0
2440,0.0
2441,0.0
2442,0.0
2443,0.0
2444,0.000408678669173
2445,0.0
2446,0.0
2447,0.0
2448,0.0
2449,0.00106749363351
2450,0.0
2451,0.0
2452,0.0
2453,0.0
2454,0.000540896463361
2455,0.0
2456,0.00244411027467
2457,0.000906900912382
2458,0.000953687990774
2459,0.000392768989041
2460,0.0
2461,0.0
2462,0.0
2463,0.000308691373981
2464,0.0
2465,0.0
2466,0.0
2467,0.0
2468,0.0
2469,0.0
2470,0.0
2471,0.0
2472,0.0
2473,0.0
2474,0.0
2475,0.0
2476,0.0
2477,0.0
2478,0.0
2479,0.0
2480,0.0
2481,0.0
2482,0.0
2483,0.0
2484,0.00089894183082
2485,0.0
2486,0.0
2487,0.0
2488,0.0
2489,0.0
2490,0.0
2491,0.0
2492,0.0
2493,0.000750458077062
2494,0.0
2495,0.0
2496,0.0
2497,0.0
2498,0.0
2499,0.0
2500,0.0
2501,0.0
2502,0.0
2503,0.000934679712983
2504,0.000594969753321
2505,0.000418343331498
2506,0.0
2507,0.0
2508,0.0
2509,0.0
2510,5.79131297643e-05
2511,0.0
2512,0.0
2513,6.26874887832e-05
2514,0.0
2515,0.0
2516,0.0
2517,0.0
2518,0.0
2519,0.000436781975242
2520,0.0
2521,0.000897782856699
2522,0.0
2523,0.0
2524,0.000137817181094
2525,0.0
2526,0.0
2527,0.0
2528,0.0
2529,0.0
2530,0.0
2531,0.0
2532,0.0
2533,0.0
2534,0.0
2535,0.0
2536,0.0
2537,0.0
2538,0.0
2539,7.43550835348e-06
2540,0.000400612807156
2541,0.000457637701264
2542,0.0
2543,0.0
2544,0.0
2545,0.000892367201634
2546,0.0
2547,0.000889361838043
2548,0.0
2549,0.0
2550,0.000501101842017
2551,0.0
2552,0.00165833323818
2553,0.0
2554,0.0
2555,0.0
2556,0.0
2557,0.0
2558,0.0
2559,0.000147406726182
2560,0.0
2561,0.00174689510729
2562,0.0
2563,0.0
2564,0.00163552340665
2565,0.0
2566,0.0
2567,0.0
2568,0.0
2569,0.0
2570,0.0
2571,0.0
2572,0.0
2573,0.000828170472147
2574,0.000480527458371
2575,0.0
2576,0.0
2577,0.000626889771184
2578,0.000107801780297
2579,0.0
2580,0.00022891316839
2581,0.0
2582,0.0
2583,0.000388822283352
2584,0.0
2585,0.0
2586,0.0
2587,0.0
2588,0.0
2589,0.0
2590,0.00123173018992
2591,0.0
2592,0.0
2593,0.0
2594,0.0
2595,0.0
2596,0.0014881440787
2597,0.0
2598,0.0
2599,0.0
2600,0.0
2601,0.0
2602,0.0
2603,0.0
2604,0.0
2605,0.0
2606,0.0
2607,0.0
2608,0.0
2609,0.00173859636677
2610,0.0
2611,0.0
2612,0.0
2613,0.000310779766615
2614,0.0
2615,0.0
2616,0.00130812700327
2617,0.0
2618,0.000675214436517
2619,0.0
2620,0.0
2621,0.000797080460263
2622,4.94261140615e-05
2623,0.000869759130759
2624,0.0
2625,0.0
2626,0.000178263557472
2627,0.00104920591536
2628,0.0
2629,0.0
2630,0.000356882950618
2631,0.000861127223305
2632,0.0
2633,0.0
2634,0.0
2635,0.0
2636,0.0
2637,0.0
2638,0.0
2639,0.0
2640,0.000343722400343
2641,0.000674569192461
2642,0.0
2643,0.0
2644,0.0
2645,0.0
2646,0.0
2647,0.0
2648,0.000941971802152
2649,0.0
2650,0.000156010298717
2651,0.0
2652,0.00123874921513
2653,0.0
2654,0.0
2655,0.0
2656,0.000206485400662
2657,0.0
2658,0.0
2659,0.000363121541956
2660,0.000783040121333
2661,0.0
2662,0.000861720276518
2663,0.0
2664,0.0
2665,0.0
2666,0.0
2667,0.0
2668,0.0
2669,0.0
2670,0.0
2671,0.0
2672,0.000513352164782
2673,0.00105646485506
2674,0.0
2675,0.0
2676,0.0
2677,0.0
2678,0.0
2679,0.00133549316852
2680,0.0
2681,0.0
2682,0.000793078318579
2683,0.0
2684,0.0
2685,0.0
2686,0.0
2687,0.0
2688,0.0
2689,0.0
2690,0.0
2691,0.0
2692,0.0
2693,0.0
2694,0.0
2695,0.0
2696,0.0
2697,0.0
2698,0.000433323944483
2699,0.0
2700,0.0
2701,0.0
2702,0.00104942647883
2703,0.0
2704,0.000137032398296
2705,0.0
2706,0.000556376259273
2707,0.0
2708,0.00132106585674
2709,0.0
2710,0.0
2711,0.0
2712,0.0
2713,0.0
2714,0.0
2715,0.0
2716,0.0
2717,0.0
2718,0.00151814123827
2719,0.0
2720,0.0
2721,0.00052783483352
2722,0.0
2723,0.000139809136997
2724,0.0
2725,0.0
2726,0.0
2727,0.0
2728,0.0
2729,0.00121126325723
2730,0.000399177016595
2731,0.0
2732,0.000986437951468
2733,0.000102677638229
2734,0.000381580820892
2735,0.0
2736,0.000305119839125
2737,0.0
2738,0.0
2739,0.0
2740,0.0
2741,0.0
2742,0.000175215499518
2743,0.0
2744,0.0
2745,0.000453502227405
2746,0.0
2747,0.000258089113238
2748,0.0
2749,0.000585381677375
2750,0.000126538091594
2751,0.0
2752,0.0
2753,0.0
2754,0.0
2755,0.0
2756,0.0
2757,0.0
2758,0.0
2759,0.000455754810495
2760,0.0
2761,0.0
2762,0.0
2763,0.0
2764,0.0
2765,0.000452823086888
2766,0.0
2767,0.0
2768,0.0
2769,3.01398304698e-05
2770,0.0
2771,0.0
2772,0.0
2773,0.0
2774,0.0
2775,0.0
2776,0.0
2777,0.0
2778,0.0
2779,0.000805334261719
2780,0.00059104789948
2781,0.0
2782,0.0
2783,0.000489479982363
2784,0.0
2785,0.0
2786,0.0
2787,0.0
2788,0.0
2789,0.0
2790,0.0
2791,0.0
2792,0.0
2793,0.000751692093425
2794,0.0
2795,0.0
2796,0.000363265668491
2797,0.0
2798,0.0
2799,0.0
2800,0.0
2801,0.0
2802,0.0
2803,0.000786372935612
2804,0.000470886084635
2805,0.0
2806,0.0
2807,0.0
2808,0.0
2809,0.0
2810,0.00100715419243
2811,0.0
2812,0.0
2813,0.0
2814,0.0
2815,0.0
2816,0.000185912584838
2817,0.0
2818,0.0
2819,0.0
2820,0.00054649873521
2821,0.0
2822,0.00167825098226
2823,0.0
2824,0.0
2825,0.000269834074056
2826,0.0
2827,0.0
2828,0.0
2829,0.0
2830,0.000598878386892
2831,0.0
2832,0.0
2833,0.0
2834,0.000214954831304
2835,0.00106630575332
2836,0.0
2837,0.0
2838,0.0
2839,0.000563220538447
2840,0.0
2841,0.0
2842,0.0
2843,0.0
2844,0.000250414788223
2845,0.000829535864933
2846,0.00115793772588
2847,0.0
2848,0.00026677213666
2849,0.0
2850,0.0
2851,0.0
2852,0.0
2853,0.0
2854,0.0
2855,0.0
2856,0.0
2857,0.0
2858,0.0
2859,0.00124300140936
2860,0.0
2861,0.0
2862,0.000857898130338
2863,0.0
2864,0.0
2865,0.0
2866,0.0
2867,0.0
2868,0.000789773829072
2869,0.0
2870,0.0
2871,0.0
2872,0.0
2873,0.0
2874,0.000376070890039
2875,0.0
2876,6.65234618088e-05
2877,0.00139445168121
2878,0.0
2879,0.0
2880,0.000920003740206
2881,0.000248880515911
2882,0.0
2883,0.0
2884,0.0
2885,0.0
2886,0.0
2887,0.0
2888,0.0
2889,0.0
2890,0.000889817216412
2891,0.0
2892,0.0
2893,3.94605343285e-05
2894,0.0
2895,0.0
2896,0.0
2897,0.000503598018818
2898,0.0
2899,0.000448286044505
2900,0.000414902498427
2901,0.0
2902,0.0011913997339
2903,0.00027536256114
2904,0.0
2905,0.0
2906,0.0
2907,0.000220433028344
2908,0.0
2909,0.0
2910,0.0
2911,0.000680750365911
2912,0.0
2913,0.0
2914,0.00138158973999
2915,0.0
2916,0.0
2917,0.0
2918,0.000422222735028
2919,0.000619010430321
2920,0.0
2921,0.0
2922,0.0
2923,0.0
2924,0.000251638721513
2925,0.0
2926,0.000874658473903
2927,0.0
2928,0.0
2929,0.0
2930,0.0
2931,0.0
2932,0.0
2933,0.0
2934,0.0
2935,0.0
2936,0.0
2937,0.0
2938,0.0
2939,0.0
2940,0.0
2941,0.0
2942,0.0
2943,0.00146223186847
2944,0.0
2945,0.0
2946,0.0
2947,0.0
2948,0.0
2949,0.0
2950,0.0
2951,0.0
2952,0.0
2953,0.0
2954,0.0
2955,0.0
2956,0.0
2957,0.0
2958,0.0
2959,0.00132421675453
2960,0.000361529978206
2961,0.000924947363883
2962,0.000359887422732
2963,0.0
2964,0.0
2965,8.01578114174e-05
2966,0.0
2967,0.0
2968,0.00126119343173
2969,0.0
2970,0.0
2971,0.00193417759617
2972,0.0
2973,0.0
2974,0.0
2975,0.0017311085282
2976,0.0
2977,0.0
2978,0.0
2979,0.0
2980,0.0
2981,0.0
2982,0.0
2983,0.0
2984,0.0
2985,0.0
2986,0.0
2987,0.0
2988,0.0
2989,0.0
2990,0.0
2991,0.0
2992,0.000331652300452
2993,0.000624256490366
2994,0.0
2995,0.0
2996,0.00169265325534
2997,0.0
2998,0.0
2999,0.0
3000,0.00112106966341
3001,0.0
3002,0.0
3003,0.0
3004,0.0
3005,0.0
3006,0.0
3007,0.0
3008,0.0
3009,0.00104413996589
3010,0.0
3011,0.0
3012,0.0
3013,0.0
3014,0.0
3015,0.0
3016,0.0
3017,0.000217526237278
3018,0.000715959553847
3019,0.0
3020,0.0
3021,0.0
3022,0.0
3023,0.000442471313698
3024,0.000520997391408
3025,0.0
3026,0.0
3027,0.0
3028,0.0
3029,0.0
3030,0.0
3031,4.3888684521e-06
3032,0.0
3033,0.0
3034,0.000366254728659
3035,0.0
3036,0.0
3037,0.0
3038,0.0
3039,0.00128621264981
3040,0.000471740774959
3041,0.0
3042,0.0
3043,0.0
3044,0.0
3045,0.000391272399179
3046,0.000505713619015
3047,0.0
3048,0.0
3049,0.0
3050,0.0
3051,0.0
3052,0.0
3053,0.0
3054,0.00061153031664
3055,0.0
3056,0.00016628748629
3057,0.0
3058,0.0
3059,0.000629852672066
3060,0.0
3061,0.0
3062,0.0
3063,0.0
3064,0.0
3065,0.0
3066,0.000139955562611
3067,0.0
3068,0.000952385266953
3069,0.0
3070,0.0
3071,0.0
3072,0.0
3073,0.0
3074,0.0
3075,0.0
3076,0.0
3077,0.0
3078,0.0
3079,0.0
3080,0.0
3081,0.00372994211329
3082,0.0
3083,0.0
3084,0.000956013535849
3085,0.0
3086,0.00074377607838
3087,0.0
3088,0.0
3089,5.39149275725e-05
3090,0.0
3091,0.0
3092,0.0
3093,0.0
3094,0.00182846615323
3095,0.0
3096,0.0
3097,0.0
3098,0.0
3099,0.0
3100,0.000251217131633
3101,0.0
3102,0.0
3103,0.0
3104,0.0
3105,0.0
3106,0.00185351288127
3107,0.0
3108,0.0
3109,0.0
3110,0.0
3111,0.0
3112,0.0
3113,0.000260476068862
3114,0.0
3115,0.0
3116,0.0
3117,0.000658593715879
3118,0.000934652484552
3119,0.0
3120,0.0
3121,0.0
3122,0.00176922443278
3123,0.000552965812083
3124,0.0
3125,0.0
3126,0.0
3127,0.0
3128,0.0
3129,0.0
3130,0.0
3131,0.00087037585989
3132,0.0
3133,0.0
3134,0.000931949226501
3135,0.0
3136,0.0
3137,0.0
3138,0.0
3139,0.000255406011318
3140,0.0
3141,0.0
3142,0.00138422092062
3143,0.0
3144,0.0
3145,0.0
3146,0.0
3147,0.0
3148,0.0
3149,0.0
3150,0.000269230272231
3151,0.000475086334607
3152,0.0
3153,0.0
3154,0.00162869993311
3155,0.0
3156,0.00029239142867
3157,0.0
3158,0.0
3159,0.0
3160,0.0
3161,0.0
3162,0.0
3163,0.0
3164,0.0
3165,0.0
3166,0.0
3167,0.00124194110566
3168,0.00153344285056
3169,0.0
3170,0.0
3171,8.65167560487e-05
3172,0.0
3173,0.000745176185752
3174,0.0
3175,0.0
3176,0.0
3177,0.0
3178,0.00134457783086
3179,0.0
3180,9.94788440784e-05
3181,0.0
3182,0.000566932287772
3183,0.0
3184,0.0
3185,0.00134790065605
3186,0.0
3187,0.00191658309333
3188,0.0
3189,0.0
3190,0.0
3191,0.0
3192,0.000121785268484
3193,0.000377410526719
3194,0.0
3195,0.00126226309782
3196,0.0
3197,0.0
3198,0.0
3199,0.00182092866177
3200,0.0
3201,0.0
3202,0.000228851009304
3203,0.0
3204,0.0
3205,0.0
3206,0.0
3207,0.0
3208,0.0
3209,0.00175437482925
3210,0.0
3211,0.0
3212,0.000325361904277
3213,0.00011325906324
3214,0.0
3215,0.00104780555164
3216,0.0
3217,0.0
3218,0.000583892460591
3219,0.0
3220,0.0
3221,0.0
3222,0.0
3223,0.00021884061487
3224,0.000519555385313
3225,0.0
3226,0.000302710044774
3227,0.0
3228,0.0
3229,0.0
3230,0.00121771322305
3231,0.0
3232,0.0
3233,5.366876562e-05
3234,0.0
3235,0.0
3236,0.000449689312452
3237,0.000919816522818
3238,0.0
3239,0.0
3240,0.0
3241,0.0
3242,0.0
3243,0.0
3244,0.0
3245,0.0
3246,0.0
3247,0.0
3248,0.0
3249,0.0
3250,0.0
3251,0.0
3252,0.0
3253,0.0
3254,0.0012420329521
3255,0.0
3256,0.0
3257,0.0
3258,0.0
3259,0.0
3260,0.0
3261,0.0
3262,0.0
3263,0.0
3264,0.00119872770057
3265,0.0
3266,0.0
3267,0.0
3268,0.0
3269,0.0
3270,0.0
3271,0.0
3272,0.000312042934447
3273,0.0
3274,0.0
3275,0.0
3276,0.000248113436366
3277,0.000976191616655
3278,0.0
3279,0.0
3280,0.0
3281,0.0
3282,0.0
3283,3.56037026137e-05
3284,0.000400068071066
3285,0.0
3286,0.0
3287,0.000610923185265
3288,0.0
3289,0.0
3290,0.0
3291,0.0
3292,0.0
3293,0.0
3294,0.0
3295,0.0
3296,0.0
3297,0.0
3298,0.0
3299,0.0
3300,0.0
3301,0.0
3302,0.0
3303,0.0
3304,0.0
3305,0.0
3306,0.0
3307,0.0
3308,0.0
3309,0.0
3310,0.0
3311,0.0
3312,0.00138261908407
3313,0.000375874150712
3314,0.0
3315,0.0
3316,0.000324547631425
3317,0.0
3318,0.0
3319,0.0
3320,0.0
3321,0.0
3322,0.0
3323,0.0
3324,0.0
3325,0.000554843081495
3326,0.0
3327,0.0
3328,0.0
3329,0.00054006255026
3330,0.0
3331,1.47933942095e-05
3332,0.0
3333,0.0
3334,0.0
3335,0.0
3336,0.0
3337,0.0
3338,0.0
3339,0.0
3340,0.000915085347386
3341,0.0
3342,0.0
3343,1.957341584e-05
3344,0.0
3345,0.0
3346,0.0
3347,0.0
3348,0.0
3349,0.000157377293281
3350,0.0
3351,0.0
3352,0.0
3353,0.0
3354,0.0
3355,0.000713349237113
3356,0.0
3357,0.0
3358,0.0
3359,0.0
3360,0.0
3361,0.0
3362,0.0
3363,0.0
3364,0.00030641121711
3365,0.0
3366,0.0
3367,0.000560090454384
3368,0.0
3369,0.0
3370,0.0
3371,0.0
3372,0.0
3373,0.0
3374,0.0
3375,0.0
3376,0.0
3377,0.0
3378,0.000290391526077
3379,0.0
3380,0.000959797786329
3381,0.0
3382,0.0
3383,0.0
3384,0.0
3385,0.0
3386,0.0
3387,0.0
3388,0.0
3389,0.0
3390,0.0
3391,0.0
3392,0.0
3393,0.0
3394,0.000674942698474
3395,0.0
3396,0.0
3397,0.0
3398,0.000608811340249
3399,0.0
3400,0.0
3401,0.0
3402,0.0
3403,0.0
3404,0.0
3405,0.0
3406,0.0
3407,0.0
3408,0.0
3409,0.000866001088774
3410,0.00054255423669
3411,0.0
3412,0.0
3413,0.0
3414,0.0
3415,0.0
3416,0.0
3417,0.00131621780752
3418,0.0
3419,0.0
3420,0.0
3421,0.0
3422,0.0
3423,0.0
3424,0.0
3425,0.0
3426,0.0
3427,0.0
3428,0.0
3429,0.0
3430,0.0
3431,0.0
3432,0.0
3433,0.0
3434,0.000169752860839
3435,0.000283395266559
3436,0.0
3437,0.0
3438,0.0
3439,0.0
3440,0.0
3441,0.0
3442,0.000430578820495
3443,0.0
3444,0.0
3445,0.0
3446,0.0
3447,0.0
3448,0.000135178887982
3449,0.0
3450,0.0
3451,0.0
3452,0.0
3453,0.0
3454,0.0
3455,0.000346930482186
3456,0.0
3457,0.000400358385249
3458,0.0
3459,0.00124485438638
3460,0.00116488435276
3461,0.0
3462,0.000533448913744
3463,0.0
3464,0.0
3465,0.0
3466,0.000427414299691
3467,0.0
3468,0.0
3469,0.000538569994011
3470,0.0
3471,0.00180698353681
3472,0.0
3473,0.0
3474,0.000399632092473
3475,0.0
3476,0.0
3477,0.0
3478,0.0
3479,0.0
3480,0.0
3481,0.0
3482,0.0
3483,0.0
3484,0.0
3485,0.0
3486,0.0
3487,0.0
3488,0.0
3489,0.0
3490,0.0
3491,0.0
3492,0.0
3493,0.0
3494,0.0
3495,0.0
3496,0.0
3497,0.0
3498,0.0
3499,0.0
3500,7.3679812282e-05
3501,0.0
3502,0.0
3503,0.0
3504,0.0
3505,0.0
3506,0.0
3507,0.0
3508,0.0
3509,0.0
3510,0.000131477255172
3511,0.0
3512,0.0
3513,0.0
3514,0.000166051008423
3515,0.0
3516,0.0
3517,0.000374414023499
3518,0.0
3519,0.0
3520,0.0
3521,5.49629697756e-05
3522,0.000483785918931
3523,0.0
3524,0.0
3525,0.0
3526,0.0
3527,0.0
3528,0.0
3529,0.0
3530,0.0
3531,0.0
3532,0.00119981743023
3533,0.00116537495982
3534,0.0
3535,0.0
3536,0.000346144293351
3537,0.00121843840734
3538,0.0
3539,0.0
3540,0.000813730221992
3541,0.0
3542,0.000302996082553
3543,0.00159349512947
3544,0.0
3545,0.0
3546,0.0
3547,0.00108211022837
3548,0.000552892242112
3549,0.000407913624634
3550,0.0
3551,0.0
3552,0.00049515790561
3553,0.00101982458717
3554,0.0
3555,0.0
3556,0.0
3557,0.0
3558,0.0
3559,0.0
3560,0.0
3561,0.0
3562,5.50323479944e-05
3563,0.0
3564,0.0
3565,0.0
3566,0.00072518432879
3567,0.0
3568,0.0
3569,0.0
3570,0.0
3571,0.0
3572,0.0
3573,0.0
3574,0.0
3575,0.0
3576,0.0
3577,0.0
3578,0.0
3579,0.00105211952193
3580,0.0
3581,0.00020282954672
3582,0.000410944156145
3583,0.0
3584,0.00180190533034
3585,0.0
3586,0.0
3587,0.0
3588,0.0
3589,0.0
3590,0.0
3591,0.0
3592,0.0
3593,0.00210710706729
3594,0.0
3595,0.0
3596,0.0
3597,0.0
3598,0.000277190788908
3599,0.0
3600,0.0
3601,0.00128325619982
3602,0.0
3603,0.000935695445477
3604,0.00010614057358
3605,0.0
3606,0.0
3607,0.0
3608,0.000502101306495
3609,0.0
3610,0.0
3611,0.0
3612,0.0
3613,0.000475366466889
3614,6.16905653164e-05
3615,0.000795484751672
3616,0.0
3617,0.0
3618,0.0
3619,0.00012295621119
3620,0.000993036341849
3621,0.000933188869185
3622,0.0
3623,0.000273704548758
3624,0.0
3625,0.0
3626,0.0
3627,0.0
3628,0.00142345053485
3629,0.0
3630,0.000123963337742
3631,0.00045558912279
3632,0.0
3633,0.0
3634,0.0
3635,0.0
3636,0.0
3637,0.0
3638,0.0
3639,0.0
3640,0.0
3641,0.0
3642,0.0
3643,0.0
3644,0.0
3645,0.0
3646,0.0
3647,0.0
3648,0.0
3649,0.0
3650,0.0
3651,0.0
3652,0.0
3653,0.0
3654,0.0
3655,0.000354199928206
3656,0.00137514867059
3657,4.06137980374e-05
3658,0.0
3659,0.0
3660,0.0
3661,0.0
3662,0.0
3663,0.0
3664,0.0
3665,0.0
3666,0.0
3667,0.0
3668,0.0
3669,0.0
3670,0.0
3671,0.00162708515374
3672,0.000456096292699
3673,0.0
3674,0.0
3675,0.0
3676,0.0
3677,0.0
3678,0.0
3679,0.0
3680,0.0
3681,0.0
3682,0.0
3683,0.0
3684,0.0
3685,0.0
3686,0.000661678370316
3687,0.000767771435472
3688,0.0
3689,0.0
3690,0.0
3691,0.0
3692,0.0
3693,0.000485539542361
3694,0.0
3695,0.0
3696,0.0
3697,0.000214088251483
3698,0.0
3699,0.0
3700,0.0
3701,0.000859028091396
3702,0.000714554742575
3703,0.0
3704,0.0
3705,0.00104440344508
3706,0.0
3707,0.0
3708,0.0
3709,0.0
3710,0.0
3711,7.2089385877e-05
3712,0.0
3713,0.0
3714,0.0
3715,0.0
3716,0.0
3717,0.00063210267435
3718,0.0
3719,0.0
3720,0.0
3721,0.0
3722,0.0
3723,0.0
3724,0.0
3725,0.0
3726,0.0
3727,0.0
3728,0.0
3729,0.0
3730,0.0
3731,0.000600255448435
3732,0.0
3733,3.46539662501e-05
3734,0.0
3735,0.0
3736,0.0
3737,0.0
3738,0.0
3739,0.00121883118603
3740,0.0
3741,0.0
3742,6.80630192002e-05
3743,0.0
3744,0.0
3745,0.000602084687038
3746,0.000802288294499
3747,0.0
3748,0.0
3749,0.0
3750,0.0
3751,0.0
3752,0.0
3753,0.0
3754,0.0
3755,0.0
3756,0.0
3757,0.000428812670617
3758,0.0
3759,0.0
3760,0.0
3761,0.0
3762,0.0
3763,0.0
3764,0.0
3765,0.0
3766,0.0
3767,0.0
3768,0.0
3769,0.00064269847535
3770,0.0
3771,0.0
3772,0.0
3773,0.0
3774,0.0
3775,0.0
3776,0.0010279756738
3777,0.0
3778,0.0
3779,0.0
3780,0.000897943402323
3781,2.94640495176e-05
3782,0.0
3783,0.0
3784,0.000199012664507
3785,0.0
3786,0.0
3787,0.000287083708508
3788,0.0
3789,0.0
3790,0.0
3791,0.0
3792,0.0
3793,0.000210194920316
3794,0.0
3795,0.00075458093668
3796,0.0
3797,0.0
3798,0.0
3799,0.0
3800,0.0
3801,0.0
3802,0.0
3803,0.0
3804,0.0
3805,0.0
3806,0.0
3807,0.000136016530468
3808,0.0
3809,0.0
3810,0.0
3811,0.0
3812,0.000711535507055
3813,0.0
3814,0.0
3815,5.58520628609e-05
3816,0.0
3817,0.000133621490951
3818,0.000419955503121
3819,0.0
3820,0.0
3821,0.00068079589898
3822,0.0
3823,0.0
3824,0.0
3825,0.0
3826,0.000463083387156
3827,0.0
3828,0.000260042663362
3829,0.0
3830,0.0
3831,0.0
3832,0.0
3833,0.0
3834,0.00115306616856
3835,0.0
3836,0.0
3837,0.0
3838,0.0
3839,0.000887778029205
3840,0.0
3841,0.0
3842,0.0
3843,0.0
3844,0.000227945163677
3845,0.0013921701841
3846,0.0
3847,0.0
3848,0.0
3849,0.0
3850,0.0
3851,0.0
3852,0.0
3853,0.0
3854,0.0
3855,0.000288145378669
3856,0.0
3857,0.00230378501805
3858,0.0
3859,0.0
3860,0.0
3861,0.0
3862,0.0
3863,0.0
3864,0.0
3865,0.0
3866,0.0
3867,0.0
3868,0.0
3869,0.000166927587487
3870,0.0
3871,0.0
3872,0.0
3873,0.0
3874,0.0
3875,0.00115341985903
3876,0.0
3877,0.0
3878,0.0
3879,0.000561764954809
3880,0.0
3881,0.000460171797124
3882,0.0
3883,0.0
3884,0.0
3885,0.00114623037161
3886,0.0
3887,0.0
3888,5.35432339359e-05
3889,0.0
3890,0.000780498023754
3891,0.0
3892,0.00113256053683
3893,0.00261138741398
3894,0.0
3895,0.0
3896,0.0
3897,0.0
3898,0.0
3899,0.0
3900,0.0
3901,0.00122249658414
3902,0.000900353255387
3903,0.000268534634227
3904,0.0
3905,0.0
3906,0.0
3907,0.0
3908,0.0
3909,0.000789514176211
3910,0.0
3911,0.0
3912,0.0
3913,0.0
3914,0.0
3915,0.0
3916,5.88934999746e-05
3917,0.00140758883053
3918,0.00125700839907
3919,0.0
3920,0.0
3921,0.0
3922,0.0
3923,0.0
3924,0.0
3925,0.00147212556831
3926,0.0
3927,0.0
3928,0.0
3929,0.000103639496987
3930,0.0
3931,0.0
3932,0.000729881295568
3933,0.0
3934,0.0
3935,0.000166534575328
3936,0.0
3937,0.0
3938,0.0
3939,0.0
3940,0.0
3941,0.0
3942,0.0
3943,0.0
3944,0.000838734952061
3945,0.0
3946,0.000608244531854
3947,0.0
3948,0.000620321201964
3949,0.0
3950,0.0
3951,0.0
3952,0.000648868131327
3953,0.0149327547118
3954,0.0
3955,0.0
3956,0.0
3957,0.0
3958,0.0
3959,0.0
3960,0.0
3961,0.0012054928248
3962,0.0
3963,0.0
3964,0.0
3965,0.0
3966,0.0
3967,0.0
3968,0.000555516422697
3969,0.0
3970,0.0
3971,0.000383765776926
3972,0.0
3973,0.0
3974,0.000498400270695
3975,0.0
3976,0.0
3977,0.0
3978,0.0
3979,0.000358642879196
3980,0.00167846386655
3981,0.0
3982,0.0
3983,0.0
3984,0.0
3985,0.0
3986,0.000490087862746
3987,0.0
3988,0.00106996736798
3989,7.58602191694e-05
3990,0.0
3991,0.0
3992,0.0
3993,0.000276558038587
3994,0.0
3995,0.00144975681433
3996,0.0
3997,0.000966251910265
3998,0.0
3999,0.0
4000,0.00157932874933
4001,0.000912302394036
4002,0.0007771793698
4003,0.0
4004,0.0
4005,0.0
4006,0.0
4007,0.0
4008,0.0
4009,0.0
4010,0.0
4011,7.21974420483e-05
4012,0.0014214709355
4013,0.0
4014,0.0
4015,0.0
4016,0.0
4017,0.00648968086742
4018,0.0
4019,0.000924330026892
4020,0.0
4021,0.0
4022,0.0
4023,1.07020933582e-05
4024,0.0
4025,0.0
4026,0.0
4027,0.0
4028,0.0
4029,0.0
4030,0.00105388221582
4031,0.0
4032,0.00108373896928
4033,0.0
4034,0.0
4035,0.0
4036,0.0
4037,0.0
4038,0.00111348854722
4039,0.0
4040,0.0
4041,0.0
4042,0.00089210591434
4043,0.0
4044,0.0
4045,0.0
4046,0.0
4047,0.0
4048,0.0
4049,0.0
4050,0.0
4051,0.0
4052,0.0
4053,0.000339087628733
4054,0.0
4055,0.0
4056,4.69957724793e-05
4057,0.0
4058,0.0
4059,0.0
4060,0.0
4061,0.0
4062,0.00072974898607
4063,0.0
4064,0.0
4065,0.0
4066,0.00108537573955
4067,0.0
4068,0.0
4069,0.0
4070,0.0
4071,0.000202257264992
4072,0.0
4073,0.0
4074,0.0
4075,0.0
4076,0.0
4077,0.000862508441223
4078,0.000482686058624
4079,0.0
4080,0.0
4081,0.0
4082,0.0
4083,0.0
4084,0.0
4085,0.0
4086,0.0
4087,0.0
4088,0.00132669408708
4089,0.000200931837077
4090,0.0
4091,0.0
4092,0.0
4093,0.0
4094,0.000812740674885
4095,0.0
4096,0.0
4097,0.0
4098,2.7163106467e-05
4099,0.000164012464311
4100,0.0
4101,0.0
4102,0.000540038574866
4103,0.0
4104,0.0
4105,0.000653824659284
4106,0.0
4107,0.0
4108,0.0
4109,0.0
4110,0.0
4111,0.0
4112,0.0
4113,0.0
4114,0.00106809981937
4115,0.0
4116,0.0
4117,0.0
4118,0.0
4119,0.0
4120,0.0
4121,0.000139449295255
4122,0.0
4123,0.0
4124,0.0
4125,0.0
4126,0.0
4127,0.0
4128,0.0
4129,0.0
4130,0.0
4131,0.0
4132,0.0
4133,0.0
4134,0.000459779255064
4135,0.0
4136,0.0
4137,8.15283777261e-05
4138,0.0
4139,0.0
4140,0.000471421866613
4141,0.0
4142,0.0
4143,0.0
4144,0.0
4145,0.0
4146,0.0
4147,0.00136938202311
4148,0.0
4149,0.00064915161735
4150,0.0
4151,0.0
4152,0.00106199322439
4153,0.0
4154,0.0
4155,0.0
4156,0.0
4157,0.0
4158,0.0
4159,0.00133051725755
4160,0.0
4161,0.0
4162,0.0
4163,0.0
4164,0.0
4165,0.00131063190049
4166,0.0
4167,0.0
4168,0.0
4169,0.0
4170,0.0
4171,0.00110692754719
4172,0.0
4173,0.0
4174,0.0
4175,0.00023042563475
4176,0.000359510801412
4177,0.0
4178,0.0
4179,0.0
4180,0.0
4181,0.000519663271428
4182,0.0
4183,0.0
4184,0.0
4185,3.1333252627e-05
4186,0.0
4187,0.00114952650674
4188,0.000567111357336
4189,0.00097016291216
4190,0.0
4191,0.0
4192,2.99827780491e-05
4193,0.0
4194,0.000427842351403
4195,0.0
4196,0.0
4197,0.0
4198,0.000653857463241
4199,0.0
4200,0.000132593272033
4201,0.000803557820127
4202,0.0
4203,0.00199162584117
4204,0.0
4205,0.000407136016873
4206,0.00048937744056
4207,0.000623547968744
4208,0.0
4209,0.0
4210,0.0
4211,0.0
4212,0.0
4213,0.000470456795851
4214,0.0
4215,0.0
4216,0.0
4217,0.0
4218,0.0
4219,0.00065749708521
4220,0.0
4221,0.0
4222,0.000679645142946
4223,0.0
4224,0.0
4225,0.0
4226,0.0
4227,0.0
4228,0.0
4229,0.0
4230,0.0
4231,0.0
4232,0.0
4233,0.0
4234,0.0
4235,0.000599587635567
4236,0.0
4237,0.0
4238,0.0
4239,0.0
4240,0.000115538717208
4241,0.0
4242,9.47534246492e-05
4243,0.0
4244,0.0
4245,0.0
4246,0.0
4247,0.0
4248,0.0
4249,0.0
4250,0.00080388952072
4251,1.6184783371e-05
4252,0.0
4253,0.0
4254,0.0
4255,0.0
4256,0.0
4257,0.0
4258,0.000567996558349
4259,0.0
4260,0.0
4261,0.0
4262,0.00166001637686
4263,0.0
4264,0.0
4265,0.0
4266,0.0
4267,0.000396237269572
4268,0.000914020959182
4269,0.0
4270,0.0
4271,0.0
4272,0.0
4273,0.0
4274,0.0
4275,0.0
4276,0.0
4277,0.0
4278,0.0
4279,0.0
4280,0.0
4281,0.000708731149851
4282,0.0
4283,0.000442096097371
4284,0.0
4285,0.0
4286,0.0
4287,0.000352453780318
4288,0.0
4289,0.0
4290,0.0010030743494
4291,0.0
4292,0.0
4293,0.0
4294,0.0
4295,0.0
4296,0.0
4297,0.0
4298,0.0
4299,0.000603750696748
4300,0.0
4301,0.00038678300522
4302,0.0
4303,0.0
4304,0.0012851351082
4305,0.00089030568569
4306,0.000155565754772
4307,0.000175872029024
4308,0.0
4309,0.0
4310,0.000479698098262
4311,2.1988812048e-05
4312,0.00101624421545
4313,0.0
4314,0.0
4315,0.000455154545836
4316,0.0
4317,0.0
4318,0.000916147351127
4319,0.0
4320,0.0
4321,0.0
4322,0.0
4323,0.0
4324,0.0
4325,0.0
4326,0.0
4327,0.0
4328,0.000350948084836
4329,0.0
4330,0.0
4331,0.0
4332,0.00026809216951
4333,0.000998906822863
4334,0.00046366944236
4335,0.0
4336,0.0
4337,0.000962338332037
4338,0.000155677991753
4339,0.0
4340,0.000536450288994
4341,0.0
4342,0.000331047877527
4343,0.0
4344,0.000274280034389
4345,0.000809378773415
4346,0.0
4347,0.0
4348,0.0
4349,0.000356349651742
4350,0.0
4351,0.00173569399854
4352,0.0
4353,0.0
4354,0.0
4355,0.0
4356,0.0
4357,0.0
4358,0.0
4359,0.0
4360,0.0
4361,0.0
4362,0.000179108610199
4363,0.0
4364,0.000830326152752
4365,0.000856164929769
4366,0.0
4367,0.0
4368,0.000806351497025
4369,0.000833892398444
4370,0.0
4371,0.000305108228793
4372,0.000363471292529
4373,0.0
4374,0.00111533445253
4375,0.0
4376,0.0
4377,0.0
4378,0.0
4379,0.000165342971041
4380,0.0
4381,0.0
4382,0.0
4383,0.0
4384,0.0
4385,0.0
4386,0.0
4387,0.0
4388,0.0
4389,0.000169207415386
4390,0.000445281698454
4391,0.000888811529979
4392,0.0
4393,0.0
4394,0.0
4395,0.0
4396,0.0
4397,0.0
4398,0.000233760974843
4399,0.000221753005981
4400,0.0
4401,0.0
4402,0.00052750025816
4403,0.0
4404,0.0
4405,0.0
4406,0.0
4407,0.0
4408,0.00112936401376
4409,0.0
4410,0.000662330353534
4411,0.0
4412,0.0
4413,0.0
4414,0.0
4415,0.000204085239428
4416,0.000412504931286
4417,0.0
4418,0.0
4419,0.0
4420,0.0
4421,0.0
4422,0.0
4423,0.000122798443433
4424,0.000722047334374
4425,0.0
4426,0.0
4427,0.0
4428,0.00123768966516
4429,0.00154140752962
4430,0.0
4431,0.0
4432,0.000500499847504
4433,0.0
4434,0.00107678677694
4435,0.0
4436,0.0
4437,0.0
4438,0.0
4439,2.92021468552e-05
4440,0.00176978124167
4441,0.0
4442,0.0
4443,0.0
4444,0.0
4445,7.55771735641e-05
4446,0.00109181837821
4447,0.00123243673986
4448,0.000473438976312
4449,0.00124610634017
4450,0.0
4451,0.0
4452,0.0
4453,0.000652464524099
4454,0.0
4455,0.0
4456,0.0
4457,0.000955760115753
4458,0.0
4459,0.00125286118524
4460,0.0
4461,0.0
4462,0.0
4463,0.0
4464,0.0
4465,0.0
4466,0.00259029425558
4467,0.000983699193739
4468,0.0
4469,0.000347941218028
4470,0.0
4471,0.0
4472,0.0
4473,0.0
4474,0.0
4475,0.0
4476,0.0
4477,9.2922397196e-05
4478,0.0
4479,0.0
4480,0.0
4481,0.0
4482,0.000947201363118
4483,0.0
4484,0.000592339452536
4485,0.0
4486,0.0
4487,0.0
4488,0.000836422194217
4489,0.0
4490,0.0
4491,0.0
4492,0.0
4493,0.0
4494,0.0
4495,0.000417330589672
4496,0.0
4497,0.0
4498,0.00104385836098
4499,0.0
4500,0.0
4501,0.0
4502,0.0
4503,0.0
4504,0.000329301138844
4505,0.00163376913409
4506,0.000172592198739
4507,0.0
4508,0.0
4509,0.0
4510,0.0
4511,0.000596461752902
4512,0.000446917371542
4513,0.0
4514,0.000777419125362
4515,0.0
4516,0.000701500533881
4517,0.000554862661317
4518,0.0
4519,0.0
4520,0.0
4521,0.0
4522,0.0
4523,5.12887957053e-05
4524,0.0
4525,0.0
4526,0.000412439398604
4527,0.0
4528,0.000107887273981
4529,0.0
4530,0.0
4531,0.0
4532,0.0
4533,0.0
4534,0.0
4535,0.000423025436085
4536,0.0
4537,0.0
4538,0.0
4539,0.0
4540,0.00127460624244
4541,0.0
4542,0.0
4543,0.000948556247816
4544,0.000561738940936
4545,0.0
4546,0.0
4547,0.000600552153898
4548,0.0
4549,0.0
4550,0.00081553580799
4551,0.0
4552,0.0
4553,0.0
4554,0.00021382643122
4555,0.0
4556,0.0
4557,0.000350267597092
4558,0.0
4559,0.0
4560,0.0
4561,0.0
4562,0.0
4563,0.0
4564,0.0
4565,0.000736502659627
4566,0.000929052321164
4567,0.00076752409707
4568,0.000628628660342
4569,0.00079468788623
4570,0.0
4571,5.43698758583e-05
4572,0.0
4573,0.000127369603326
4574,0.0
4575,0.0
4576,0.0
4577,0.0
4578,0.0
4579,0.0
4580,0.0
4581,0.0
4582,0.0
4583,0.0
4584,0.0
4585,0.0
4586,0.000996809110165
4587,0.0
4588,0.000519295112183
4589,0.0
4590,0.0
4591,0.0
4592,0.0
4593,0.0
4594,0.0
4595,0.0
4596,0.0
4597,0.0
4598,0.000618442882608
4599,0.0
4600,0.0
4601,0.0
4602,0.0
4603,0.0
4604,0.0
4605,0.0
4606,0.0
4607,0.0
4608,0.0
4609,0.0
4610,0.0
4611,0.0
4612,0.0005656698982
4613,4.30829750581e-05
4614,0.0
4615,0.0
4616,0.000202190538087
4617,0.0
4618,0.0
4619,0.0
4620,0.0
4621,0.0
4622,0.000209339735599
4623,0.0
4624,0.0
4625,0.0
4626,0.0
4627,0.0
4628,0.0
4629,0.0
4630,0.0
4631,0.000540467900167
4632,0.000161001546129
4633,0.0
4634,0.000300043268617
4635,0.0
4636,0.0
4637,0.0
4638,0.0
4639,2.36472781546e-05
4640,0.0
4641,0.0
4642,0.0
4643,0.0
4644,0.0
4645,0.0
4646,0.0
4647,0.0
4648,0.0
4649,0.0
4650,0.0
4651,0.0
4652,0.0
4653,0.0
4654,0.0
4655,0.0
4656,0.0
4657,0.00132728627336
4658,0.0
4659,0.0
4660,0.0
4661,0.0
4662,0.000588719430495
4663,0.00150758873911
4664,0.0
4665,0.0
4666,0.0
4667,0.00068835922684
4668,0.0
4669,0.0
4670,0.0
4671,0.00136749053273
4672,0.0
4673,0.0
4674,0.0
4675,0.0
4676,0.0
4677,0.0
4678,0.0
4679,0.0
4680,0.0
4681,0.00156750438285
4682,0.000535584146854
4683,0.0
4684,0.0
4685,0.0
4686,0.0
4687,0.0
4688,0.0
4689,0.0
4690,0.0
4691,0.0
4692,0.0
4693,0.000269237607477
4694,0.000311289262586
4695,0.0
4696,0.0
4697,0.0
4698,0.000727999804679
4699,0.0
4700,0.0
4701,0.0
4702,0.0
4703,0.0
4704,0.000279424486097
4705,0.0
4706,0.000367745952983
4707,0.0
4708,0.0
4709,0.0
4710,0.0
4711,0.0
4712,0.0
4713,0.00011113495529
4714,0.0
4715,0.0
4716,0.0
4717,0.0
4718,0.000689383631305
4719,9.81521508666e-05
4720,0.0
4721,0.0
4722,0.000543813972133
4723,0.0
4724,0.0
4725,0.0
4726,0.0
4727,0.000590550244021
4728,0.0
4729,0.0
4730,0.0
4731,0.0
4732,0.00119050248389
4733,0.0
4734,0.0
4735,0.0
4736,0.000707792737616
4737,0.0
4738,0.0
4739,0.0
4740,0.0
4741,0.0
4742,0.0
4743,0.0
4744,0.0
4745,0.0
4746,0.0
4747,0.0
4748,0.0
4749,0.0
4750,0.00129777452249
4751,1.09239601701e-05
4752,0.0
4753,0.0
4754,0.0
4755,0.0
4756,0.0
4757,0.0
4758,0.0
4759,0.0
4760,0.0
4761,0.0
4762,0.000960022107181
4763,0.000275505995757
4764,0.0
4765,0.0
4766,0.0
4767,0.00102727967175
4768,0.000587186404445
4769,0.00109011741671
4770,0.0
4771,0.0
4772,0.0
4773,0.0
4774,0.0
4775,0.0
4776,0.0
4777,0.0
4778,0.00153147162014
4779,0.0
4780,0.0
4781,0.000308604205746
4782,0.0
4783,0.0
4784,0.0
4785,0.0
4786,0.0
4787,0.0
4788,0.0
4789,0.0
4790,0.000960885451749
4791,0.0
4792,0.000136363677837
4793,0.0
4794,0.00129937668327
4795,0.0
4796,0.0
4797,0.00046156463151
4798,0.000138203773376
4799,0.0
4800,0.0
4801,0.000356195076305
4802,0.0
4803,0.0
4804,0.0
4805,0.0
4806,0.0
4807,0.0
4808,0.0
4809,0.0
4810,0.00115590062265
4811,0.000324182158389
4812,0.0
4813,0.0
4814,0.0
4815,0.000900027287164
4816,0.0
4817,0.0
4818,0.0
4819,0.0
4820,0.0
4821,0.0
4822,0.0
4823,0.0
4824,0.0
4825,0.0
4826,0.0
4827,0.0
4828,0.0
4829,0.0
4830,0.0
4831,0.0
4832,0.000687145610958
4833,0.000794603740039
4834,3.89172118098e-06
4835,0.000607938148956
4836,0.0
4837,0.0
4838,0.000446767705691
4839,0.0
4840,0.0
4841,0.0
4842,0.0
4843,0.000319422639151
4844,0.0
4845,0.00174598350105
4846,0.0
4847,0.000463956386813
4848,0.0
4849,0.000529349026251
4850,0.0
4851,0.0
4852,0.000245287334271
4853,6.98574387935e-05
4854,0.0
4855,0.0
4856,0.0
4857,0.0
4858,0.000559016824131
4859,0.0
4860,0.000788135798424
4861,0.0
4862,0.0
4863,0.000605641227608
4864,0.00384110328099
4865,0.0
4866,0.0
4867,0.0
4868,0.000215613224055
4869,0.0
4870,0.0
4871,0.000307233553014
4872,0.0
4873,0.0
4874,0.0
4875,0.0
4876,0.0
4877,0.0
4878,0.0
4879,7.58254286639e-05
4880,0.0
4881,0.0
4882,0.0
4883,0.000346556269512
4884,0.000165679874678
4885,0.0
4886,0.0
4887,0.0
4888,0.000818625375734
4889,0.0
4890,0.00102958338734
4891,0.0
4892,0.000843201964575
4893,0.00104429449022
4894,0.0
4895,0.0
4896,0.0
4897,0.0
4898,0.00028151888709
4899,0.000476426029501
4900,0.0
4901,0.0
4902,0.0
4903,0.0
4904,0.0010261568937
4905,0.0
4906,0.0
4907,0.0
4908,0.0
4909,0.0
4910,0.000504618086511
4911,0.0
4912,0.0
4913,0.000243939525059
4914,0.0
4915,0.0
4916,0.0
4917,0.0
4918,0.0
4919,0.0
4920,0.000417326046283
4921,0.000656495365601
4922,0.0
4923,0.0
4924,0.0
4925,0.00117815245312
4926,0.0
4927,0.0
4928,0.00013597430643
4929,0.000922370939709
4930,0.0
4931,0.0
4932,0.0
4933,0.000646262987178
4934,0.0
4935,0.0
4936,0.0
4937,0.000219327134527
4938,0.0
4939,0.0
4940,0.0
4941,0.0
4942,0.0
4943,0.0
4944,0.0
4945,0.000639724844086
4946,0.000778278349769
4947,0.0
4948,8.77707562473e-06
4949,0.0
4950,0.0
4951,0.0
4952,0.000319244346865
4953,0.0
4954,0.0
4955,0.0
4956,0.0
4957,0.0
4958,0.0
4959,0.0
4960,0.0
4961,0.0
4962,0.0
4963,0.0
4964,0.00393796052659
4965,0.0
4966,0.000617745691227
4967,0.000690974558201
4968,0.0
4969,0.0
4970,0.0
4971,0.0
4972,0.0
4973,0.000906184681827
4974,0.0
4975,0.0
4976,0.0
4977,0.0
4978,0.0
4979,0.0
4980,0.0
4981,0.0
4982,0.0
4983,0.0
4984,0.0
4985,0.0
4986,0.0
4987,0.0
4988,0.0
4989,0.0
4990,0.0
4991,0.000571588895187
4992,0.0
4993,0.0
4994,0.0
4995,0.0
4996,0.0
4997,0.000265910202354
4998,0.000707607698915
4999,0.0
