0,0.0
1,0.0
2,0.0
3,0.0
4,0.0
5,0.0
6,0.0
7,0.0
8,0.0
9,0.0
10,2.36847578587e-15
11,0.0
12,1.05566349313e-13
13,0.0
14,0.0
15,0.0
16,0.0
17,0.0
18,0.0
19,0.0
20,0.0
21,4.9429059879e-15
22,0.0
23,0.0
24,3.63797880709e-14
25,0.0
26,9.21073916726e-16
27,1.33288016639e-13
28,0.0
29,0.0
30,0.0
31,0.0
32,0.0
33,0.0
34,7.1054273576e-15
35,0.0
36,0.0
37,0.0
38,0.0
39,0.0
40,0.0
41,4.73695157173e-15
42,5.19909318849e-16
43,0.0
44,0.0
45,1.2631870858e-15
46,0.0
47,0.0
48,4.09334402123e-15
49,2.13162820728e-14
50,0.0
51,0.0140056022409
52,2.54959452243e-14
53,0.0
54,6.69250818286e-13
55,0.0
56,0.0
57,0.0
58,2.59855629078e-13
59,0.0
60,0.0
61,0.0
62,0.0
63,0.0
64,0.0
65,0.0
66,0.0
67,0.0
68,9.74131169994e-16
69,0.0
70,0.0
71,8.7451413632e-16
72,2.15315980533e-16
73,5.51466003874e-15
74,0.0
75,8.23817664649e-15
76,1.6012230665e-15
77,0.0
78,0.0
79,0.0
80,0.0
81,0.0
82,7.29746593483e-15
83,0.0
84,0.0
85,0.0
86,0.0
87,1.38417416057e-16
88,0.0
89,0.0
90,7.93593185394e-15
91,0.0
92,0.0
93,9.23705556488e-15
94,2.10498285469e-14
95,0.0
96,0.0
97,0.0
98,0.0
99,0.0
100,0.0
101,0.0
102,0.0
103,0.0
104,0.0
105,3.26686315292e-15
106,0.0
107,2.23541534846e-15
108,0.0
109,0.0
110,0.0
111,0.0
112,1.44919485447e-13
113,0.0
114,2.13926845175e-15
115,0.0
116,0.0
117,0.0
118,8.79021941147e-16
119,0.0
120,2.59855629078e-13
121,0.0
122,4.26325641456e-16
123,0.0
124,0.0
125,0.00469433479142
126,0.0
127,1.17274043766e-15
128,0.0
129,2.41446560695e-16
130,0.0
131,0.0
132,4.3309271513e-15
133,0.0
134,0.0
135,0.0
136,0.00605082694635
137,0.0
138,0.0
139,7.67639919884e-15
140,0.299167877427
141,0.0
142,0.0
143,0.0
144,0.0
145,0.0
146,0.0
147,0.0
148,0.0
149,0.0
150,0.0
151,4.81723888651e-16
152,0.0
153,1.02366326338e-14
154,0.0
155,9.63447777302e-16
156,0.0
157,0.0
158,1.65592586724e-16
159,0.0
160,0.0
161,0.0
162,0.0
163,0.0
164,0.553278688525
165,7.80432185179e-15
166,1.11240706992e-14
167,0.0
168,9.24283233509e-16
169,5.7301833529e-16
170,0.0
171,2.84217094304e-16
172,0.0
173,0.0
174,1.80455297971e-15
175,0.0
176,9.86864910778e-17
177,0.0
178,4.51138244927e-16
179,0.0
180,0.0
181,2.18520087387e-16
182,0.0
183,0.0
184,0.0
185,0.0
186,2.03012210217e-15
187,0.00305612483369
188,0.0
189,7.54951656745e-15
190,0.0
191,0.0
192,0.0
193,0.0
194,2.51422814192e-15
195,0.0
196,9.22078359383e-16
197,0.0
198,0.0826023391813
199,5.87666924313e-16
200,0.0
201,4.42115480029e-15
202,0.0
203,0.0
204,0.0
205,0.0
206,0.0
207,1.93082265152e-17
208,0.0
209,9.81469102633e-14
210,0.0
211,2.1519294283e-14
212,5.02455220287e-15
213,0.0
214,9.1426477888e-15
215,0.0
216,0.0
217,0.0
218,0.0
219,0.0
220,4.93432455389e-15
221,0.0
222,0.0
223,0.0
224,0.0
225,6.12536841173e-18
226,7.73379848446e-16
227,0.0
228,0.0
229,0.0
230,0.0
231,0.0
232,0.0
233,7.15311478953e-17
234,3.43349509897e-15
235,0.0
236,0.0
237,0.0
238,0.0
239,0.0
240,0.00356597045339
241,0.0
242,0.0
243,9.34924652316e-16
244,0.0
245,0.0
246,0.0
247,0.0
248,0.0
249,0.0
250,0.0
251,0.0
252,2.76834832114e-16
253,0.0
254,0.0
255,0.0
256,0.0
257,0.0
258,0.0
259,0.0
260,0.0707203584188
261,0.0
262,0.0
263,0.0
264,0.0
265,9.0514998186e-17
266,0.0
267,7.19536947605e-16
268,0.0
269,0.0
270,0.0
271,5.48646922549e-15
272,0.0
273,0.0
274,0.0
275,0.0
276,0.0
277,0.0
278,5.80946890873e-15
279,0.0
280,0.0
281,0.0
282,0.0
283,0.0
284,0.0
285,0.0
286,0.0267861882769
287,0.0
288,0.0
289,0.0
290,0.0
291,1.37064570941e-15
292,1.25441495326e-14
293,0.0
294,0.0
295,0.0
296,0.0
297,0.0
298,0.0
299,5.1536278674e-15
300,0.0
301,0.0
302,0.546582154202
303,0.0
304,3.07024638909e-16
305,0.0
306,0.0
307,0.0
308,0.0
309,0.0
310,0.0
311,0.088761963569
312,0.0
313,2.75118681224e-15
314,0.0
315,0.0
316,0.0
317,0.0
318,0.0
319,0.147317073171
320,3.29275901938e-15
321,2.04497665414e-14
322,0.0
323,0.0
324,1.9886531446e-14
325,0.0
326,0.0
327,5.19909318849e-16
328,0.0
329,0.0
330,0.0
331,0.0
332,0.0
333,1.28411337788e-16
334,2.16801141965e-14
335,0.0
336,0.0
337,0.0
338,4.28037792627e-16
339,0.0
340,4.35686084682e-14
341,0.0
342,0.0
343,0.0
344,0.0
345,1.12070033892e-13
346,0.0
347,5.95664568901e-16
348,0.0
349,0.0
350,0.0
351,0.0
352,0.0
353,0.0
354,0.0
355,0.0
356,8.40878977231e-16
357,0.0
358,0.0
359,0.0
360,0.0
361,7.57211518996e-14
362,0.0
363,0.0
364,4.15522067696e-17
365,0.0
366,0.0
367,1.65242496688e-16
368,0.0
369,0.0
370,0.0
371,0.0
372,0.0
373,0.0
374,0.0
375,0.00960283423457
376,0.0
377,0.0
378,0.0
379,0.0
380,0.0
381,0.0
382,0.0
383,0.0
384,0.0
385,0.00244897959184
386,5.60313700199e-15
387,0.0
388,0.0
389,6.45984852911e-14
390,0.0
391,0.0
392,1.80680867093e-15
393,0.0
394,0.0
395,0.0
396,0.0
397,8.12048840869e-17
398,0.0
399,0.0
400,0.0
401,0.0
402,0.0
403,0.0
404,0.0
405,0.0
406,0.0
407,0.0
408,0.0
409,0.0
410,0.0
411,0.0
412,8.26813365248e-14
413,4.037174635e-16
414,0.0
415,0.0
416,0.0
417,0.0
418,0.0
419,2.00718286938e-16
420,0.0
421,0.0
422,0.0
423,0.0
424,0.0
425,0.0
426,0.0
427,0.0
428,0.0
429,3.61292916488e-16
430,6.20219506638e-15
431,4.41580231263e-16
432,0.0
433,0.0
434,0.0
435,0.0
436,5.62047287612e-14
437,0.0
438,0.0
439,1.03787141178e-15
440,0.0
441,0.0
442,0.0
443,0.0
444,1.03787141178e-15
445,0.0
446,0.292395903983
447,0.0
448,9.52047429656e-15
449,0.0
450,0.0
451,0.0
452,6.54657352049e-15
453,0.0
454,0.0
455,0.0
456,1.49253892641e-13
457,9.26100644361e-15
458,6.31593542898e-16
459,1.08555140186e-16
460,0.0
461,1.57898385724e-14
462,1.0164708581e-15
463,0.0
464,1.57026018953e-16
465,0.0422573336254
466,0.0
467,0.0
468,0.0
469,0.0
470,0.0
471,0.0
472,0.0
473,0.0
474,0.0
475,4.85602963611e-14
476,0.0
477,0.0
478,5.18185862543e-15
479,3.49382892169e-15
480,2.44005060357e-17
481,0.0
482,0.0
483,0.0
484,1.23954570661e-15
485,0.0
486,0.0
487,0.0
488,0.0
489,0.0
490,0.0
491,0.0
492,0.0
493,0.0
494,0.0
495,0.0
496,0.0
497,0.0
498,0.0
499,1.52259157663e-15
500,9.76020241429e-16
501,0.0
502,0.0
503,0.0
504,0.0
505,0.0
506,0.0
507,0.0
508,0.0
509,1.26189283673e-16
510,0.0
511,4.87284772338e-15
512,0.0
513,0.0
514,0.0
515,0.0
516,0.0
517,0.0
518,0.0
519,0.0
520,0.0
521,0.10817540761
522,2.12390491667e-16
523,0.0
524,0.0
525,2.03701789736e-15
526,6.95096154548e-16
527,0.0
528,1.06581410364e-14
529,0.0
530,0.0
531,0.0
532,0.0
533,0.0
534,0.0
535,0.0
536,0.0
537,0.0
538,0.0
539,7.72329060609e-16
540,0.0
541,0.0
542,8.4956196667e-16
543,0.0
544,0.0
545,0.0
546,0.0
547,0.0
548,0.0
549,0.0
550,0.0
551,0.0
552,0.0
553,0.0
554,2.08142681834e-14
555,2.39422008789e-15
556,2.74176816516e-15
557,0.0
558,0.0
559,0.0
560,0.0
561,3.84077154465e-16
562,3.82012223527e-17
563,0.0
564,0.0
565,0.0
566,0.0
567,0.0
568,0.0
569,0.0
570,0.0
571,0.0
572,5.7301833529e-17
573,0.0
574,0.0
575,0.0
576,0.0
577,0.0
578,0.0
579,0.0
580,0.0
581,0.0
582,0.0
583,0.0
584,0.0
585,0.0
586,0.0
587,0.0
588,0.0
589,0.0
590,0.0
591,0.0
592,0.0
593,0.0
594,0.0
595,3.43811001174e-16
596,0.0
597,0.0
598,1.85235071488e-16
599,0.0
600,0.0
601,0.0
602,0.0
603,0.0
604,0.0
605,0.0
606,0.0
607,2.01383770028e-15
608,0.0
609,2.35581013995e-15
610,0.0
611,0.0
612,2.46030171874e-15
613,0.0
614,0.0
615,0.0
616,8.13134467661e-15
617,0.0
618,0.061443769427
619,0.0
620,0.0
621,0.0
622,0.0
623,0.0
624,9.689219124e-16
625,0.0
626,0.0
627,0.0
628,0.0
629,0.0
630,3.09917576236e-15
631,0.0
632,0.0
633,0.0
634,0.0
635,0.0
636,3.02358610962e-16
637,0.0388489092938
638,3.77948263702e-16
639,0.0
640,0.0
641,0.0
642,0.0
643,1.62517753392e-15
644,1.57898385724e-15
645,0.0
646,0.0
647,6.01517659903e-16
648,0.0
649,0.311907128287
650,0.0
651,0.0
652,0.0
653,0.0
654,4.13543391183e-16
655,0.0
656,0.0
657,0.0
658,0.0
659,0.0
660,2.16170409028e-16
661,0.0
662,0.0
663,0.0
664,2.5611494113e-16
665,0.0
666,0.0
667,0.0
668,0.0
669,0.206028411757
670,4.69935671799e-15
671,4.32340818055e-16
672,0.185702553956
673,0.0
674,0.0
675,0.0
676,0.0
677,0.0
678,0.0
679,0.0
680,0.0
681,9.1622615927e-16
682,1.59311160755e-14
683,0.0
684,0.101795449001
685,0.0
686,0.0
687,0.0943324412727
688,2.46820108211e-15
689,1.86984930463e-16
690,0.0
691,0.0
692,0.0
693,0.0
694,0.0
695,0.0
696,0.0
697,0.0
698,1.8600595177e-17
699,0.0
700,1.14021648435e-13
701,0.0
702,0.0
703,3.29230534632e-15
704,0.0
705,0.0
706,0.0
707,0.0
708,3.72011903539e-17
709,0.0
710,9.63510830167e-15
711,0.0
712,3.66431724986e-15
713,0.185061567563
714,0.0
715,0.0
716,0.0
717,0.0
718,1.02303273473e-16
719,0.0
720,0.0
721,0.0
722,0.0
723,6.29126380621e-16
724,0.0
725,0.0
726,1.38777878078e-16
727,0.0
728,0.0
729,0.0
730,0.0
731,0.0359677095205
732,0.0
733,0.0
734,0.0
735,0.0
736,0.0
737,0.0871164117162
738,0.0
739,0.0
740,0.0
741,0.0
742,0.175112655824
743,0.0
744,1.24252939544e-15
745,1.35757841353e-16
746,0.0
747,0.0
748,0.0
749,0.0
750,0.0
751,0.0
752,0.0
753,0.0
754,0.0
755,0.064332816147
756,0.0
757,0.0
758,0.0
759,0.0
760,0.0
761,0.0
762,0.0
763,0.0
764,0.0
765,0.0
766,0.0
767,0.0
768,0.0
769,0.0
770,0.0
771,0.0
772,0.0
773,6.60841559943e-15
774,0.0
775,8.74372537529e-17
776,0.0
777,0.0
778,0.0
779,0.0
780,0.0
781,0.0
782,0.0
783,0.0
784,0.0
785,1.05845096648e-15
786,0.0
787,1.28854900267e-16
788,7.36313715814e-17
789,0.0
790,0.0
791,4.04972543697e-16
792,0.0
793,2.46204898725e-16
794,0.0
795,6.53478422785e-16
796,0.0
797,0.0
798,0.0
799,1.93282350401e-16
800,0.0
801,0.0
802,0.0
803,0.0
804,2.08376781575e-14
805,0.0
806,0.0
807,6.90294108575e-18
808,0.0
809,0.0
810,0.0
811,0.0079449390367
812,0.0
813,0.0
814,0.0
815,0.0
816,0.0
817,0.0
818,0.0
819,0.0
820,0.0
821,0.0
822,0.0
823,0.0
824,0.0
825,0.0
826,0.0
827,0.170345647368
828,9.8382840336e-16
829,0.0
830,1.16601884843e-15
831,0.0
832,0.0
833,0.0
834,0.0
835,0.0
836,0.0
837,0.0
838,0.0
839,1.63134811782e-15
840,0.0
841,0.0
842,0.0
843,0.0
844,5.23844006721e-15
845,2.55577871791e-15
846,0.0
847,0.0
848,0.0
849,0.0
850,0.0
851,0.235872886162
852,0.0
853,0.0
854,0.0
855,0.0
856,0.0
857,0.0
858,0.0
859,0.0
860,0.0
861,0.0332879899782
862,0.0
863,0.0
864,0.229339122936
865,0.0
866,0.0
867,0.0
868,0.0
869,0.0
870,4.7707869401e-14
871,6.34413156929e-16
872,0.0
873,0.0
874,0.0
875,0.0
876,0.0
877,0.0
878,0.0
879,0.142987209543
880,4.35026164751e-16
881,0.0
882,0.0
883,0.0
884,0.0
885,1.23257413346e-15
886,7.25043607918e-16
887,0.0
888,1.45008721584e-16
889,0.0
890,0.0
891,0.0
892,0.0
893,0.0
894,0.0
895,5.26789496378e-17
896,0.0
897,4.53152254949e-16
898,0.0
899,0.0
900,0.0
901,0.0
902,7.77719682225e-17
903,0.0
904,0.0
905,0.0
906,0.0
907,0.0
908,9.73840297742e-16
909,0.0
910,0.0
911,0.0
912,0.0
913,0.0
914,0.0
915,0.0
916,0.0
917,0.0
918,0.0
919,0.0
920,0.0
921,0.0
922,0.0
923,0.0
924,0.0
925,0.0
926,0.0
927,0.0
928,0.0
929,0.0
930,5.7709054681e-16
931,0.0
932,0.0
933,0.0
934,0.0
935,1.42469228744e-14
936,0.0
937,0.0
938,5.22988308047e-16
939,0.0
940,0.0
941,0.0
942,0.0
943,2.88545273405e-16
944,0.0
945,1.23533445177e-15
946,0.0
947,0.0
948,0.0
949,1.11811293444e-15
950,0.0
951,0.0
952,0.0
953,0.0
954,2.89987999772e-14
955,0.0
956,2.97562313199e-16
957,0.0
958,1.6230671629e-16
959,0.079239736035
960,0.0
961,0.0
962,0.0
963,0.0
964,0.0
965,0.0
966,0.0
967,2.88545273405e-16
968,0.0
969,1.65913532208e-15
970,0.0
971,0.0
972,7.45709190956e-15
973,2.34443034642e-14
974,0.0
975,0.0
976,2.86741865446e-15
977,0.0
978,0.0
979,2.15315980533e-16
980,0.0
981,0.0
982,0.0
983,0.0
984,0.0
985,0.0
986,2.49939655795e-16
987,0.0
988,0.187773358833
989,0.0
990,0.0275042371512
991,0.0
992,0.0
993,0.0
994,0.0
995,3.72053030483e-14
996,0.0
997,0.0
998,0.0
999,0.0
1000,2.74933621375e-15
1001,0.0
1002,0.0
1003,1.83884175335e-15
1004,0.0
1005,0.0
1006,0.0
1007,5.71290641817e-16
1008,3.04390795093e-15
1009,0.0
1010,6.96260469715e-16
1011,1.09750288143e-14
1012,1.07116995341e-16
1013,0.0251897784756
1014,0.0
1015,0.0
1016,2.62436638585e-15
1017,4.64173646476e-16
1018,0.0
1019,6.38238763905e-16
1020,0.0
1021,0.0599547450339
1022,0.0
1023,5.40048184843e-16
1024,0.0
1025,0.0
1026,0.0
1027,0.0
1028,1.1961397813e-15
1029,0.0
1030,1.3211096092e-15
1031,0.0
1032,2.30926389122e-16
1033,0.0
1034,0.0
1035,0.0
1036,0.0
1037,0.0
1038,0.0
1039,0.0
1040,0.0
1041,0.0
1042,0.0
1043,9.89810776183e-16
1044,0.0
1045,0.0
1046,0.0
1047,0.0
1048,0.0
1049,0.0
1050,0.0
1051,0.0
1052,0.0
1053,0.0
1054,0.0
1055,4.86067791876e-16
1056,0.0
1057,0.0
1058,1.67914328103e-16
1059,0.0
1060,0.0
1061,0.0
1062,0.0
1063,4.59908507077e-14
1064,0.0
1065,0.0
1066,0.0
1067,0.0
1068,0.0
1069,0.0
1070,0.0
1071,0.0
1072,0.0
1073,0.0
1074,0.0
1075,4.3969228698e-17
1076,2.46227680709e-16
1077,0.0
1078,0.0
1079,0.0
1080,0.0
1081,0.126932625695
1082,0.0
1083,0.0
1084,4.30898441241e-15
1085,0.0
1086,0.0
1087,0.0
1088,0.0
1089,0.0
1090,0.0
1091,0.0
1092,0.0
1093,9.67323031357e-17
1094,0.0
1095,0.0105487758249
1096,0.0
1097,0.257880698267
1098,3.30648599809e-15
1099,0.0
1100,0.0
1101,0.0
1102,0.0
1103,0.0
1104,4.20025262518e-16
1105,0.0
1106,0.0
1107,0.0
1108,0.0
1109,0.0
1110,0.0
1111,0.0
1112,2.80016841679e-16
1113,7.17543156802e-16
1114,0.0
1115,0.0
1116,0.0
1117,0.0
1118,0.0
1119,0.0
1120,0.0
1121,0.0
1122,0.0
1123,0.0
1124,0.0
1125,0.0
1126,0.0
1127,0.0
1128,0.0
1129,0.0
1130,0.0
1131,0.0
1132,0.0
1133,0.0
1134,0.0
1135,0.0
1136,0.0
1137,0.0
1138,0.0
1139,0.0
1140,0.0
1141,7.07042525239e-15
1142,0.0
1143,0.0
1144,0.0
1145,0.0
1146,0.0
1147,0.0
1148,0.0
1149,0.0
1150,2.36264210167e-16
1151,0.0
1152,0.0
1153,0.0
1154,0.0
1155,0.0
1156,0.0
1157,0.0
1158,0.0
1159,1.31257894537e-16
1160,0.0
1161,0.0
1162,0.0
1163,0.0
1164,0.0
1165,0.232679015776
1166,0.0
1167,0.0
1168,0.0
1169,0.0
1170,0.0
1171,0.0
1172,4.35381578284e-16
1173,0.0
1174,0.0
1175,0.0
1176,2.041068839e-14
1177,0.0571688355159
1178,0.0
1179,0.0
1180,0.0
1181,0.0
1182,0.0
1183,0.0
1184,0.0
1185,0.0
1186,0.0
1187,0.0
1188,0.0
1189,0.0
1190,0.0
1191,0.0
1192,0.0
1193,0.100145424719
1194,0.0
1195,0.0
1196,0.0
1197,0.0
1198,0.0
1199,2.11429789665e-14
1200,2.77284970053e-16
1201,0.0
1202,0.0
1203,0.0
1204,0.0
1205,0.0
1206,0.0
1207,0.0
1208,0.0
1209,3.81266833822e-16
1210,0.0
1211,3.98597144451e-16
1212,0.0
1213,2.83177275666e-14
1214,0.0
1215,0.0
1216,0.0
1217,3.91015133551e-16
1218,0.0
1219,0.0
1220,0.0
1221,0.0
1222,0.0
1223,0.0
1224,0.0
1225,0.0
1226,0.0
1227,1.18539324698e-14
1228,0.0
1229,2.25294038168e-16
1230,0.0
1231,0.124144805039
1232,0.0
1233,8.66515531415e-17
1234,0.0
1235,0.0
1236,0.0
1237,0.0
1238,0.0
1239,0.0
1240,0.0
1241,1.96049138983e-16
1242,0.00169181155787
1243,0.0
1244,0.0
1245,4.93913852906e-16
1246,0.0
1247,0.0
1248,0.0
1249,0.0
1250,0.0
1251,0.0
1252,0.0
1253,0.0
1254,0.0
1255,0.0
1256,0.0
1257,2.88722975067e-14
1258,5.84897983705e-16
1259,0.0
1260,0.0
1261,0.0
1262,0.0
1263,0.0
1264,0.0
1265,0.0
1266,0.0
1267,2.25294038168e-16
1268,4.15927455079e-16
1269,0.0
1270,0.0
1271,1.0398186377e-16
1272,0.0
1273,0.0
1274,2.65153752613e-15
1275,0.0
1276,7.88529133587e-16
1277,0.0
1278,0.0
1279,6.93296552853e-15
1280,0.0
1281,1.89708011975e-16
1282,0.0
1283,0.0
1284,0.0
1285,0.0
1286,0.0
1287,0.0
1288,0.0
1289,2.93185109416e-15
1290,0.0
1291,0.0
1292,3.10431292322e-16
1293,1.67287974196e-15
1294,6.07065638319e-15
1295,8.14019833201e-15
1296,0.0
1297,0.0
1298,0.0
1299,0.0
1300,0.0
1301,0.0
1302,0.0
1303,0.0
1304,7.54520502172e-17
1305,0.0
1306,7.58832047899e-16
1307,1.37969463254e-15
1308,0.0
1309,3.51822131299e-15
1310,0.0
1311,0.0
1312,1.57802573597e-15
1313,0.0
1314,0.0
1315,0.0
1316,0.0460135926801
1317,1.1468711633e-14
1318,1.79360302231e-15
1319,0.0
1320,2.46620415567e-15
1321,0.0
1322,0.0
1323,8.27816779526e-16
1324,0.0
1325,0.0
1326,0.0
1327,0.0
1328,0.0
1329,4.29071700338e-17
1330,0.0
1331,2.67740741011e-15
1332,0.0
1333,0.0
1334,0.0
1335,0.0
1336,0.0
1337,0.0
1338,0.0
1339,2.04238129361e-14
1340,0.0
1341,0.0
1342,0.0
1343,0.0
1344,0.0
1345,0.0
1346,0.0
1347,0.0
1348,0.0
1349,0.0672935211927
1350,0.0
1351,0.0
1352,0.0
1353,0.0
1354,0.0
1355,0.0
1356,0.0
1357,0.0
1358,0.0
1359,3.39972600842e-16
1360,2.03983560505e-16
1361,0.0
1362,0.0
1363,0.0
1364,1.49800427246e-16
1365,0.0
1366,6.79945201684e-17
1367,0.0
1368,0.0
1369,0.0
1370,1.05391506261e-15
1371,0.0
1372,1.35989040337e-16
1373,0.0
1374,0.0
1375,0.0
1376,5.31207188816e-16
1377,0.0
1378,0.0
1379,0.0
1380,0.0
1381,0.0
1382,3.00875751745e-15
1383,0.0
1384,0.0
1385,0.0
1386,0.0
1387,0.0
1388,0.0
1389,0.0
1390,0.0
1391,0.0
1392,0.0
1393,2.03303615304e-14
1394,0.0
1395,9.34924652316e-17
1396,0.0
1397,0.0
1398,0.0
1399,4.07967121011e-16
1400,0.0
1401,0.0
1402,0.0
1403,0.0
1404,0.0
1405,2.07383286514e-15
1406,0.0
1407,6.79945201684e-17
1408,6.76707367391e-17
1409,0.0
1410,0.0
1411,0.0
1412,0.0
1413,0.0
1414,0.0
1415,0.072417409002
1416,2.53765262771e-16
1417,0.0
1418,0.0
1419,0.0
1420,0.0
1421,2.1147105231e-16
1422,0.0
1423,0.0
1424,0.0
1425,0.0
1426,0.0
1427,0.0
1428,0.0188470704158
1429,0.32304847023
1430,0.0
1431,0.0
1432,1.18423789293e-15
1433,0.0
1434,0.0
1435,0.0
1436,0.0
1437,0.0
1438,0.0
1439,0.0
1440,0.0
1441,0.0
1442,0.0
1443,8.45884209238e-17
1444,0.0
1445,0.0
1446,0.0
1447,0.0
1448,0.0
1449,1.31112052432e-16
1450,0.0
1451,0.0
1452,0.0
1453,0.0
1454,2.97751241652e-15
1455,0.0
1456,0.0
1457,0.0
1458,0.0
1459,2.70682946956e-16
1460,0.0
1461,0.0
1462,0.0
1463,0.0
1464,0.0
1465,0.0
1466,5.87466583316e-15
1467,0.0
1468,0.0
1469,0.0
1470,0.0
1471,0.0789975385367
1472,0.0
1473,5.6217464546e-14
1474,0.0
1475,0.0
1476,0.0361776142704
1477,0.0793823733833
1478,0.0
1479,1.2265321034e-16
1480,0.0
1481,0.0
1482,0.0
1483,1.4380031557e-16
1484,0.0
1485,0.0
1486,0.0
1487,0.0
1488,6.94547105453e-16
1489,0.0
1490,0.0
1491,0.0
1492,3.36750111735e-16
1493,0.0
1494,0.0
1495,1.68375055867e-16
1496,0.0
1497,0.0
1498,0.0
1499,0.0
1500,0.0
1501,0.0
1502,0.0
1503,0.0
1504,0.0
1505,0.0
1506,0.0
1507,0.0
1508,3.19912606148e-15
1509,0.0
1510,0.0
1511,0.0
1512,0.0
1513,0.0
1514,6.73500223469e-17
1515,1.17862539107e-15
1516,0.0
1517,0.0
1518,0.0
1519,0.0
1520,0.0
1521,1.93631314247e-16
1522,7.40850245816e-16
1523,0.0
1524,0.0
1525,0.0
1526,0.0
1527,0.0
1528,1.22071915504e-16
1529,0.0
1530,0.0
1531,0.0
1532,0.0
1533,1.41435046929e-14
1534,0.0
1535,0.0
1536,5.64056437156e-16
1537,1.27965042459e-15
1538,0.0
1539,0.0
1540,0.0
1541,0.0
1542,0.0
1543,6.73500223469e-17
1544,1.38067545811e-15
1545,0.0355081393793
1546,0.0
1547,0.0
1548,0.0
1549,0.0
1550,0.0
1551,0.0
1552,0.0
1553,0.0
1554,6.28428127146e-17
1555,0.0
1556,0.0
1557,0.0
1558,0.0
1559,0.0
1560,0.0
1561,0.0
1562,0.0
1563,0.0
1564,5.1531106426e-16
1565,0.0
1566,1.7763568394e-15
1567,0.128392505671
1568,0.0
1569,0.0
1570,3.50267545797e-15
1571,0.0
1572,0.0
1573,0.0
1574,0.0
1575,0.0
1576,0.0
1577,9.24039144627e-15
1578,1.56786425262e-15
1579,0.0
1580,1.00076441656e-15
1581,2.66870511084e-16
1582,0.0
1583,0.0
1584,0.0
1585,0.0
1586,0.0
1587,0.0
1588,0.0
1589,0.0
1590,0.0
1591,0.0
1592,0.0
1593,0.0
1594,0.0
1595,7.74549959903e-16
1596,0.0146028296685
1597,0.0
1598,0.0
1599,1.00076441656e-16
1600,0.0
1601,1.58454365956e-16
1602,7.21384350273e-15
1603,0.0
1604,0.0
1605,0.26036812823
1606,0.0
1607,0.0
1608,0.0
1609,0.0
1610,0.0
1611,4.11193712824e-18
1612,0.0
1613,0.0
1614,0.0
1615,0.0
1616,0.0
1617,0.0
1618,0.0
1619,3.28954970259e-17
1620,0.0
1621,1.51319286319e-15
1622,0.0
1623,8.94757519105e-15
1624,0.0
1625,0.0
1626,0.0
1627,0.0
1628,0.0
1629,0.0
1630,0.0
1631,0.0
1632,0.0
1633,0.0
1634,0.0
1635,0.0
1636,0.0
1637,0.0
1638,0.0
1639,2.29207334116e-16
1640,0.0
1641,0.0
1642,0.0
1643,6.51874069505e-17
1644,0.0
1645,0.0
1646,0.0
1647,0.0
1648,5.4594453321e-16
1649,0.0
1650,0.0
1651,0.0
1652,5.70389810817e-16
1653,0.0
1654,0.0
1655,7.57803605799e-14
1656,1.3852323977e-16
1657,0.0
1658,0.0
1659,0.0
1660,0.0
1661,1.42597452704e-15
1662,0.0
1663,0.0
1664,0.0
1665,0.0
1666,0.0
1667,0.199353114404
1668,0.0
1669,0.0
1670,0.0
1671,1.14077962163e-16
1672,0.0
1673,0.0
1674,0.0
1675,0.0
1676,0.0
1677,1.30374813901e-16
1678,4.10354726753e-14
1679,0.0
1680,0.0
1681,0.0
1682,0.0
1683,0.0
1684,1.66227887724e-15
1685,5.54092959079e-16
1686,0.0
1687,3.5649363176e-17
1688,0.0
1689,0.0
1690,0.0
1691,9.77811104257e-17
1692,6.96690411783e-16
1693,0.0
1694,0.0
1695,0.0
1696,0.0
1697,0.0
1698,1.14077962163e-16
1699,0.0
1700,8.86548734526e-15
1701,0.0
1702,0.0
1703,0.0
1704,0.0
1705,0.0
1706,0.0
1707,0.0
1708,0.0
1709,0.0
1710,0.0
1711,0.0
1712,0.0
1713,0.0
1714,0.0
1715,0.0
1716,0.0
1717,0.0
1718,0.0
1719,1.20046032982e-15
1720,1.94669242674e-16
1721,0.0
1722,3.11470788278e-15
1723,0.0
1724,0.0
1725,0.0
1726,0.0
1727,0.0
1728,0.0
1729,0.0
1730,0.0
1731,0.0
1732,0.0
1733,0.0
1734,0.0
1735,0.0
1736,0.0
1737,0.0
1738,0.0
1739,0.0
1740,0.0
1741,0.0
1742,0.0
1743,2.83892645566e-16
1744,9.7334621337e-17
1745,0.0
1746,1.80069049473e-15
1747,0.0
1748,0.0
1749,0.0
1750,1.29779495116e-16
1751,1.46650829481e-14
1752,0.0
1753,0.0
1754,0.0
1755,1.7033558734e-16
1756,1.29779495116e-16
1757,1.39391288973e-14
1758,1.62224368895e-17
1759,0.0
1760,0.0
1761,2.20625141697e-15
1762,0.0
1763,0.0
1764,0.0
1765,7.40554244006e-15
1766,0.0
1767,1.71552270106e-15
1768,0.0
1769,0.0
1770,0.0
1771,0.0
1772,0.0
1773,0.0
1774,0.0
1775,0.0
1776,0.0
1777,0.0
1778,0.0
1779,0.0
1780,9.95246503171e-15
1781,0.0
1782,0.0
1783,0.0
1784,5.18469082988e-14
1785,0.0
1786,0.0
1787,0.0
1788,0.0
1789,0.0
1790,6.4889747558e-16
1791,0.0
1792,0.0
1793,0.0
1794,0.0
1795,0.0
1796,0.0
1797,0.0
1798,0.0
1799,0.0
1800,0.0
1801,0.0
1802,6.81342349359e-16
1803,0.0
1804,0.0
1805,0.0
1806,0.0
1807,0.0
1808,0.0
1809,0.12833169084
1810,0.0
1811,0.0
1812,0.0
1813,0.0
1814,0.0
1815,1.07068083471e-15
1816,0.0
1817,0.0
1818,0.0
1819,0.0
1820,1.13557058227e-16
1821,0.0
1822,0.0
1823,0.0
1824,0.0
1825,0.0
1826,0.0929571069196
1827,0.0
1828,0.0
1829,0.0
1830,0.0
1831,0.0
1832,0.0
1833,0.0
1834,0.0
1835,0.0
1836,5.55618463465e-16
1837,0.0
1838,0.0
1839,0.0
1840,0.0
1841,0.0575603046038
1842,0.0
1843,0.0
1844,7.13787223138e-16
1845,1.03823596093e-15
1846,0.0
1847,0.0
1848,0.0
1849,0.0
1850,0.0
1851,0.0
1852,0.0
1853,1.94263681752e-15
1854,3.08226300901e-16
1855,6.52141962958e-15
1856,2.0115821743e-15
1857,0.0
1858,0.0
1859,0.0
1860,0.0
1861,0.0
1862,0.0
1863,1.13557058227e-16
1864,1.10647158609e-14
1865,0.0
1866,0.0
1867,1.01390230559e-15
1868,0.0
1869,0.0
1870,0.0
1871,0.0
1872,0.0
1873,0.0
1874,0.0
1875,0.0
1876,0.0
1877,0.0
1878,0.0
1879,4.25027846505e-15
1880,0.0
1881,0.0
1882,0.0
1883,0.0
1884,0.0
1885,0.0
1886,0.0
1887,0.0
1888,0.0
1889,0.0
1890,0.0
1891,0.0
1892,0.0
1893,0.0
1894,6.16452601801e-16
1895,0.0
1896,0.0
1897,0.0
1898,0.0
1899,0.0
1900,0.0
1901,0.0
1902,0.0
1903,2.27114116453e-16
1904,0.0
1905,0.0
1906,0.0
1907,8.76011592033e-16
1908,0.0
1909,0.0
1910,0.0
1911,0.0
1912,0.0540111599641
1913,0.0
1914,0.0
1915,0.0
1916,0.0
1917,1.24912764049e-15
1918,0.0
1919,1.94669242674e-16
1920,0.0
1921,0.0
1922,0.0
1923,0.0
1924,0.0
1925,0.0
1926,0.0
1927,0.0
1928,0.0
1929,7.62454533807e-16
1930,2.16366752014e-15
1931,0.0
1932,0.0
1933,0.0
1934,7.78676970696e-16
1935,0.0
1936,0.0
1937,0.0
1938,0.0
1939,0.0
1940,0.0
1941,0.0
1942,5.44262757643e-15
1943,0.0
1944,0.0
1945,0.0
1946,0.0
1947,0.0
1948,1.50057541228e-16
1949,0.0
1950,0.0
1951,5.5642958531e-15
1952,1.62224368895e-16
1953,0.0
1954,0.0677407318591
1955,0.0
1956,0.0
1957,0.0
1958,1.62224368895e-16
1959,0.0
1960,0.0
1961,0.0
1962,0.0
1963,0.0
1964,1.96291486363e-15
1965,0.0
1966,0.0
1967,0.0
1968,0.0
1969,0.0
1970,0.0
1971,0.0
1972,0.0
1973,0.0
1974,0.0
1975,0.0
1976,0.0
1977,0.0
1978,0.0
1979,0.0
1980,0.0
1981,0.0
1982,0.0
1983,0.0
1984,0.0
1985,0.0
1986,0.0
1987,0.0
1988,0.0
1989,1.5776319875e-15
1990,0.0
1991,0.0
1992,0.0
1993,0.0
1994,0.0
1995,0.0
1996,0.0
1997,0.0
1998,0.0
1999,0.0
2000,1.07068083471e-15
2001,0.0
2002,0.0
2003,0.0
2004,0.0
2005,0.0126623285257
2006,0.0
2007,0.0
2008,4.21783359127e-16
2009,0.0
2010,0.0
2011,0.0
2012,0.0
2013,0.0
2014,5.35340417354e-15
2015,0.0
2016,0.0
2017,0.161050599467
2018,0.0
2019,0.0
2020,3.48782393124e-16
2021,0.0
2022,1.62224368895e-15
2023,0.0
2024,0.0
2025,0.0
2026,0.0
2027,0.0
2028,3.4067117468e-16
2029,0.0
2030,0.0
2031,0.0
2032,1.10247681101e-13
2033,0.0
2034,0.0
2035,0.0
2036,3.32559956235e-15
2037,0.0
2038,0.0
2039,0.0
2040,8.51353487961e-14
2041,0.0
2042,0.0
2043,4.38005796017e-15
2044,0.0
2045,0.0
2046,0.0
2047,0.0
2048,0.0
2049,0.0
2050,0.0
2051,0.0
2052,0.0
2053,0.0
2054,0.0
2055,0.0
2056,0.0828802028485
2057,5.67785291133e-16
2058,8.92234028923e-16
2059,3.25259859634e-14
2060,0.0
2061,0.0355234084508
2062,0.0
2063,0.0
2064,3.48275441971e-15
2065,4.62339451351e-15
2066,0.0
2067,0.0
2068,0.0
2069,0.0
2070,0.0
2071,0.0
2072,0.0
2073,0.0
2074,0.0
2075,2.75781427122e-16
2076,0.0
2077,0.0
2078,0.0
2079,0.0
2080,0.0
2081,0.0
2082,1.42757444628e-15
2083,0.0
2084,0.0
2085,0.0
2086,0.0
2087,0.0
2088,0.0
2089,0.0
2090,0.0
2091,0.0
2092,0.0
2093,0.0
2094,0.0
2095,6.22941576557e-15
2096,3.2444873779e-16
2097,9.08456465812e-16
2098,0.0329315305777
2099,4.21783359127e-16
2100,7.01620395471e-16
2101,0.0
2102,6.81342349359e-16
2103,0.0
2104,1.62224368895e-17
2105,0.0
2106,0.0006972545224
2107,1.46001932006e-16
2108,0.0
2109,0.0
2110,0.0
2111,0.0
2112,0.0
2113,0.0
2114,0.0
2115,5.67785291133e-16
2116,0.0
2117,0.0
2118,0.0
2119,1.47624175694e-15
2120,0.0
2121,2.18394556625e-15
2122,2.49825528098e-15
2123,7.70565752251e-17
2124,0.0
2125,0.0
2126,0.0
2127,4.21783359127e-16
2128,0.0
2129,0.0
2130,0.0
2131,1.62224368895e-16
2132,0.0
2133,0.0
2134,0.0
2135,0.0
2136,9.03589734745e-15
2137,0.0
2138,0.0
2139,0.0
2140,0.0
2141,4.05560922238e-17
2142,0.0
2143,4.86673106685e-17
2144,4.21783359127e-16
2145,0.0
2146,0.0
2147,0.0
2148,0.0
2149,0.0
2150,0.0
2151,0.0
2152,8.40322230876e-15
2153,0.0
2154,0.0
2155,0.0
2156,0.0
2157,0.0
2158,4.05560922238e-17
2159,1.13557058227e-16
2160,8.35455499809e-16
2161,0.0
2162,3.67762644285e-14
2163,0.0047479930211
2164,0.0
2165,4.4043916155e-15
2166,6.4889747558e-16
2167,0.0
2168,0.0
2169,0.0
2170,6.4889747558e-17
2171,0.0
2172,0.0
2173,0.0
2174,0.0
2175,0.0
2176,0.0
2177,0.0
2178,3.85282876126e-16
2179,0.0
2180,0.0
2181,5.03868889788e-14
2182,0.0
2183,0.0
2184,0.0
2185,1.29779495116e-16
2186,0.0
2187,1.29779495116e-16
2188,0.0
2189,0.0
2190,0.0
2191,0.0
2192,8.11121844475e-17
2193,0.0
2194,0.0
2195,0.0
2196,0.0
2197,0.0
2198,0.0
2199,0.0
2200,0.0
2201,0.0
2202,0.0
2203,5.47507245021e-15
2204,0.0
2205,0.00158227573751
2206,0.0
2207,0.0345982228391
2208,2.59558990232e-16
2209,0.0
2210,0.0
2211,1.31401738805e-15
2212,0.0
2213,0.0
2214,7.30009660028e-15
2215,0.0
2216,0.0
2217,0.0
2218,0.0
2219,0.0
2220,0.0
2221,0.0
2222,0.0
2223,0.0
2224,1.62224368895e-16
2225,0.0
2226,2.75781427122e-16
2227,0.0
2228,0.0
2229,0.0
2230,0.0
2231,0.0
2232,0.0
2233,0.0
2234,0.0
2235,0.0
2236,0.0
2237,0.0
2238,2.5837917664e-15
2239,0.0
2240,0.0
2241,0.0
2242,0.0
2243,0.0
2244,0.0
2245,0.0
2246,0.0
2247,0.0
2248,0.0
2249,0.0216004784326
2250,8.57899609938e-18
2251,0.0
2252,0.0
2253,0.0
2254,5.04646829375e-16
2255,0.0
2256,0.0
2257,0.0
2258,0.0
2259,0.0
2260,0.0
2261,0.0
2262,0.0
2263,0.0
2264,0.0
2265,0.0
2266,0.0
2267,0.0
2268,0.0
2269,0.0
2270,0.0
2271,0.0
2272,0.0147330442739
2273,0.0
2274,0.0
2275,2.17603712827e-15
2276,0.0
2277,0.0
2278,0.0
2279,0.0
2280,0.0
2281,0.0
2282,0.0
2283,4.844609562e-16
2284,0.0
2285,0.0
2286,0.0
2287,0.0
2288,0.0
2289,0.0
2290,4.85470249859e-16
2291,0.0
2292,0.001207903421
2293,0.0
2294,0.0
2295,0.0
2296,0.0
2297,0.0
2298,2.21843659581e-15
2299,0.0
2300,0.0
2301,0.0
2302,0.0
2303,0.0699744426586
2304,0.0
2305,0.0
2306,0.0
2307,0.0
2308,0.0
2309,0.0
2310,0.0
2311,1.12529392541e-15
2312,3.05436922612e-16
2313,0.0
2314,0.0
2315,0.0
2316,0.0
2317,0.0
2318,1.06099141539e-15
2319,0.0
2320,0.0
2321,0.0
2322,0.0
2323,0.0
2324,0.0
2325,0.0
2326,0.0
2327,0.0
2328,0.0
2329,0.0
2330,4.17966315153e-16
2331,0.0
2332,0.0
2333,0.0
2334,0.0
2335,0.0
2336,0.0
2337,6.43025100235e-17
2338,4.82268825177e-17
2339,0.0
2340,0.0
2341,0.0
2342,0.0
2343,2.41134412588e-16
2344,0.0
2345,0.0
2346,0.0
2347,0.0
2348,0.0
2349,8.60046071565e-16
2350,1.07706704289e-15
2351,0.0
2352,0.0
2353,0.0
2354,0.0
2355,0.0
2356,0.0
2357,6.60132609237e-17
2358,0.0
2359,0.0
2360,0.0
2361,0.0
2362,0.0
2363,0.0
2364,0.0
2365,0.0
2366,1.79236005417e-15
2367,0.0
2368,4.76095639389e-15
2369,0.0
2370,0.0
2371,0.0
2372,2.40048221541e-17
2373,0.0
2374,5.24105283697e-16
2375,0.0
2376,0.0
2377,0.0
2378,0.0
2379,0.0
2380,2.40048221541e-16
2381,0.0
2382,0.0
2383,1.08821860432e-15
2384,0.0
2385,0.0
2386,0.0
2387,0.0
2388,0.0
2389,0.0
2390,9.76196100932e-16
2391,0.0
2392,0.0
2393,0.0
2394,0.0
2395,0.0
2396,0.0
2397,2.88057865849e-16
2398,9.31387099577e-15
2399,1.12382575718e-14
2400,6.81736949175e-15
2401,0.0
2402,0.0
2403,5.44109302159e-16
2404,0.0
2405,0.0
2406,0.0
2407,0.0
2408,0.0
2409,0.0
2410,0.0
2411,1.55231183263e-15
2412,0.0
2413,8.80176812315e-17
2414,0.0
2415,4.84097246773e-16
2416,0.0
2417,0.0
2418,1.66433433601e-15
2419,0.0
2420,0.0
2421,0.0
2422,1.60032147694e-16
2423,3.80076350773e-15
2424,0.0
2425,0.0
2426,0.0
2427,0.0
2428,3.29066103695e-16
2429,0.0
2430,0.0
2431,0.0
2432,0.0
2433,0.0
2434,0.0
2435,0.0
2436,0.0
2437,2.84057062156e-16
2438,0.0
2439,0.0
2440,0.0
2441,0.0
2442,0.0
2443,1.27625637786e-15
2444,0.0
2445,0.0
2446,0.0
2447,0.0
2448,0.0
2449,7.39988650936e-14
2450,0.0
2451,5.60112516928e-17
2452,1.60032147694e-16
2453,0.0
2454,0.0
2455,0.0
2456,0.0
2457,0.0
2458,0.0
2459,0.0
2460,0.0
2461,0.0
2462,0.0
2463,9.12075596912e-16
2464,0.0
2465,0.0
2466,0.0
2467,0.0
2468,0.0
2469,0.0968604745361
2470,0.0
2471,0.0
2472,0.0
2473,0.0
2474,0.0
2475,0.0
2476,0.0
2477,0.0
2478,0.0
2479,4.14217738335e-16
2480,0.0
2481,0.0
2482,0.0
2483,0.0
2484,0.0
2485,0.0
2486,0.0
2487,0.0
2488,0.0
2489,2.8039354595e-15
2490,1.55331651876e-16
2491,0.0
2492,0.0
2493,0.0
2494,0.0
2495,0.0458231914257
2496,0.0
2497,5.15780741485e-16
2498,0.0
2499,0.0
2500,0.0
2501,0.0
2502,0.0
2503,0.0
2504,0.0
2505,0.0850486369607
2506,0.0
2507,8.12504025197e-16
2508,0.0
2509,0.0
2510,0.0
2511,0.0
2512,0.0
2513,0.0280550749246
2514,0.0
2515,0.0
2516,0.0
2517,0.0
2518,0.0
2519,0.0
2520,0.0
2521,0.0
2522,0.0
2523,0.0
2524,2.27182498026e-14
2525,4.52771850904e-14
2526,0.0
2527,0.0
2528,5.89463704554e-16
2529,0.0
2530,0.0
2531,0.0
2532,0.0
2533,0.0
2534,0.0
2535,0.0
2536,0.0
2537,0.0
2538,0.0
2539,0.0
2540,0.0
2541,0.0154247981657
2542,1.46569353565e-15
2543,0.0
2544,5.57600801605e-16
2545,0.0
2546,1.4338306327e-16
2547,0.0
2548,0.0
2549,0.0
2550,0.0
2551,0.0
2552,0.0
2553,0.00505579322161
2554,9.55887088467e-17
2555,0.0
2556,0.0
2557,0.0
2558,7.77454831953e-15
2559,7.1691531635e-16
2560,0.0
2561,0.0
2562,0.0
2563,0.0
2564,0.0
2565,0.0
2566,0.0
2567,9.73411685088e-15
2568,0.0
2569,0.0
2570,0.0
2571,0.0
2572,3.18629029489e-17
2573,2.07108869168e-16
2574,0.0
2575,0.0
2576,0.0
2577,2.70834675066e-16
2578,0.0
2579,0.0
2580,1.3701048268e-15
2581,1.26882631386e-16
2582,0.0
2583,3.33066907388e-16
2584,0.0
2585,7.61295788314e-16
2586,0.0
2587,0.0
2588,0.0
2589,0.0219108415411
2590,1.07057220232e-16
2591,0.0
2592,0.0
2593,0.0
2594,0.0
2595,0.0
2596,0.0630071289614
2597,0.0
2598,5.55111512313e-16
2599,0.0
2600,0.0983655652507
2601,0.0
2602,0.0
2603,0.0
2604,0.0
2605,0.0
2606,0.0
2607,0.0
2608,0.0
2609,0.0
2610,0.0
2611,0.0
2612,0.0
2613,3.80647894157e-16
2614,0.0
2615,0.0
2616,5.94762334621e-17
2617,0.0
2618,0.0
2619,3.39411038957e-15
2620,0.0
2621,3.74700270811e-16
2622,0.0
2623,0.0
2624,0.0
2625,0.0
2626,0.0
2627,1.11022302463e-16
2628,0.0
2629,0.0
2630,0.0
2631,4.4408920985e-16
2632,0.0
2633,3.64787565234e-16
2634,9.51619735393e-17
2635,0.0
2636,4.75809867696e-17
2637,0.0
2638,0.0340777697667
2639,0.0
2640,8.881784197e-16
2641,0.0
2642,0.0
2643,2.9341608508e-16
2644,3.9650822308e-17
2645,4.99600361081e-15
2646,1.27517044543e-14
2647,0.0
2648,1.54241698778e-15
2649,0.174813905016
2650,0.0
2651,0.0
2652,0.0
2653,0.0
2654,0.0
2655,0.0
2656,0.0
2657,0.0
2658,0.0
2659,1.18952466924e-16
2660,0.0
2661,0.0325812705653
2662,0.0
2663,0.0
2664,0.0
2665,1.8588305498e-14
2666,0.0
2667,0.0
2668,0.0
2669,3.03328790657e-15
2670,0.0
2671,4.06024420434e-15
2672,0.0
2673,0.0
2674,0.0
2675,0.0
2676,0.0697940005527
2677,7.93016446161e-17
2678,0.0
2679,0.0
2680,1.54479603712e-14
2681,0.0
2682,0.0
2683,0.0
2684,0.0
2685,0.0
2686,0.0
2687,0.0
2688,0.0
2689,0.0
2690,0.0
2691,0.0
2692,0.0
2693,0.0
2694,1.08223553576e-13
2695,0.0
2696,0.0
2697,0.0631528494895
2698,0.0
2699,0.0
2700,0.0
2701,0.0
2702,0.0
2703,0.067561512806
2704,2.84217094304e-16
2705,0.0
2706,0.0
2707,5.52644350036e-16
2708,0.0
2709,0.137338224513
2710,0.0
2711,0.0
2712,0.0
2713,1.23239690058e-14
2714,0.0
2715,0.0
2716,0.0
2717,0.0
2718,5.92118946467e-16
2719,0.0
2720,0.0
2721,5.66460458787e-16
2722,0.0
2723,0.0
2724,0.0
2725,0.0
2726,0.0
2727,0.0
2728,1.22055452165e-13
2729,0.0
2730,0.0
2731,0.0
2732,0.0
2733,0.0
2734,6.31593542898e-15
2735,0.0
2736,1.11886796124e-13
2737,0.0
2738,0.0
2739,0.0
2740,0.0
2741,2.68427255732e-16
2742,0.0
2743,0.0
2744,0.0
2745,0.0
2746,0.0
2747,0.0413423959634
2748,0.0
2749,0.0
2750,0.0
2751,3.47376448594e-16
2752,0.0
2753,0.0
2754,0.0
2755,6.85278994044e-15
2756,0.0
2757,0.0
2758,0.0
2759,0.0
2760,0.0
2761,0.0
2762,0.0
2763,2.11425938485e-14
2764,0.0
2765,0.0
2766,2.36847578587e-16
2767,0.0
2768,0.0
2769,0.0
2770,0.0
2771,0.0
2772,0.0
2773,0.0
2774,0.0
2775,2.0329417162e-16
2776,0.0
2777,1.10726242989e-15
2778,7.7370209005e-16
2779,0.0
2780,0.0
2781,0.0
2782,0.0
2783,0.0
2784,2.01320441799e-16
2785,0.0
2786,6.31593542898e-17
2787,0.0
2788,0.0
2789,0.0
2790,0.0
2791,3.3790254545e-15
2792,0.0
2793,0.0
2794,0.0
2795,0.0
2796,3.47376448594e-16
2797,0.0
2798,0.0
2799,0.0
2800,0.0763436022204
2801,0.0
2802,0.0
2803,0.0
2804,0.0
2805,0.0
2806,0.0
2807,0.0
2808,6.31593542898e-17
2809,0.0
2810,0.0
2811,0.0
2812,0.0
2813,0.0
2814,0.0
2815,0.0
2816,0.0
2817,0.0
2818,0.0
2819,0.0
2820,0.0
2821,0.0
2822,1.62635337296e-15
2823,1.33424135937e-15
2824,0.0
2825,2.68427255732e-16
2826,4.04614613419e-16
2827,1.42108547152e-16
2828,0.0
2829,3.78956125739e-16
2830,0.0
2831,8.68441121485e-17
2832,0.0
2833,0.0
2834,0.0376893831004
2835,0.0
2836,0.0
2837,0.0
2838,3.15796771449e-16
2839,0.0
2840,0.0
2841,0.0
2842,0.0
2843,0.0
2844,0.0
2845,3.63166287166e-16
2846,1.81583143583e-16
2847,0.0
2848,1.22055452165e-14
2849,0.0
2850,0.0
2851,0.0
2852,0.0
2853,0.0
2854,0.0
2855,1.28943769242e-14
2856,0.0
2857,0.0
2858,0.0
2859,0.0
2860,0.0
2861,0.0
2862,0.0
2863,0.0
2864,0.0
2865,0.0
2866,0.0
2867,0.0
2868,0.0
2869,5.55604944768e-16
2870,0.0
2871,0.0
2872,6.04750817325e-15
2873,0.0
2874,0.0
2875,4.73695157173e-17
2876,0.0
2877,0.0
2878,0.0
2879,3.31586610021e-16
2880,0.0
2881,0.0
2882,0.0
2883,0.0
2884,0.0
2885,5.52644350036e-17
2886,0.0
2887,0.0201033088607
2888,0.0
2889,0.0
2890,1.07272215802e-15
2891,0.0
2892,0.0
2893,1.2631870858e-16
2894,0.0
2895,0.0
2896,0.0
2897,3.78956125739e-16
2898,6.75805090901e-15
2899,0.0
2900,0.0
2901,0.0
2902,0.0
2903,0.0
2904,1.73688224297e-16
2905,0.0
2906,9.23705556488e-16
2907,0.0
2908,0.0
2909,8.84230960057e-16
2910,4.42115480029e-16
2911,0.0496850338556
2912,7.89491928622e-17
2913,0.0
2914,0.0
2915,0.0
2916,0.0
2917,0.0
2918,0.0
2919,0.0
2920,0.0
2921,0.0
2922,7.32648509762e-15
2923,0.0
2924,0.0
2925,0.0
2926,0.0
2927,0.0
2928,0.0
2929,6.31593542898e-17
2930,2.60532336445e-16
2931,0.0
2932,0.0
2933,3.78956125739e-16
2934,0.0
2935,0.0
2936,0.0
2937,0.0
2938,0.0185556907536
2939,0.0
2940,0.0
2941,1.57898385724e-17
2942,1.18739586065e-14
2943,2.25005199657e-16
2944,7.1054273576e-17
2945,0.0
2946,0.0
2947,0.0744269830693
2948,0.0
2949,2.36847578587e-16
2950,0.0
2951,0.0
2952,0.0
2953,0.0
2954,0.0
2955,0.0
2956,0.0
2957,7.50017332191e-17
2958,0.0
2959,0.0
2960,0.0
2961,0.0
2962,0.0
2963,0.0
2964,0.000224663141077
2965,0.0
2966,0.0
2967,0.0
2968,1.78425175869e-15
2969,2.52637417159e-16
2970,0.0
2971,0.0
2972,0.0
2973,3.94745964311e-16
2974,0.0
2975,0.0
2976,0.0
2977,0.0
2978,0.0
2979,0.0
2980,0.0
2981,0.0
2982,0.0
2983,0.0
2984,0.0
2985,0.0
2986,0.0
2987,4.59484302458e-14
2988,0.0
2989,0.0
2990,0.0
2991,0.0
2992,0.0
2993,0.0
2994,0.0
2995,0.0
2996,0.0
2997,0.0
2998,3.71061206452e-16
2999,2.8934879184e-15
3000,4.42115480029e-16
3001,0.0
3002,2.84217094304e-16
3003,1.80004159726e-15
3004,0.0
3005,3.00006932876e-16
3006,0.0
3007,0.0
3008,0.0
3009,0.0
3010,0.0
3011,0.0
3012,0.0
3013,0.0
3014,0.0
3015,0.0
3016,4.28536218856e-14
3017,6.23698623612e-16
3018,0.0
3019,0.0
3020,0.0
3021,0.0
3022,3.47376448594e-16
3023,0.0
3024,0.0
3025,0.0
3026,0.0
3027,0.0
3028,2.04320511127e-14
3029,0.0776457160008
3030,0.0
3031,1.01054966864e-14
3032,0.0
3033,0.0
3034,5.36854511463e-16
3035,0.0
3036,0.0
3037,1.29476676294e-15
3038,0.0
3039,0.298729380974
3040,0.0
3041,0.0
3042,0.0
3043,0.0
3044,3.5527136788e-16
3045,0.0
3046,0.0
3047,0.0
3048,0.0
3049,3.36323561593e-15
3050,7.57912251477e-16
3051,0.0
3052,0.0
3053,5.74750124037e-15
3054,0.0
3055,0.0
3056,0.0
3057,0.0
3058,0.0
3059,0.0
3060,1.16844805436e-15
3061,0.0
3062,0.0
3063,2.87375062019e-15
3064,0.0
3065,1.12502599829e-16
3066,6.00013865753e-16
3067,0.0
3068,1.18423789293e-15
3069,0.059633560973
3070,0.0
3071,1.68521986489e-14
3072,0.0
3073,0.0
3074,0.0
3075,0.0
3076,0.0
3077,0.0
3078,0.0268890680857
3079,0.0
3080,4.89484995746e-16
3081,0.0
3082,0.0
3083,0.0
3084,0.0
3085,0.0
3086,0.0
3087,0.0
3088,0.0
3089,1.48487641935e-13
3090,0.0
3091,0.0
3092,0.0
3093,0.0
3094,0.0
3095,0.0
3096,1.70530256582e-15
3097,0.0
3098,5.36854511463e-16
3099,0.0
3100,0.0
3101,0.0
3102,0.0
3103,0.0
3104,0.0
3105,3.15796771449e-15
3106,9.63180152919e-16
3107,0.0
3108,0.0
3109,3.86851045025e-16
3110,0.0
3111,1.89478062869e-16
3112,3.63166287166e-16
3113,0.0
3114,0.0
3115,1.19608027186e-15
3116,0.0
3117,0.0
3118,2.09215361085e-16
3119,0.129534753854
3120,9.47390314347e-17
3121,0.0
3122,0.0
3123,0.0
3124,0.0
3125,0.0
3126,0.0
3127,3.97272338483e-14
3128,0.0
3129,0.0
3130,0.0
3131,0.0
3132,2.84217094304e-16
3133,9.47390314347e-15
3134,1.78306752079e-14
3135,3.63166287166e-16
3136,4.357995446e-15
3137,0.0
3138,0.0
3139,0.0
3140,0.0918198491834
3141,0.0
3142,0.0
3143,9.47390314347e-17
3144,0.0
3145,0.0
3146,0.0
3147,0.0
3148,0.0
3149,0.0
3150,0.0
3151,0.0
3152,0.0
3153,0.0
3154,0.0457022123419
3155,0.0
3156,0.0
3157,8.81072992343e-15
3158,0.0
3159,0.0
3160,0.0
3161,1.50003466438e-16
3162,0.0
3163,0.0
3164,0.0
3165,8.44756363626e-16
3166,0.0
3167,0.0
3168,0.0
3169,0.0
3170,2.24689402886e-14
3171,0.0
3172,1.10528870007e-16
3173,0.0
3174,0.0
3175,0.0
3176,4.57905318601e-16
3177,0.0
3178,0.0
3179,1.37716998299e-14
3180,0.0
3181,4.57905318601e-16
3182,1.14318431265e-14
3183,0.0
3184,0.0
3185,4.34220560742e-16
3186,0.0
3187,0.0
3188,0.0
3189,0.0
3190,0.0
3191,1.02239204757e-15
3192,0.0
3193,0.0
3194,0.0
3195,0.0
3196,0.0
3197,2.21057740014e-16
3198,0.0
3199,0.0
3200,0.0
3201,4.72116173316e-15
3202,0.0
3203,1.53950926081e-16
3204,0.0
3205,0.0903925010812
3206,0.0
3207,0.0
3208,0.0
3209,0.0
3210,0.0
3211,0.0
3212,0.0
3213,0.0
3214,0.0
3215,0.0
3216,0.0
3217,0.0
3218,0.0
3219,0.0
3220,0.0
3221,1.32634644009e-14
3222,0.0
3223,1.02633950721e-16
3224,4.73695157173e-17
3225,0.0
3226,0.0
3227,0.0
3228,0.0
3229,0.0
3230,0.0
3231,0.0
3232,3.63166287166e-16
3233,0.0
3234,0.0
3235,0.0
3236,0.0
3237,0.0
3238,0.0
3239,0.0
3240,7.84754977051e-15
3241,0.0
3242,9.07915717916e-17
3243,1.93425522512e-16
3244,0.0
3245,0.0
3246,0.0
3247,0.0
3248,3.15796771449e-16
3249,0.0
3250,0.0
3251,0.0
3252,0.0
3253,0.0
3254,4.07377835169e-15
3255,0.0
3256,0.0
3257,0.0
3258,0.0
3259,0.0
3260,0.0
3261,0.0
3262,1.01054966864e-15
3263,0.0
3264,0.0
3265,1.53950926081e-16
3266,0.0
3267,0.0
3268,1.57898385724e-16
3269,0.0
3270,0.0
3271,7.26332574333e-16
3272,0.0
3273,0.0
3274,0.0
3275,0.0
3276,0.0
3277,0.0
3278,0.0
3279,0.0
3280,0.0
3281,2.52637417159e-16
3282,0.0
3283,0.0
3284,0.0
3285,0.0
3286,0.0
3287,0.0
3288,0.0
3289,0.0
3290,0.0
3291,0.00806913486003
3292,0.0
3293,0.0
3294,7.93439388265e-16
3295,0.0
3296,0.0
3297,0.0
3298,0.0
3299,0.0
3300,0.0
3301,3.00006932876e-16
3302,0.0
3303,0.0
3304,3.15796771449e-16
3305,4.468524316e-15
3306,0.0
3307,0.0
3308,0.0
3309,0.0
3310,0.0
3311,0.0
3312,0.0
3313,1.09936751061e-15
3314,0.0
3315,0.0
3316,0.0
3317,0.0
3318,0.0
3319,0.0
3320,0.0
3321,0.0
3322,0.0
3323,0.0
3324,0.0
3325,0.0
3326,0.0
3327,7.7370209005e-16
3328,6.39488462184e-16
3329,2.44742497873e-16
3330,7.65807170764e-16
3331,0.0
3332,0.0
3333,0.0
3334,0.0
3335,0.0
3336,0.0
3337,0.0
3338,0.0
3339,0.0
3340,0.0
3341,3.39481529308e-16
3342,1.37845290737e-14
3343,1.39897969752e-14
3344,0.0
3345,0.0
3346,0.0
3347,0.0
3348,0.0
3349,0.0
3350,5.68434188608e-16
3351,1.89478062869e-15
3352,0.0
3353,6.13593126925e-14
3354,0.0
3355,0.0
3356,0.0
3357,0.0
3358,0.0
3359,1.42108547152e-16
3360,0.0
3361,6.71068139329e-16
3362,0.0
3363,0.0
3364,0.0
3365,0.0
3366,0.0
3367,3.78956125739e-16
3368,0.0
3369,0.0
3370,0.0
3371,0.0
3372,0.0
3373,0.0
3374,0.0
3375,7.3012213559e-14
3376,0.0
3377,0.0
3378,0.0
3379,0.0
3380,0.0
3381,0.0
3382,0.0
3383,0.0
3384,0.0
3385,0.0
3386,0.0
3387,1.20002773151e-15
3388,0.0
3389,0.0
3390,0.0
3391,0.0
3392,1.10528870007e-16
3393,2.60532336445e-14
3394,1.70530256582e-15
3395,0.0
3396,0.0
3397,0.0
3398,0.0
3399,0.0
3400,0.0
3401,0.0
3402,0.0
3403,0.0
3404,0.0
3405,0.0
3406,1.50990331349e-16
3407,0.0
3408,0.0
3409,0.0
3410,9.15810637202e-16
3411,0.0747817881867
3412,0.0
3413,0.0
3414,0.0
3415,0.0
3416,0.0
3417,0.0
3418,5.90145216645e-15
3419,0.0
3420,1.13686837722e-15
3421,0.0
3422,0.0
3423,0.0
3424,0.0
3425,0.0
3426,0.0220861264499
3427,0.0
3428,0.0
3429,0.0
3430,0.0
3431,2.289526593e-15
3432,0.0136303257174
3433,0.0
3434,0.0
3435,0.0
3436,0.0
3437,0.0
3438,0.0
3439,0.0
3440,0.0
3441,0.0
3442,0.0
3443,3.47376448594e-16
3444,0.0
3445,0.0
3446,0.0
3447,4.78432108745e-15
3448,0.0
3449,3.07901852163e-16
3450,0.0
3451,0.0
3452,0.0
3453,0.0
3454,0.0
3455,0.0
3456,0.0
3457,0.0
3458,0.0
3459,0.0
3460,0.0
3461,0.0
3462,0.0
3463,0.0
3464,0.0
3465,0.0
3466,0.0
3467,0.0
3468,0.0
3469,0.0
3470,0.0
3471,0.0
3472,0.0
3473,0.0
3474,2.13162820728e-16
3475,0.0
3476,0.0
3477,0.0
3478,0.0644871061655
3479,0.0
3480,0.0
3481,0.0
3482,0.158505227539
3483,0.0
3484,0.0
3485,0.0
3486,0.0
3487,0.0
3488,0.0
3489,0.0
3490,0.0
3491,0.0
3492,0.0
3493,0.0
3494,1.05002426507e-15
3495,0.0
3496,1.57898385724e-16
3497,3.94745964311e-17
3498,4.93432455389e-17
3499,0.0
3500,7.57912251477e-16
3501,0.0
3502,0.0
3503,0.0
3504,0.0
3505,0.0
3506,1.22371248936e-16
3507,0.0
3508,0.0
3509,0.0
3510,0.0
3511,0.0709889597826
3512,0.0
3513,0.0
3514,0.0
3515,0.0
3516,0.0
3517,0.0
3518,0.0
3519,0.0
3520,0.120194101444
3521,0.0
3522,0.0
3523,3.11849311806e-16
3524,1.2631870858e-16
3525,2.68427255732e-16
3526,3.94745964311e-17
3527,3.70074341542e-16
3528,2.60532336445e-16
3529,0.0
3530,0.0
3531,8.68441121485e-17
3532,0.0
3533,0.0
3534,0.0
3535,0.0
3536,0.0
3537,0.0
3538,4.73695157173e-17
3539,0.0
3540,0.0
3541,6.31593542898e-17
3542,0.0
3543,0.0
3544,7.30280033976e-16
3545,4.33431068814e-15
3546,1.32634644009e-15
3547,0.0
3548,0.0
3549,0.0
3550,0.0
3551,0.0
3552,0.0
3553,0.0
3554,0.0
3555,0.0
3556,0.0
3557,0.0
3558,0.0
3559,0.0
3560,1.62635337296e-15
3561,2.68427255732e-16
3562,0.0
3563,5.28959592177e-15
3564,0.0
3565,0.0
3566,0.0
3567,0.00772406472541
3568,3.27639150378e-16
3569,3.39481529308e-15
3570,0.0
3571,1.02633950721e-16
3572,1.73688224297e-16
3573,0.0
3574,0.0
3575,0.0511759997894
3576,0.0
3577,0.0
3578,0.0
3579,0.0
3580,1.63819575189e-16
3581,1.10528870007e-16
3582,0.141426657572
3583,0.0
3584,0.0
3585,0.0
3586,0.0
3587,0.0
3588,0.0
3589,2.56584876802e-17
3590,1.18838272556e-14
3591,0.0
3592,0.0
3593,0.0
3594,0.0
3595,0.0
3596,0.0
3597,0.0
3598,0.0
3599,0.0
3600,0.0
3601,0.0
3602,0.0
3603,0.0
3604,0.0
3605,0.0
3606,0.0638452413796
3607,0.0
3608,0.0
3609,0.0
3610,0.0
3611,0.0
3612,0.0
3613,0.0
3614,0.0
3615,0.0
3616,0.0
3617,0.0
3618,0.0
3619,0.0
3620,0.0
3621,2.33689610872e-15
3622,2.9211201359e-16
3623,0.0
3624,0.0
3625,0.0
3626,0.0
3627,7.89491928622e-17
3628,0.0
3629,0.0
3630,3.78956125739e-16
3631,0.0
3632,9.47390314347e-17
3633,9.47390314347e-17
3634,0.0
3635,0.0
3636,0.0
3637,0.0
3638,0.0
3639,0.0
3640,0.0
3641,0.0
3642,0.0
3643,0.0
3644,0.0
3645,0.0
3646,0.0
3647,0.0
3648,0.0
3649,0.0168230245569
3650,0.0
3651,0.0
3652,0.0
3653,0.0
3654,1.10528870007e-16
3655,0.0
3656,0.0
3657,0.0
3658,0.0
3659,0.0
3660,0.0
3661,0.0
3662,0.0
3663,3.04743884448e-14
3664,0.0
3665,0.0
3666,0.0
3667,2.14741804585e-15
3668,0.0
3669,2.84217094304e-16
3670,0.0
3671,0.0
3672,0.0
3673,4.33628441796e-15
3674,0.189750983668
3675,0.0
3676,2.35742289887e-14
3677,0.0
3678,0.0
3679,2.52637417159e-16
3680,0.0
3681,7.89491928622e-17
3682,5.52644350036e-15
3683,0.0
3684,0.0
3685,5.84224027181e-16
3686,0.0395859537555
3687,0.0
3688,0.0
3689,0.0
3690,0.0
3691,0.0354642034237
3692,0.0
3693,0.0
3694,0.0
3695,0.0
3696,4.89484995746e-16
3697,0.0
3698,0.0
3699,0.0
3700,2.84217094304e-16
3701,0.0
3702,0.0
3703,0.0
3704,7.18437655046e-16
3705,0.0
3706,0.0
3707,0.0
3708,0.0
3709,0.0
3710,0.0790258752485
3711,0.0
3712,0.0
3713,0.0
3714,8.28966525053e-17
3715,0.0
3716,0.0
3717,0.0
3718,0.0
3719,0.0
3720,4.73695157173e-17
3721,0.0
3722,6.71068139329e-17
3723,0.0
3724,0.0
3725,0.0
3726,0.0
3727,0.0
3728,0.0
3729,0.0
3730,5.65276220894e-15
3731,0.0
3732,0.0
3733,0.0
3734,2.289526593e-16
3735,0.0
3736,0.0
3737,0.0
3738,0.0
3739,6.23698623612e-16
3740,0.0
3741,0.0
3742,0.0
3743,0.0
3744,0.0
3745,0.0
3746,0.0
3747,0.0
3748,0.0
3749,0.0
3750,0.0
3751,3.47376448594e-16
3752,0.0
3753,0.0
3754,0.0
3755,0.0
3756,0.0
3757,0.0
3758,0.0
3759,0.0
3760,0.0
3761,0.0
3762,0.0
3763,2.9211201359e-16
3764,0.0
3765,0.0
3766,0.0
3767,0.0
3768,0.0
3769,0.0
3770,0.104814198916
3771,0.0
3772,0.0
3773,0.0
3774,0.0
3775,1.06581410364e-15
3776,0.0
3777,0.0
3778,0.0
3779,0.0
3780,0.0
3781,0.0
3782,0.0
3783,1.75267208154e-15
3784,0.0
3785,0.0
3786,0.0
3787,0.0
3788,0.0
3789,6.31593542898e-16
3790,0.0
3791,8.3686144434e-16
3792,0.0
3793,0.0
3794,3.63166287166e-16
3795,0.0
3796,0.0
3797,0.0267683997532
3798,3.21323214949e-14
3799,0.0
3800,0.0
3801,0.0
3802,0.0
3803,0.0
3804,0.0
3805,6.4639651656e-16
3806,0.0
3807,0.0
3808,0.0
3809,2.25794691586e-15
3810,0.0
3811,2.44742497873e-15
3812,0.0
3813,7.26332574333e-16
3814,0.0
3815,0.0
3816,0.0
3817,0.0
3818,0.0
3819,0.0
3820,0.0
3821,0.0
3822,0.0496215983754
3823,0.0
3824,0.0
3825,0.0
3826,0.0
3827,0.0
3828,0.0
3829,0.0
3830,0.0553225135357
3831,3.71061206452e-16
3832,2.4079503823e-16
3833,0.0
3834,0.0
3835,0.0
3836,0.0
3837,1.73688224297e-16
3838,0.0
3839,7.57912251477e-16
3840,0.0
3841,0.0
3842,0.0
3843,0.0
3844,0.0
3845,0.0
3846,3.47376448594e-15
3847,0.0
3848,0.0
3849,0.0
3850,0.0
3851,0.0
3852,9.47390314347e-17
3853,0.0
3854,0.0
3855,0.0
3856,0.0
3857,2.05267901442e-16
3858,0.0
3859,0.0
3860,0.0
3861,0.0
3862,0.0
3863,0.0
3864,0.0
3865,0.0
3866,0.0
3867,1.98951966013e-15
3868,0.0
3869,0.0
3870,0.0
3871,0.0
3872,0.0
3873,0.0
3874,0.0
3875,0.0
3876,0.0
3877,4.26325641456e-16
3878,1.05002426507e-15
3879,0.0
3880,0.0
3881,0.0
3882,0.0
3883,0.0
3884,3.00006932876e-16
3885,0.0
3886,0.0
3887,0.0
3888,0.0164461651339
3889,0.0
3890,0.0
3891,0.0
3892,7.85998601505e-18
3893,0.0
3894,0.0
3895,0.0
3896,0.0
3897,7.07398741354e-16
3898,0.0
3899,4.89284129437e-16
3900,0.0
3901,0.0
3902,7.54558657444e-16
3903,0.0
3904,0.0
3905,0.0
3906,0.0
3907,0.0
3908,0.0
3909,0.0
3910,5.50199021053e-16
3911,0.0
3912,1.88639664361e-16
3913,3.30119412632e-16
3914,0.0
3915,0.0
3916,0.0
3917,0.0
3918,1.10039804211e-16
3919,0.0
3920,0.0
3921,0.0
3922,0.0
3923,0.0
3924,0.0
3925,0.0
3926,2.82959496542e-16
3927,0.0
3928,0.0
3929,8.7245844767e-16
3930,0.0
3931,2.35799580451e-16
3932,2.35799580451e-16
3933,0.0
3934,0.0
3935,0.0
3936,0.0
3937,0.0
3938,7.07398741354e-17
3939,0.0
3940,0.0
3941,0.0
3942,0.0
3943,0.0
3944,0.0
3945,8.19324942208e-14
3946,0.0
3947,5.42339035038e-16
3948,0.0
3949,0.0
3950,0.0
3951,0.0
3952,0.0
3953,0.0
3954,0.0
3955,0.0
3956,0.0
3957,0.0
3958,0.0
3959,0.110424103619
3960,0.0
3961,9.0389839173e-17
3962,0.0
3963,0.0
3964,0.0
3965,0.0
3966,0.0
3967,0.0
3968,0.0
3969,0.0
3970,0.0
3971,0.0
3972,0.0
3973,0.0
3974,0.0
3975,0.0
3976,0.0
3977,0.0
3978,4.8574713573e-15
3979,0.0
3980,0.0
3981,0.0
3982,0.0
3983,0.0
3984,2.75099510527e-16
3985,0.0
3986,0.0
3987,0.0
3988,0.0
3989,2.20079608421e-15
3990,0.0
3991,1.15738294072e-14
3992,0.0
3993,0.0
3994,0.0
3995,0.0
3996,0.0
3997,0.0
3998,0.0
3999,0.0
4000,0.0
4001,0.0
4002,2.16149615414e-15
4003,0.0
4004,0.0
4005,0.0
4006,0.0
4007,0.0
4008,0.0
4009,0.0
4010,0.0
4011,0.0
4012,8.81890430888e-15
4013,0.0
4014,0.0
4015,0.0
4016,6.56308832256e-16
4017,0.0
4018,0.0
4019,9.53887902786e-14
4020,3.8671131194e-15
4021,0.0
4022,0.0
4023,0.0
4024,0.0
4025,0.0
4026,0.0
4027,0.0
4028,0.0
4029,0.0
4030,0.0
4031,0.0
4032,0.0
4033,0.0
4034,0.0
4035,9.11758377745e-16
4036,0.0
4037,7.85998601505e-17
4038,0.0
4039,0.0
4040,0.0
4041,1.57199720301e-16
4042,1.00096921902e-14
4043,0.0
4044,0.0
4045,0.0
4046,0.0
4047,1.44505842887e-14
4048,0.0
4049,0.0
4050,0.0
4051,0.0
4052,0.0
4053,0.0
4054,2.15363616812e-15
4055,0.0
4056,0.0
4057,0.0
4058,1.13969797218e-16
4059,0.0
4060,5.28977058813e-15
4061,0.0
4062,0.0
4063,0.0491655793196
4064,0.0
4065,0.0
4066,0.0
4067,0.0
4068,0.0
4069,0.0
4070,0.0
4071,0.0
4072,1.57199720301e-16
4073,9.43198321805e-17
4074,1.38532253515e-16
4075,0.0
4076,0.0
4077,1.25205768416e-16
4078,1.00751516772e-16
4079,0.0
4080,0.0
4081,0.0
4082,0.0
4083,7.82536052599e-17
4084,0.0
4085,2.31630671569e-15
4086,3.30230214197e-14
4087,0.0
4088,0.0
4089,0.0
4090,1.83113436308e-15
4091,0.0
4092,0.0
4093,3.09101740777e-16
4094,0.0
4095,0.0
4096,0.0
4097,0.0
4098,0.0
4099,0.0
4100,0.0
4101,0.0
4102,0.0
4103,0.0
4104,0.0
4105,7.62972651284e-17
4106,4.57783590771e-16
4107,0.0
4108,0.0
4109,0.0
4110,2.70757474199e-15
4111,0.0
4112,1.75288075782e-15
4113,5.47775236819e-17
4114,0.0
4115,0.0
4116,3.22796121697e-16
4117,0.0
4118,0.0
4119,0.0354451014181
4120,5.45427628662e-15
4121,0.0
4122,0.0
4123,1.48725867647e-14
4124,0.0
4125,3.72487161037e-15
4126,0.0
4127,0.0184175671405
4128,0.0
4129,7.19933168391e-16
4130,0.0
4131,1.40856489468e-15
4132,0.0
4133,0.0
4134,0.0
4135,0.0
4136,0.0
4137,0.0
4138,0.0
4139,0.0
4140,0.0
4141,3.81877593668e-15
4142,0.0
4143,0.0
4144,0.0
4145,0.0
4146,0.0
4147,0.0
4148,0.0
4149,0.0022606436095
4150,0.0528737955391
4151,0.0
4152,0.0
4153,0.0
4154,0.0
4155,0.0
4156,0.0
4157,0.0
4158,0.0
4159,0.0
4160,0.0
4161,0.0
4162,1.25205768416e-16
4163,1.63080513362e-14
4164,0.0
4165,0.0
4166,1.8076582815e-15
4167,1.25205768416e-16
4168,0.0
4169,0.0
4170,0.0
4171,0.0
4172,0.0
4173,8.60789657859e-17
4174,0.0
4175,0.0
4176,0.0
4177,5.03268498828e-15
4178,0.0
4179,7.43409249969e-16
4180,0.0
4181,0.0
4182,0.0
4183,2.03459373676e-15
4184,0.0
4185,0.0
4186,0.0
4187,0.0
4188,0.0
4189,0.0
4190,0.0
4191,0.0
4192,3.30230214197e-15
4193,0.0
4194,0.0
4195,0.0
4196,2.81712978936e-16
4197,0.0
4198,0.0
4199,0.0
4200,0.0
4201,0.0
4202,0.0
4203,7.80344951652e-14
4204,0.0
4205,8.60789657859e-17
4206,1.12685191574e-15
4207,4.61696271034e-16
4208,0.0
4209,0.0
4210,0.0
4211,2.35543351832e-14
4212,0.0
4213,0.0
4214,0.0
4215,0.0
4216,0.0
4217,0.0
4218,0.0
4219,4.33720607153e-15
4220,0.0
4221,0.0
4222,1.1738040789e-16
4223,0.0
4224,3.90289856234e-16
4225,6.26028842079e-17
4226,0.0
4227,0.0
4228,3.16927101303e-16
4229,0.0
4230,0.0
4231,0.0
4232,2.94233555777e-15
4233,0.0
4234,0.0
4235,0.0
4236,0.0
4237,0.0
4238,0.0
4239,0.0
4240,1.01729686838e-15
4241,0.0
4242,6.57330284183e-16
4243,0.0
4244,0.0
4245,1.18397704758e-14
4246,0.0
4247,0.0
4248,0.0
4249,0.0
4250,0.0
4251,6.60460428394e-15
4252,0.0
4253,0.0
4254,0.0
4255,0.0
4256,0.0
4257,0.0
4258,1.5650721052e-17
4259,0.0
4260,0.0
4261,0.0529571516041
4262,0.0
4263,0.0
4264,0.0
4265,0.0
4266,0.0
4267,0.0
4268,0.0
4269,0.0
4270,0.0
4271,0.0
4272,0.0
4273,0.0
4274,0.0320843061863
4275,0.0
4276,0.0
4277,0.0
4278,0.0
4279,0.0
4280,0.0
4281,0.0
4282,1.09555047364e-16
4283,0.0
4284,0.0
4285,0.0
4286,6.57330284183e-16
4287,0.0
4288,0.0
4289,1.40856489468e-16
4290,6.61242964446e-16
4291,0.0
4292,4.21591298338e-15
4293,0.0
4294,0.0
4295,0.0
4296,7.35583889443e-15
4297,2.81712978936e-16
4298,0.0
4299,0.0
4300,0.0
4301,2.50411536832e-16
4302,0.0
4303,0.0
4304,0.0
4305,0.0
4306,0.0
4307,0.0
4308,0.0
4309,0.0
4310,0.0
4311,0.0
4312,1.45551705783e-15
4313,3.20839781566e-16
4314,3.1301442104e-16
4315,3.83442665774e-16
4316,3.59966584196e-16
4317,0.0
4318,0.0
4319,0.0
4320,0.0
4321,0.0
4322,0.0
4323,0.0447106013673
4324,0.0
4325,0.0
4326,0.0
4327,0.0
4328,0.0
4329,0.0
4330,0.0
4331,0.0
4332,3.50576151564e-15
4333,0.0
4334,3.88920418142e-15
4335,0.0
4336,8.28862186913e-14
4337,0.0
4338,6.4731382271e-14
4339,0.0
4340,0.0
4341,0.0
4342,0.0
4343,0.0
4344,9.70344705223e-16
4345,0.0
4346,1.26770840521e-15
4347,0.0
4348,0.0
4349,0.0
4350,0.0
4351,0.0
4352,3.63879264459e-16
4353,0.148939168905
4354,0.0
4355,0.0
4356,0.0
4357,0.0
4358,0.0
4359,0.0
4360,0.0102464626092
4361,0.0
4362,0.0
4363,0.0
4364,0.0
4365,0.0
4366,0.0
4367,0.0
4368,2.89538339462e-16
4369,0.0
4370,0.0
4371,0.0
4372,0.0
4373,0.0
4374,0.0
4375,0.0
4376,0.0
4377,0.0
4378,0.0
4379,0.0
4380,0.0
4381,0.0
4382,3.79529985511e-15
4383,2.32413207622e-15
4384,1.05798874311e-14
4385,0.0
4386,0.0
4387,0.0
4388,0.0
4389,0.0
4390,0.0
4391,1.205105521e-14
4392,1.18945479995e-15
4393,0.0
4394,0.15045434724
4395,0.0
4396,0.0
4397,0.0
4398,0.0
4399,0.0
4400,0.0753927929084
4401,0.0
4402,0.0
4403,0.0
4404,0.0
4405,0.0
4406,0.0
4407,0.0
4408,0.0
4409,0.0
4410,0.0
4411,0.0
4412,0.0
4413,7.82536052599e-17
4414,0.0
4415,0.0
4416,2.66062257884e-16
4417,0.0
4418,0.0
4419,0.0106108764939
4420,0.0
4421,0.0
4422,0.0
4423,0.0
4424,0.0
4425,3.58010244064e-16
4426,0.0
4427,0.0
4428,5.52470453135e-15
4429,0.0
4430,1.40856489468e-16
4431,0.0
4432,1.19336748021e-16
4433,0.0
4434,5.00823073664e-16
4435,0.0
4436,0.0
4437,0.0
4438,0.0
4439,0.0
4440,0.0
4441,1.68245251309e-16
4442,0.0
4443,7.1054273576e-15
4444,0.0
4445,3.912680263e-16
4446,0.0
4447,2.19110094728e-16
4448,0.0
4449,0.0
4450,0.0
4451,7.82536052599e-17
4452,0.0
4453,0.0
4454,0.0
4455,1.40856489468e-16
4456,3.36490502618e-16
4457,0.183431136759
4458,0.0
4459,0.0
4460,0.0
4461,0.0
4462,0.0
4463,0.0
4464,0.0
4465,0.0
4466,0.00822259782453
4467,3.75617305248e-16
4468,0.0
4469,0.0
4470,2.19110094728e-16
4471,0.0
4472,0.0
4473,0.0
4474,0.0
4475,0.0
4476,0.0
4477,0.0
4478,2.97363699988e-16
4479,0.0
4480,2.11284734202e-16
4481,0.0
4482,1.79983292098e-16
4483,0.0
4484,0.0
4485,0.0
4486,0.0
4487,4.08875087483e-16
4488,0.0
4489,0.0
4490,0.0
4491,0.0
4492,0.0
4493,2.99320040119e-16
4494,0.0
4495,9.39043263119e-17
4496,0.0
4497,4.84781084585e-15
4498,0.0
4499,0.0
4500,0.0
4501,0.0
4502,0.0
4503,0.0
4504,0.0
4505,1.87808652624e-15
4506,0.0
4507,0.0
4508,0.0
4509,0.0
4510,1.52105445224e-15
4511,0.0
4512,6.65155644709e-16
4513,0.0
4514,0.0
4515,1.00164614733e-15
4516,0.0
4517,0.0
4518,0.0
4519,0.0
4520,0.0
4521,0.0
4522,3.24752461829e-16
4523,0.0
4524,0.0
4525,1.25205768416e-16
4526,0.0
4527,0.0
4528,0.0
4529,0.0
4530,0.0
4531,9.14002109436e-15
4532,0.0
4533,0.0
4534,0.0388516142326
4535,2.44542516437e-16
4536,0.0
4537,0.0
4538,0.0
4539,0.0
4540,0.0
4541,0.0
4542,0.0
4543,0.0
4544,0.0
4545,0.0
4546,0.0
4547,0.0
4548,0.0
4549,0.0
4550,0.0
4551,0.0
4552,0.0
4553,0.0
4554,0.0
4555,0.0
4556,0.107948058151
4557,0.0
4558,0.0
4559,3.23911235572e-14
4560,0.0
4561,0.0
4562,0.0
4563,0.0
4564,0.0
4565,0.0
4566,0.0
4567,0.0
4568,0.0
4569,0.0
4570,0.0
4571,0.0
4572,0.0
4573,0.0
4574,0.0
4575,0.0
4576,0.0
4577,0.0
4578,0.0
4579,0.0
4580,1.00947150785e-15
4581,0.0
4582,0.0
4583,0.0
4584,0.0736307053969
4585,2.15197414465e-16
4586,0.0
4587,0.0
4588,0.0
4589,0.0
4590,3.70139552879e-15
4591,0.052069825914
4592,0.0117488195129
4593,1.98568523347e-15
4594,0.0
4595,5.63425957871e-16
4596,0.0
4597,0.0
4598,0.0
4599,0.0
4600,0.0
4601,5.16473794715e-16
4602,1.25205768416e-16
4603,0.0
4604,0.0
4605,0.0
4606,0.0
4607,2.19110094728e-16
4608,0.0
4609,0.0
4610,0.0
4611,4.60131198928e-15
4612,0.0
4613,0.0
4614,0.0
4615,0.0
4616,0.0
4617,0.0
4618,0.0
4619,0.0
4620,0.0
4621,0.0
4622,0.0
4623,6.88631726287e-16
4624,0.0
4625,0.0
4626,0.0
4627,0.0
4628,0.0
4629,0.0
4630,0.0
4631,0.0
4632,0.0
4633,0.0
4634,0.0
4635,0.0
4636,9.46868623645e-16
4637,0.0
4638,0.0
4639,0.0116540354606
4640,0.0
4641,0.0
4642,0.0
4643,0.0
4644,0.0
4645,0.0
4646,0.0
4647,0.101519023071
4648,3.00493844198e-15
4649,0.0
4650,0.0
4651,7.19933168391e-16
4652,0.0
4653,1.00164614733e-15
4654,0.0
4655,0.0
4656,0.0
4657,0.0
4658,5.29790636312e-16
4659,0.0
4660,0.0
4661,0.0
4662,0.0
4663,0.0
4664,0.0
4665,0.0
4666,0.0
4667,0.0
4668,0.0434326211383
4669,4.59671287389e-16
4670,0.0
4671,0.0
4672,0.0
4673,0.0
4674,0.0
4675,0.0
4676,0.0
4677,3.89551938465e-16
4678,0.0
4679,0.0
4680,0.0
4681,0.00575740462148
4682,0.0
4683,0.0
4684,0.0
4685,0.0
4686,0.0
4687,0.0
4688,0.0
4689,0.0
4690,0.0
4691,0.0
4692,0.0421796907126
4693,0.0
4694,0.0
4695,0.0
4696,2.12695358402e-15
4697,1.40238697847e-16
4698,6.85611411698e-16
4699,0.0
4700,0.0
4701,1.24656620309e-16
4702,0.0
4703,0.0
4704,0.0
4705,0.0
4706,0.0
4707,0.0
4708,0.0
4709,0.0
4710,0.0
4711,0.0
4712,0.0
4713,0.0
4714,0.0
4715,0.0
4716,0.0
4717,0.0
4718,0.0
4719,0.0
4720,0.0
4721,0.0
4722,0.0
4723,1.24656620309e-16
4724,2.11916254525e-15
4725,6.85611411698e-16
4726,0.0
4727,0.0172520150013
4728,0.0
4729,1.15307373786e-15
4730,0.0
4731,0.0
4732,0.0
4733,0.0
4734,1.16865581539e-16
4735,0.0
4736,0.0
4737,0.0
4738,8.10268032007e-16
4739,0.0
4740,0.0
4741,0.0
4742,0.0
4743,0.0
4744,0.0
4745,2.29056539817e-15
4746,8.78829173177e-15
4747,0.0
4748,0.0
4749,0.0
4750,0.0
4751,0.0
4752,0.0
4753,0.0
4754,0.0
4755,0.0
4756,1.0907454277e-15
4757,0.0
4758,0.0157459192005
4759,0.0
4760,0.0
4761,1.0907454277e-15
4762,0.0
4763,3.13433489689e-14
4764,0.0
4765,0.0
4766,7.32357644314e-16
4767,0.0
4768,0.0
4769,0.0
4770,0.0
4771,0.0
4772,0.0
4773,0.0
4774,0.0
4775,0.0
4776,0.0
4777,0.0
4778,1.55820775386e-16
4779,0.0
4780,0.0
4781,0.0
4782,0.0
4783,0.0
4784,0.0
4785,0.0
4786,0.0
4787,0.0
4788,0.0
4789,0.0
4790,0.0
4791,2.49313240618e-16
4792,0.0
4793,0.0
4794,9.50506729855e-16
4795,1.81141651386e-16
4796,1.41796905601e-15
4797,1.44134217232e-16
4798,2.49313240618e-16
4799,2.24381916556e-15
4800,0.0
4801,0.0
4802,0.0
4803,0.0
4804,3.58387783388e-16
4805,0.0
4806,0.0
4807,0.0
4808,0.0
4809,0.0
4810,0.0
4811,3.58387783388e-16
4812,0.0
4813,0.0
4814,0.0
4815,0.0
4816,0.0
4817,5.45372713851e-17
4818,0.0
4819,0.0
4820,0.0
4821,0.0
4822,7.47939721853e-16
4823,0.0
4824,0.0
4825,0.0
4826,0.0
4827,1.5737898314e-15
4828,0.0
4829,0.0
4830,6.38865179083e-16
4831,0.0
4832,1.12190958278e-15
4833,0.0024147550954
4834,0.0
4835,8.68700822777e-16
4836,0.0
4837,0.0
4838,0.0
4839,0.0
4840,3.58387783388e-16
4841,0.125603020059
4842,4.16820574158e-14
4843,0.0
4844,0.0
4845,0.0980277920539
4846,6.23283101544e-16
4847,0.0
4848,3.19432589541e-16
4849,7.63521799391e-16
4850,0.0
4851,0.0
4852,0.0
4853,5.26674220805e-15
4854,0.0
4855,0.0
4856,0.0
4857,0.0
4858,0.0
4859,0.0
4860,0.0
4861,7.1560691096e-15
4862,0.0
4863,0.0
4864,0.0
4865,0.0700783911418
4866,0.0
4867,0.0
4868,0.0
4869,4.98626481235e-16
4870,0.0
4871,0.0
4872,0.0
4873,4.04549688096e-15
4874,0.0
4875,0.0
4876,0.0
4877,0.0
4878,0.0
4879,4.08250431511e-15
4880,0.0
4881,0.0
4882,0.0
4883,0.0
4884,0.0
4885,0.0
4886,0.0
4887,1.55820775386e-16
4888,0.0
4889,0.0
4890,0.0
4891,0.0
4892,0.0
4893,6.23283101544e-16
4894,0.0
4895,0.0
4896,0.0
4897,0.0
4898,0.0
4899,0.0
4900,0.0
4901,0.0
4902,2.22653279829e-16
4903,0.0
4904,0.0
4905,0.0
4906,0.0
4907,0.0
4908,0.0
4909,0.0
4910,0.0
4911,0.0
4912,0.0
4913,4.04160136157e-16
4914,1.02646935786e-15
4915,0.0
4916,0.0
4917,0.0
4918,0.0
4919,0.0
4920,0.0
4921,0.0
4922,0.0
4923,0.0
4924,3.97342977234e-16
4925,0.0
4926,0.0
4927,0.0
4928,0.0
4929,0.0
4930,4.05134016004e-16
4931,1.01283504001e-16
4932,0.0
4933,0.0
4934,0.0101312624977
4935,0.0
4936,0.0
4937,0.0
4938,0.0
4939,0.0
4940,2.64895318156e-16
4941,2.49313240618e-16
4942,0.0
4943,0.0
4944,0.0
4945,4.05134016004e-16
4946,0.0
4947,0.0
4948,0.0
4949,0.0
4950,0.0
4951,0.0
4952,0.0
4953,9.81670884932e-16
4954,0.0
4955,2.96059473233e-16
4956,0.0
4957,0.0
4958,0.0
4959,0.0
4960,0.0
4961,0.0
4962,0.0
4963,0.0
4964,4.67462326158e-16
4965,8.72596342162e-16
4966,0.0
4967,0.0
4968,0.0
4969,0.0
4970,0.0
4971,0.0156914247469
4972,1.51925256001e-15
4973,0.0
4974,0.0
4975,0.0
4976,0.0
4977,4.83044403697e-16
4978,0.0
4979,4.47984729235e-17
4980,0.0
4981,0.0
4982,0.0
4983,0.0
4984,0.0
4985,0.0
4986,0.0
4987,0.0
4988,0.0
4989,0.0
4990,0.0
4991,0.0
4992,0.0
4993,3.50596744618e-17
4994,0.0
4995,0.0
4996,0.0
4997,0.0
4998,0.0
4999,0.0
