0,0.00438032202826
1,3.11010524808
2,0.0313440307679
3,0.182957111293
4,0.00681385305577
5,0.00378862568051
6,0.0498917988863
7,0.345296034832
8,0.288448922382
9,2.00191861482
10,0.0
11,0.356031023376
12,1.43644595226
13,0.00546741252732
14,0.0045684538384
15,0.0202785300113
16,0.552902892592
17,0.00311989303998
18,0.00795132729638
19,0.216504152822
20,0.0
21,0.0
22,0.0664039030442
23,0.0
24,0.0288625062108
25,2.81305495114
26,2.06212739597
27,0.00556076916968
28,0.00271018516752
29,0.000820380563131
30,0.0312658639978
31,0.0
32,0.00424495526551
33,0.0
34,0.0
35,0.0
36,0.0
37,0.0171874238882
38,0.0
39,0.0224892736016
40,0.0
41,0.0
42,0.00786107639037
43,0.0321410642525
44,0.119334481482
45,0.23390970842
46,0.0
47,0.0139916713288
48,0.0
49,0.421364420443
50,0.0
51,2.44308080433
52,0.0210439608714
53,0.448595328847
54,0.0
55,0.0197920607973
56,0.141585927137
57,0.00183958499271
58,0.0218188442148
59,0.0765767349991
60,0.161296413981
61,0.00230535781475
62,0.0255294300705
63,0.00154905310754
64,0.0
65,0.0161341500108
66,0.0
67,0.0
68,0.144673698287
69,0.0118750837798
70,0.0
71,0.0328809130542
72,0.0167797937536
73,0.00218051027375
74,0.0826729927908
75,0.365630601219
76,2.44546337109
77,0.0157212611365
78,0.00217330774339
79,0.00444043863007
80,0.0
81,0.0
82,0.0766968462892
83,0.00150063071366
84,0.0
85,0.120040540268
86,0.0
87,0.0
88,0.22549771227
89,0.0
90,0.190068724875
91,0.0
92,0.00285088431687
93,0.0
94,0.0
95,0.0
96,0.0194975313683
97,0.0256590683673
98,0.0
99,0.00676773208297
100,0.0413632057916
101,0.0
102,0.0
103,0.0
104,1.09636763171
105,0.0
106,0.0014400250754
107,0.0023063061279
108,0.151230344853
109,0.0
110,0.0894830989092
111,0.0282533689438
112,0.0117461447813
113,0.00370970446836
114,0.0
115,0.0
116,0.1000911427
117,0.119896669011
118,0.0
119,0.0
120,4.17212549149e-05
121,0.0
122,0.0
123,0.0456092457119
124,0.00750701763751
125,0.00215836898643
126,0.0133483908535
127,0.00114975401623
128,0.0771629458675
129,0.0
130,0.021503817344
131,0.327581236461
132,0.00386372149907
133,0.900845301086
134,0.0
135,0.120652531722
136,0.136082465527
137,0.0216485476992
138,0.0444472365693
139,0.0
140,0.141332694348
141,0.00251170908808
142,0.286490268404
143,0.39189631687
144,0.0169888585816
145,0.0
146,0.00626323180038
147,0.0992607319684
148,0.00137780786779
149,0.00136214258069
150,0.118493953659
151,0.0365880363099
152,0.0
153,0.0
154,0.0
155,0.0614158917523
156,0.370006934289
157,0.454629975174
158,0.0711771561285
159,5.80365598313e-05
160,0.0
161,0.00435937205671
162,0.0100725188431
163,0.118433888164
164,0.00930192184141
165,0.131132588315
166,0.0
167,0.0730988168192
168,0.491836429289
169,0.23961240717
170,0.0407796932227
171,0.0556781035583
172,0.0790899623503
173,0.000782030457607
174,3.94829251253e-05
175,0.0
176,0.317982973304
177,0.0376700198181
178,0.0
179,0.0
180,0.0
181,0.00117301701213
182,0.0
183,0.082047326543
184,0.00896978528211
185,0.0226664399027
186,0.0307349143423
187,0.0119599403834
188,0.213069314155
189,0.402175302568
190,0.0214636288528
191,0.391886813353
192,0.00105443533486
193,0.0230345347385
194,0.0
195,0.025248045918
196,0.0242592012503
197,0.0475375712989
198,0.21977984881
199,0.00647572007401
200,0.0
201,0.000920002773533
202,0.0
203,0.00743857973967
204,0.0
205,0.137020031415
206,0.00222324080041
207,0.0
208,0.0556250284839
209,0.0262258934885
210,0.0134653857413
211,0.0390350803809
212,0.003461811001
213,0.0117455142374
214,0.0064222385866
215,0.0200524379217
216,0.0
217,0.509362169572
218,0.00443402556847
219,0.00838386067669
220,0.0
221,0.0
222,0.0709126882131
223,0.0
224,0.183877525957
225,0.0851118451992
226,0.016383358924
227,0.000666861970509
228,0.00211983684688
229,0.00126014098297
230,0.00119276046754
231,0.0
232,0.00419837109487
233,0.0
234,0.00185424711184
235,0.00172258868021
236,0.0
237,0.734866794179
238,0.123819303801
239,0.0
240,0.071164630773
241,0.317522296486
242,0.106141369716
243,0.0
244,0.00324554720057
245,0.0
246,0.0
247,0.0696183654685
248,0.0
249,0.020232247143
250,0.0494541805576
251,0.0555828173741
252,0.00772855444385
253,0.320337438949
254,0.0
255,0.0407121552056
256,0.0
257,0.000374993274731
258,0.00984545234401
259,0.0
260,0.00141080155273
261,0.0013510940752
262,0.000698183825872
263,0.00390940281464
264,0.0199217114502
265,0.0108590583376
266,0.0
267,0.0
268,0.00789139058891
269,0.0135310698573
270,0.627545964544
271,0.503917296281
272,0.0
273,0.144938569342
274,0.163503995113
275,0.109469620809
276,0.00195311668481
277,0.0
278,0.0434248044016
279,0.0351853735421
280,0.00440100197247
281,0.0235881219718
282,0.0
283,0.00686462853378
284,0.111404038822
285,0.00038445533144
286,0.0
287,0.0143419174921
288,0.00924140907116
289,0.00463891565507
290,0.198266458954
291,0.00574847954264
292,0.00234119680577
293,0.000868043947951
294,0.0822115429936
295,0.0
296,0.015395969632
297,0.00806249122998
298,0.0
299,0.0729896916874
300,0.0
301,0.00407983942245
302,0.0
303,0.00117589094789
304,0.00882906230896
305,0.000719798766813
306,0.0263712869927
307,0.081415475323
308,0.00226001531024
309,0.00113046817159
310,4.1824239605e-05
311,0.182324901079
312,0.0209774324052
313,0.00267343160543
314,0.0156666192895
315,0.00890993440379
316,0.0442549127251
317,0.111038693161
318,0.0
319,0.0687332217995
320,0.0
321,0.0947488319735
322,0.00325768939075
323,0.104078646917
324,0.0552034804613
325,0.0
326,0.0583887848363
327,0.00116286097965
328,0.0147896853769
329,0.00406011135286
330,0.0515402762275
331,0.0417845871397
332,0.000873984025191
333,0.00150346101042
334,0.00548194945783
335,0.00780154987557
336,0.00208411506961
337,0.00700117179862
338,0.0
339,0.000729913003752
340,0.00215924045843
341,0.0695189234961
342,0.0
343,0.0573166052211
344,0.0138925425074
345,0.0109298591432
346,0.00041293479536
347,0.018479354493
348,0.000259190967232
349,0.0
350,0.0872088194784
351,0.0
352,0.232120473719
353,0.013371211546
354,0.0
355,0.0
356,0.0682579269458
357,0.0269993224447
358,0.00170573209
359,0.0
360,0.0
361,0.0464133259046
362,0.0
363,0.0
364,0.00704839837798
365,0.111212421099
366,0.0156841292598
367,3.92884223896e-05
368,0.0
369,0.17431812523
370,0.00174840498525
371,0.0428387024319
372,0.00548172740047
373,0.00107326255537
374,0.00985522982031
375,0.0
376,0.0236849929113
377,0.00814308700331
378,0.338320293373
379,0.0
380,0.0215199650475
381,0.0457052599268
382,0.00179313444522
383,0.0
384,0.0
385,0.00615728130576
386,0.00180756054509
387,0.0
388,0.0218044823068
389,0.0262783134524
390,0.0
391,0.0
392,0.26191589324
393,0.0903575246461
394,0.011677996185
395,0.000598802343575
396,0.0010521714616
397,0.0
398,0.000254755452935
399,0.00128873573307
400,0.092948054869
401,0.00101292442258
402,0.0857622778456
403,0.0
404,0.0
405,0.00832834923187
406,0.0109938048778
407,0.0010494629045
408,0.0
409,0.00128206736033
410,0.469749942334
411,0.614685029924
412,0.0738676189313
413,0.0
414,0.0583983945248
415,0.000348505346894
416,0.0
417,0.0102578898574
418,0.00713925596823
419,0.00481869075686
420,0.000492940750707
421,0.0
422,0.000728988752649
423,0.0040338278464
424,0.0
425,0.107484872402
426,8.61362222317e-05
427,0.144470299707
428,0.0255915621989
429,8.78179636228e-05
430,0.0926646532835
431,0.235081356834
432,0.00101502983171
433,3.92993096376e-05
434,0.0
435,0.015957704188
436,0.0
437,0.00316328684579
438,0.0
439,0.00766436797285
440,0.0
441,0.0629546267592
442,0.0404333292762
443,0.0283599150355
444,0.00372014634994
445,0.0207710396845
446,0.00368988972162
447,0.0011786126766
448,0.223051996404
449,0.0575352019971
450,0.0163627641105
451,0.0369583415226
452,4.16725472632e-05
453,0.0
454,0.169711850536
455,0.000962482402358
456,0.000599838704323
457,0.0015887166018
458,0.0333596876687
459,0.000390717596551
460,0.00250570070911
461,0.00664403782177
462,0.0
463,0.0210442711832
464,0.00382742582493
465,0.00676718750082
466,0.0158182586233
467,0.135497582769
468,0.00114173973019
469,0.00703827474892
470,0.00864139720863
471,0.00891246175125
472,0.0113612251432
473,0.109583330651
474,0.0
475,0.000841853131381
476,0.00427155010362
477,0.00113327070819
478,0.0170284905975
479,0.0
480,0.00136939945832
481,0.0
482,0.000333866416338
483,0.00565127803556
484,0.00479084273021
485,0.0
486,0.00144915924065
487,0.00170483154049
488,4.02012623648e-05
489,0.0672926626324
490,0.148611743927
491,0.0
492,0.0314818341402
493,0.0
494,0.00722054585794
495,0.0131932356261
496,0.0011812472574
497,0.00158828442828
498,0.00558436826062
499,0.0113386016748
500,0.0
501,0.0
502,0.00258002573706
503,0.000224101212938
504,0.00677437327452
505,0.0
506,0.00169688869268
507,0.00375835096737
508,0.00220749538123
509,0.0888959186438
510,0.0264740096618
511,0.00133171287731
512,0.00458664782698
513,0.00282180356687
514,0.0629843048783
515,0.00400735703925
516,0.00214085137683
517,0.00187499676187
518,0.0
519,0.0427004054828
520,0.0
521,0.00924828822549
522,0.0024919329265
523,0.00230627885127
524,0.00252532154777
525,0.00435341027976
526,0.369628457338
527,0.165133443428
528,0.00405157121318
529,0.0
530,0.0132748006749
531,0.0104480163365
532,0.00110074243135
533,0.307155530886
534,0.00371598002836
535,0.0
536,0.00198631642263
537,0.0
538,0.0027155801035
539,0.119350384748
540,0.00125015291208
541,0.19221115404
542,0.000183151322843
543,0.0
544,0.00342917120524
545,0.0762341946275
546,0.0410931049319
547,0.0511749678351
548,0.0
549,0.0639381345878
550,0.00183880132202
551,0.000232683743952
552,0.00113071850075
553,0.00244506279204
554,0.0867398674475
555,0.190758661052
556,0.00698231876316
557,0.130366121237
558,0.257314712991
559,0.00749234063083
560,0.00167823266147
561,0.0
562,0.00172942761806
563,0.00115780708974
564,0.0064960850145
565,0.0474465884344
566,0.000956819334726
567,0.0
568,0.0381630920538
569,0.0
570,0.0128284304114
571,0.00106787092202
572,0.000667320109276
573,0.00180048029934
574,0.09730690116
575,0.0116717980444
576,0.0
577,0.000690398734651
578,0.0062307531288
579,0.00418968889681
580,0.0
581,0.121526044253
582,0.00118588027415
583,0.000371590982713
584,0.0
585,0.000529750402998
586,0.0099892519461
587,0.00076605047582
588,0.00180527712013
589,0.00348648693549
590,0.0252287965178
591,0.019046668817
592,0.0692212196681
593,0.00160272099146
594,0.000496241014302
595,0.0015645016634
596,0.00103195106013
597,0.0372187714845
598,0.00216726335643
599,0.00104843486546
600,0.0
601,0.0
602,0.00102850121455
603,0.00892380150994
604,0.0
605,0.0
606,0.000974431269982
607,0.0
608,0.0188969903137
609,0.0112175180725
610,0.00355309818472
611,0.111858824864
612,0.00210809197391
613,0.025527551237
614,0.00846156594355
615,0.0568530578419
616,0.000469060355755
617,0.00921018982821
618,0.0
619,0.0134445157504
620,0.00239868022183
621,0.0138162212635
622,0.000988150152012
623,0.0
624,0.0150652495627
625,0.00855124135347
626,0.0103060915425
627,0.0296028390664
628,0.0019526232094
629,0.0174817468165
630,0.0
631,0.00150096062819
632,0.00545492405324
633,0.000941319339723
634,0.00148873527794
635,0.00408493161504
636,0.00124028410688
637,0.00749821361767
638,0.00146448156602
639,0.000924725896085
640,0.0780518491645
641,0.00418793663362
642,0.0
643,0.0
644,0.0142766840728
645,0.0
646,0.0
647,0.00824170873873
648,0.00113232400179
649,0.00658760837215
650,0.0443204132364
651,0.00171265683925
652,0.10812073729
653,0.000977488850619
654,0.0464768094763
655,0.103871009836
656,0.000329941290055
657,0.000839317957412
658,6.51889997463e-05
659,0.168194600925
660,0.0162603270173
661,0.0108231345002
662,0.0889649180352
663,0.0
664,0.0
665,0.0
666,0.0278687448996
667,0.00116707328182
668,0.013531150645
669,0.0104416906686
670,0.0
671,0.0
672,0.00814840353105
673,0.00606856870403
674,0.00296102763783
675,0.0
676,0.0
677,0.0805315227135
678,0.0
679,0.0
680,0.000662723684698
681,0.000834828050372
682,0.00122549849416
683,0.197515500457
684,0.0
685,0.0256570851601
686,0.0
687,0.039086275093
688,3.94967409183e-05
689,0.00350814113006
690,0.000953924856297
691,0.0
692,0.0776049893145
693,0.00278415146063
694,0.00348137764548
695,0.0
696,0.0
697,0.0456639955217
698,0.0
699,0.000995106292144
700,0.00125467635223
701,0.000958009065217
702,0.00819127230436
703,0.0
704,0.00110478425132
705,0.00110792909582
706,0.33176394283
707,0.0393847843506
708,0.00025530985087
709,0.0
710,0.000117228224333
711,0.027658815018
712,0.000546614543518
713,0.0019700318652
714,0.00113762448338
715,0.0
716,0.00236880768694
717,0.00132664932828
718,0.0311711189592
719,0.0
720,0.00134028065218
721,0.0
722,0.0410132812928
723,0.00802652990979
724,0.00842690911894
725,0.0326305314263
726,0.00165451725141
727,0.00031403817147
728,0.00694495188496
729,0.00168455185778
730,0.0138587110027
731,0.0120841767224
732,0.00100665648449
733,0.00587089002123
734,0.00331207675099
735,0.00343103336419
736,0.00357589912011
737,0.0909305883437
738,0.0
739,0.0167565675658
740,0.00112500307453
741,0.0124520340855
742,0.00318681951628
743,0.00116230195462
744,0.000371630903731
745,0.0
746,0.0
747,0.0
748,0.0307139210815
749,0.188173806484
750,0.0
751,0.0
752,0.0705313900328
753,0.0
754,0.00215899748831
755,0.0
756,0.0
757,0.133825098125
758,0.0130577125652
759,0.0536675897028
760,0.00839667452218
761,0.0
762,0.021617948243
763,0.0
764,0.00653869036357
765,0.0
766,0.0374048260053
767,0.00133801534845
768,0.138766094868
769,0.0143308654377
770,0.00943396595216
771,0.00285269179343
772,0.00373616499541
773,0.0
774,0.0
775,0.00630818864459
776,0.00109691664161
777,0.000883098561082
778,0.00131836672743
779,0.00166993404604
780,0.00186494145254
781,0.00461270122438
782,0.00304101132112
783,0.00488843562119
784,0.0
785,0.0
786,0.0
787,0.0729009516299
788,0.000830667613145
789,0.00303273845617
790,0.000551218270261
791,0.0
792,0.000765883491233
793,0.00117565985348
794,0.00344125844736
795,0.00994937733395
796,0.00530715307579
797,0.0
798,0.00648864091451
799,0.0035014648902
800,0.0504951134618
801,0.209684940863
802,0.000845891638396
803,0.0
804,0.0
805,0.00464799564556
806,0.0
807,0.119259073193
808,0.00106976032657
809,0.000556436326483
810,0.00534646105546
811,0.00266375085051
812,0.0046193739567
813,0.00199394529786
814,9.75299441124e-05
815,0.000429858731322
816,0.0085439658599
817,0.00698620061392
818,0.0
819,0.00327681050917
820,0.0
821,0.0
822,0.00400547914167
823,0.000100467742264
824,0.000820049451047
825,0.0360956094431
826,7.64252462493e-05
827,0.0211601759429
828,0.00416784619482
829,0.00383089148939
830,0.000434933153592
831,0.0241136844704
832,0.0
833,0.0119538364168
834,0.001660629323
835,0.0
836,0.0
837,0.0
838,0.147717610823
839,0.0133440916712
840,0.0509026397766
841,4.16243707955e-05
842,0.0
843,0.0
844,0.0100576856672
845,0.0
846,0.0081106572078
847,0.0123360365993
848,0.00209461799141
849,0.0153907310044
850,0.0507326016774
851,0.00305808368433
852,0.000168670063559
853,7.24228956535e-05
854,0.295112514574
855,0.0482079296289
856,0.0
857,0.00449760032097
858,0.0942225128124
859,0.0
860,0.000133806596525
861,0.00307839166714
862,0.0
863,0.0016449955139
864,0.00402622889609
865,0.00011953697717
866,0.0
867,0.0190385513473
868,0.00251816671488
869,0.00288501853676
870,0.0813320174678
871,0.0
872,0.00722340344308
873,7.98419364454e-05
874,0.0149538057411
875,0.000618693801495
876,0.00232627302859
877,0.0
878,0.0707591198356
879,0.0275185480431
880,0.000333096183732
881,0.000564044561225
882,0.0013961020692
883,0.00115064301408
884,0.00616289872247
885,3.9242640459e-05
886,0.0
887,0.00277285971997
888,0.00799503040368
889,0.0
890,0.0
891,0.000639189756579
892,0.0379000230863
893,0.00215434340893
894,0.000132980224473
895,0.00157773752506
896,0.000435946224158
897,0.00149745098226
898,0.029581779029
899,0.00256633385227
900,0.00266234985884
901,0.0
902,0.0
903,0.0
904,0.0
905,0.00810740755385
906,3.91968935216e-05
907,0.000209736570728
908,0.00340540471651
909,0.071596400611
910,0.000973927590384
911,0.000106882590733
912,0.00234206320159
913,0.0
914,0.0014663048629
915,0.00562399618888
916,0.000991730738892
917,0.00234112095501
918,0.000930280231818
919,0.0120854368332
920,0.0
921,0.000501356437399
922,0.00647061910499
923,0.0156951375312
924,0.00907654717246
925,0.0
926,0.00116030090545
927,0.145365912534
928,0.000260667486967
929,0.0
930,0.0061398281433
931,0.0
932,0.0
933,8.47059429439e-05
934,0.000541421664357
935,0.0
936,3.94765526019e-05
937,0.0103477063726
938,0.0
939,0.0
940,0.0
941,0.00324067249559
942,0.0
943,0.0346317755643
944,0.0
945,0.001100585158
946,0.00453094858742
947,7.22737084677e-05
948,0.0
949,0.000116311179138
950,0.025379363713
951,0.333369157004
952,0.00429889491126
953,0.0176535393287
954,0.000129008877228
955,0.0
956,3.92199779768e-05
957,0.0122025582099
958,0.00166556055514
959,0.00330185982563
960,0.0
961,0.0
962,0.00055312886029
963,0.0
964,0.00118943156497
965,0.00418145295005
966,0.0
967,0.0
968,0.0
969,0.000809463519173
970,0.000316230970067
971,0.0
972,0.00260276052964
973,0.00476107625204
974,0.000310795954355
975,0.0
976,0.0
977,0.0114075811963
978,0.0289902478133
979,0.000495466327386
980,0.00018385494204
981,0.0706297313482
982,0.00577679144624
983,0.101060321573
984,0.000580719229775
985,5.21422693738e-05
986,3.9347667903e-05
987,5.29202328701e-05
988,0.00506265142976
989,0.000153101339547
990,0.0
991,0.0
992,3.93691232032e-05
993,5.93175714689e-05
994,0.000118700302093
995,0.000838477677951
996,0.0250298118909
997,0.0190824244249
998,0.00014473062059
999,0.00109442834022
1000,0.0
1001,4.25285570684e-05
1002,0.000249873397566
1003,8.11992728726e-05
1004,0.0017944597383
1005,0.00611949737492
1006,0.00187498900318
1007,0.00262546577444
1008,0.000429089250459
1009,4.95112381773e-05
1010,0.00250591014725
1011,0.0
1012,0.0
1013,0.00219386508771
1014,0.0
1015,0.000602931283851
1016,0.0036740468336
1017,0.0125000201707
1018,0.00418933398698
1019,0.0
1020,0.00309348586973
1021,0.0
1022,0.00320166941596
1023,0.0184163388147
1024,0.0
1025,0.0
1026,0.0460250282474
1027,0.0
1028,0.0155638719015
1029,0.0127153892242
1030,0.0
1031,3.92435689625e-05
1032,0.0
1033,3.93928041209e-05
1034,0.000642180957094
1035,0.0
1036,0.0
1037,0.00136821819701
1038,0.0824931512984
1039,0.000222179630805
1040,0.0
1041,0.019806232009
1042,0.0
1043,0.0014185770648
1044,0.0
1045,0.00148631977961
1046,0.0
1047,0.0464426012227
1048,0.038800895417
1049,0.0
1050,3.94043756913e-05
1051,0.0
1052,0.00270480616566
1053,0.00401626445739
1054,0.0
1055,0.00153628241471
1056,0.0
1057,0.0042687392328
1058,5.79769247167e-05
1059,0.000121455460552
1060,0.00224000956156
1061,5.06785815784e-05
1062,0.00156251473033
1063,0.000486827776817
1064,0.002847228674
1065,7.97618566324e-05
1066,0.000852857334782
1067,0.000279923779344
1068,0.0
1069,0.000151750645021
1070,0.000192306794048
1071,0.0351426658544
1072,0.0
1073,0.00158895572973
1074,5.23759360012e-05
1075,0.00104323769127
1076,0.0
1077,0.0
1078,0.0446853741268
1079,0.00106877928902
1080,0.0011453022448
1081,0.0
1082,0.00333762943114
1083,0.00902812711986
1084,0.0002072166963
1085,0.0
1086,0.00901952151021
1087,0.00086212110126
1088,0.0
1089,0.00487843554765
1090,0.00154789154231
1091,0.00013589549176
1092,0.00131531632098
1093,0.013542713643
1094,6.22873151448e-05
1095,0.00888886706019
1096,0.000153962049623
1097,0.0
1098,0.000855172357358
1099,0.000921928893306
1100,0.00171326620912
1101,0.00168080703269
1102,0.000169204579204
1103,0.00246189138348
1104,0.000207308605003
1105,0.0
1106,0.0
1107,0.000141350350178
1108,0.004893319156
1109,0.0
1110,0.00181633366018
1111,0.000128490578057
1112,0.00348641978248
1113,0.0
1114,0.0227214437456
1115,6.12575656755e-05
1116,0.0
1117,0.0
1118,0.00231013019928
1119,0.0
1120,0.0436629230682
1121,0.000171803804746
1122,0.000380785021648
1123,0.000984494449958
1124,0.000121975871828
1125,0.0
1126,0.0
1127,0.0
1128,0.000405784910549
1129,0.0488874814663
1130,0.00348174339216
1131,0.0
1132,0.0
1133,4.95942522938e-05
1134,0.0
1135,0.000230043728721
1136,0.0
1137,0.0
1138,0.000359981730837
1139,0.000115273809012
1140,0.00128977460243
1141,0.0606043907292
1142,0.0
1143,0.00252279834172
1144,0.0
1145,0.00116697896585
1146,0.00638456570652
1147,8.05104456094e-05
1148,0.00197829475809
1149,0.00432690396084
1150,3.93591462138e-05
1151,0.0
1152,0.000109291659962
1153,0.003156587808
1154,0.0
1155,0.0204413135451
1156,0.0
1157,0.0
1158,0.0
1159,0.00514979594675
1160,0.00398827732033
1161,0.0100390187766
1162,0.0015482464712
1163,0.00631623257832
1164,0.00267011689169
1165,0.0132811554858
1166,4.15130267588e-05
1167,0.000447103998818
1168,0.00342550909547
1169,0.0
1170,0.00564258083381
1171,0.00272816774918
1172,0.00370868958755
1173,0.0246521450337
1174,0.00781839628081
1175,0.264157740711
1176,6.56847501825e-05
1177,0.0
1178,0.0592604079145
1179,0.0
1180,0.0059960111393
1181,0.0
1182,0.000832399945847
1183,4.16021287104e-05
1184,0.00078528053446
1185,0.0
1186,0.00697398675351
1187,8.87259132747e-05
1188,0.00275515220913
1189,0.0
1190,0.00216709384805
1191,0.0107423724901
1192,0.00222476576705
1193,0.000304976330216
1194,0.000147055795161
1195,0.000633273752447
1196,0.0
1197,0.000308185093358
1198,0.0692289533181
1199,0.0
1200,0.00493235592528
1201,0.0
1202,0.00177612048005
1203,0.0
1204,0.0
1205,0.0
1206,0.0
1207,0.0256388230174
1208,0.000314740506834
1209,0.000194473642995
1210,0.000626495784997
1211,0.0179339979548
1212,8.10621734435e-05
1213,0.00239182570555
1214,9.06116382251e-05
1215,0.00149285427327
1216,0.000445480736203
1217,0.000121742786081
1218,0.0
1219,0.00194287472304
1220,0.000205237705724
1221,0.000286904185224
1222,0.00420397269207
1223,0.00041222690323
1224,0.00100131631766
1225,0.0
1226,0.00149682473893
1227,0.0028246492098
1228,0.0149338182822
1229,0.00111089030702
1230,0.000419210348793
1231,5.34945454413e-05
1232,0.00159203756995
1233,0.0
1234,0.039029667561
1235,0.00689712011941
1236,0.00325410627877
1237,0.0
1238,0.0
1239,8.57802790803e-05
1240,6.62895260763e-05
1241,0.0
1242,0.000587418611245
1243,4.98399125926e-05
1244,0.131522630166
1245,0.00121889828049
1246,0.0
1247,0.000739434916592
1248,3.93332250805e-05
1249,0.00389028173029
1250,0.00122764044004
1251,0.00315012236944
1252,0.000921314474379
1253,0.0180251038706
1254,8.88155174632e-05
1255,0.000124262338755
1256,0.00139821137278
1257,0.0014192322406
1258,0.000229748696828
1259,7.61479383624e-05
1260,0.000126634276037
1261,0.0
1262,0.0
1263,0.0591648991253
1264,0.0
1265,0.00547016314397
1266,0.00143716545868
1267,0.000141054262341
1268,0.000379333511563
1269,0.00081888687734
1270,0.00529610953245
1271,0.000419691083693
1272,0.0
1273,8.50850270444e-05
1274,0.0116307130787
1275,0.0
1276,0.000412905514939
1277,0.0
1278,6.87933932562e-05
1279,0.000369225789424
1280,0.000467487849541
1281,0.000485410175108
1282,0.0
1283,0.0
1284,0.00244783193023
1285,0.000542045915398
1286,0.0010429793524
1287,7.19985550983e-05
1288,0.0
1289,0.0
1290,0.00145575476139
1291,0.0021917056666
1292,0.00771624408091
1293,0.0906909800128
1294,0.00775005593999
1295,0.0
1296,0.0
1297,0.00992699752192
1298,0.0120213528152
1299,0.0
1300,0.0353707728137
1301,0.0
1302,0.000119841784051
1303,0.0
1304,4.13298424267e-05
1305,0.0026859808377
1306,0.000119518424543
1307,0.0
1308,0.0
1309,0.00640626821606
1310,0.0231202794114
1311,0.00642845844343
1312,0.000806208530391
1313,0.00905225084653
1314,0.000842060002274
1315,0.00171248733443
1316,0.105617684787
1317,5.24650081801e-05
1318,0.000650035647863
1319,0.00116597620233
1320,0.0
1321,0.0
1322,0.0
1323,0.000898492743312
1324,0.0005600321172
1325,0.0116538846534
1326,0.000270955483991
1327,0.00395068401698
1328,0.0
1329,0.0134471088737
1330,0.0470422803747
1331,0.00154530370088
1332,0.0
1333,0.000379688314826
1334,0.0
1335,3.92556704667e-05
1336,0.00158817920023
1337,0.000289534982148
1338,7.1120734177e-05
1339,0.00191671382131
1340,0.00113295649589
1341,0.000284447636369
1342,0.00111672858533
1343,0.0035694093853
1344,0.000800327512429
1345,0.0
1346,0.00118578121595
1347,0.000724302408412
1348,0.0
1349,0.000758454492335
1350,0.00236815065533
1351,0.0036772698852
1352,0.000206033370487
1353,0.00115471876055
1354,0.000852609886312
1355,0.00463506706683
1356,0.0243406805207
1357,0.0
1358,0.00330566107347
1359,0.00585430237924
1360,0.000360976076026
1361,0.00678971988478
1362,0.0
1363,0.000443374022425
1364,0.00213945895864
1365,0.00332969201134
1366,0.00136092911501
1367,3.94687299856e-05
1368,0.0159411683603
1369,0.00524452309733
1370,0.00327043529089
1371,0.0
1372,0.00090036316738
1373,0.0
1374,0.0
1375,0.043123372642
1376,0.00103691654079
1377,4.19170382546e-05
1378,0.00237615828225
1379,7.36168763811e-05
1380,0.00578110517027
1381,0.00102658591415
1382,0.000621238127529
1383,0.000344901177322
1384,0.00259967208557
1385,0.0173765727384
1386,0.0710203591888
1387,0.00297787633276
1388,0.00364452489898
1389,0.0
1390,0.000161409976281
1391,0.00931821645168
1392,0.000730520666187
1393,0.00032266606116
1394,0.00090407932441
1395,0.0
1396,0.00359847717129
1397,0.0015106484056
1398,0.000138126337002
1399,0.0234950054036
1400,0.0
1401,0.000114931899875
1402,0.00740305079865
1403,0.00290627528813
1404,0.00385787846312
1405,9.40289000355e-05
1406,0.0870087389125
1407,0.0
1408,0.00283767891732
1409,0.00016025281458
1410,4.15487732681e-05
1411,0.0027164286389
1412,0.00786266747751
1413,0.0
1414,0.00525323346548
1415,0.0
1416,4.17199320957e-05
1417,0.0
1418,0.0870029157089
1419,3.91793220764e-05
1420,0.0
1421,0.00573166632923
1422,0.0
1423,0.0
1424,0.0014929534652
1425,0.00157270151717
1426,0.0
1427,0.000612351895969
1428,0.00168280606052
1429,4.90614424873e-05
1430,0.00365762270104
1431,0.0
1432,0.00417377069716
1433,0.00473516445285
1434,0.0
1435,0.00181227120387
1436,0.0
1437,0.0
1438,0.015301885048
1439,3.94613020571e-05
1440,0.000973251531832
1441,0.00233794663097
1442,0.00310781421578
1443,0.00015608455436
1444,0.023796247359
1445,4.0104214408e-05
1446,0.0
1447,0.0142871566449
1448,5.45825358333e-05
1449,0.031235900261
1450,0.0
1451,0.0
1452,0.000150511377647
1453,0.00136070659957
1454,0.0
1455,0.0128252600653
1456,9.91284403677e-05
1457,0.00418120991389
1458,4.02733476381e-05
1459,0.0274788645439
1460,0.0498484733859
1461,5.1296490291e-05
1462,0.0156846250967
1463,0.000335919552748
1464,0.0168053853553
1465,0.000103405969305
1466,4.18389732957e-05
1467,0.0
1468,0.0
1469,0.0545340062146
1470,0.000526702959669
1471,0.00174296205508
1472,0.0941998580245
1473,0.000461668873007
1474,0.0
1475,0.00862352321695
1476,0.0
1477,7.32536361912e-05
1478,0.0
1479,0.0
1480,0.0150116511153
1481,0.0
1482,0.00374749931551
1483,0.0
1484,0.000282511254484
1485,0.000780208766701
1486,0.0
1487,0.000126587410985
1488,0.000195189660775
1489,0.0121406589513
1490,0.0
1491,0.0
1492,0.0
1493,0.0
1494,0.0
1495,0.0
1496,0.0
1497,0.0
1498,0.0
1499,0.000386841584719
1500,0.00151989661978
1501,0.000387230176314
1502,5.56764755726e-05
1503,0.0
1504,0.00293411638292
1505,4.15600274528e-05
1506,0.00273402414629
1507,0.000288075787239
1508,0.0661124748521
1509,7.23680016743e-05
1510,0.0010843548111
1511,0.0635896816377
1512,0.00153315117817
1513,0.000324600661753
1514,0.00100855966474
1515,0.0014880321285
1516,0.000542150429381
1517,0.0
1518,0.0
1519,4.15235380804e-05
1520,0.000463084409577
1521,0.000249381153872
1522,0.0
1523,0.000416180425987
1524,0.000226502634908
1525,0.0111998124641
1526,0.00407980738809
1527,0.000301497149632
1528,0.00222068102142
1529,0.000735126761757
1530,0.0
1531,0.000245654070939
1532,0.000563003915914
1533,0.00780968584353
1534,0.000444307680907
1535,0.000112771667714
1536,4.89825783641e-05
1537,0.0
1538,0.0
1539,0.000529474009153
1540,0.034510310724
1541,0.000265642048706
1542,0.00189700468254
1543,0.000290210963175
1544,0.00173773501216
1545,0.0
1546,0.0792661611264
1547,0.00110307797258
1548,0.000323849751604
1549,0.00536021969094
1550,0.00284970789364
1551,0.000245129265179
1552,0.000453012410869
1553,0.0
1554,0.000450177841716
1555,0.000797178023751
1556,3.94230154881e-05
1557,0.0
1558,6.95925185221e-05
1559,6.49871752261e-05
1560,0.00648993333041
1561,0.0
1562,0.013187053367
1563,0.00819329287474
1564,0.0
1565,0.00171678156842
1566,0.00264502805899
1567,0.000385286263423
1568,0.000773775670081
1569,0.0309086337933
1570,0.0101162814254
1571,6.14854194416e-05
1572,0.000460087392292
1573,0.000305947569219
1574,6.04103447195e-05
1575,0.034085130299
1576,0.000227231792354
1577,0.0134131375558
1578,0.000853270212279
1579,0.00229622080168
1580,0.000438837360521
1581,0.0310057227207
1582,9.35710673811e-05
1583,0.0
1584,0.0041212486183
1585,0.000115491011126
1586,0.00482268358128
1587,0.000159908814617
1588,4.93151122041e-05
1589,0.0
1590,0.00209423319206
1591,0.00274594158294
1592,0.00604105076301
1593,0.000202290278849
1594,4.17223428757e-05
1595,4.92253460393e-05
1596,0.0
1597,0.00380975580021
1598,0.0171614893426
1599,0.000348892304864
1600,0.00132697897202
1601,6.0320405904e-05
1602,0.000567773295782
1603,0.0015193733509
1604,0.0
1605,0.000709646312634
1606,0.0
1607,0.0185114585763
1608,0.0
1609,0.000967799442925
1610,0.00113651392399
1611,0.00581800297242
1612,4.01143364441e-05
1613,0.000637371288454
1614,0.000826033250078
1615,0.0
1616,0.0
1617,0.0
1618,5.61836846056e-05
1619,4.17379188717e-05
1620,4.90351096345e-05
1621,0.0
1622,0.000728884074961
1623,0.00144036339976
1624,0.0192546005017
1625,6.52427296579e-05
1626,0.000204932844363
1627,0.0
1628,0.000196200244065
1629,4.17368700689e-05
1630,0.0
1631,0.107250035844
1632,0.0
1633,0.0
1634,0.00234276508685
1635,0.00057766422602
1636,0.0
1637,0.0033332558844
1638,0.00019620409853
1639,0.00871335802965
1640,0.0
1641,0.00193572915797
1642,6.65991409732e-05
1643,0.000862159830957
1644,3.92880167617e-05
1645,0.0853611158804
1646,0.00762272385338
1647,0.0174615839009
1648,0.000274912534914
1649,0.0
1650,0.0
1651,0.00806758785354
1652,0.000412796969559
1653,0.000498185643396
1654,0.000130432544969
1655,0.000153660749796
1656,4.17010992479e-05
1657,0.00259590818981
1658,0.000929496554491
1659,0.000699902613051
1660,0.0
1661,0.00487735184917
1662,0.0
1663,0.000370119237738
1664,0.00166989292936
1665,0.0
1666,0.0417918611583
1667,0.0
1668,0.00183020721749
1669,0.000177779116037
1670,0.0
1671,0.000550550957273
1672,0.00190850335604
1673,0.000491649735687
1674,0.0
1675,0.00175777536617
1676,0.00302697515179
1677,6.53562624571e-05
1678,0.0107701611433
1679,0.027439524007
1680,0.0
1681,0.00928717913142
1682,0.00056998515037
1683,0.0
1684,4.18920505041e-05
1685,0.000215413103969
1686,0.0375424704148
1687,0.00385691262613
1688,0.000292559260312
1689,0.00225450849116
1690,0.0
1691,0.00012529155093
1692,0.00295632303184
1693,0.0
1694,0.00229512810306
1695,0.0
1696,7.7204106701e-05
1697,0.0
1698,0.0
1699,0.000154867975166
1700,0.0
1701,0.0014454849022
1702,0.0
1703,0.0138323730087
1704,0.0661046155644
1705,4.1713827891e-05
1706,0.000197641653836
1707,3.95127405639e-05
1708,0.0
1709,0.0
1710,0.0
1711,0.0
1712,0.000687553868143
1713,0.0141222967699
1714,0.000184508435168
1715,0.0167720608264
1716,0.00474880686152
1717,0.00039157955031
1718,0.0109568043693
1719,0.00155049847028
1720,3.92283489328e-05
1721,0.00837657167301
1722,0.0
1723,4.164714883e-05
1724,0.000419604734002
1725,0.0270099923859
1726,0.0385559005819
1727,0.0
1728,0.000309319926526
1729,0.000212704141494
1730,0.000186559490628
1731,0.000123960352371
1732,0.000349688249099
1733,0.0
1734,0.0183721860622
1735,0.00457825958592
1736,8.95213646053e-05
1737,0.0108906360843
1738,0.000185683952465
1739,0.0
1740,0.0
1741,8.68258126867e-05
1742,8.95281894238e-05
1743,6.37396253271e-05
1744,0.0
1745,0.00208611408333
1746,0.000186165926651
1747,0.00441139250335
1748,0.0
1749,0.0
1750,0.0
1751,0.000425473283547
1752,0.000210198478548
1753,4.89873327041e-05
1754,0.0
1755,0.0
1756,0.0
1757,0.000345723732192
1758,0.000253503863865
1759,0.000186740743655
1760,7.01474996525e-05
1761,0.0305020508902
1762,0.00434967056832
1763,0.01180981648
1764,0.00324015498851
1765,0.0
1766,0.00424196007819
1767,0.00142119383704
1768,0.000883905480691
1769,0.0
1770,0.0
1771,0.00165604127314
1772,0.00189217072223
1773,0.0
1774,0.00219025660461
1775,0.0
1776,5.59637755098e-05
1777,0.00191920760828
1778,0.0
1779,5.91204127152e-05
1780,4.16511959513e-05
1781,6.76897863756e-05
1782,0.000114584450645
1783,0.000167185069983
1784,0.000174897198072
1785,0.00697374462748
1786,0.000281948170031
1787,0.0
1788,0.010722580913
1789,0.00121653124528
1790,0.0588843237047
1791,0.000573414800246
1792,0.000304135814127
1793,0.0
1794,0.000363082872939
1795,0.0
1796,6.68498694685e-05
1797,0.048594861403
1798,4.15178445308e-05
1799,3.92711134478e-05
1800,7.95680625374e-05
1801,9.2439464451e-05
1802,0.000706848804712
1803,0.00161861682791
1804,0.000518545077198
1805,0.00135499220668
1806,0.000151937275815
1807,0.000150606214915
1808,0.0
1809,0.00176843173353
1810,0.000145764450185
1811,0.0
1812,0.000159483444798
1813,0.000183670783414
1814,0.000596853945606
1815,0.0109723607458
1816,0.0
1817,8.15861639936e-05
1818,0.00695006165835
1819,0.00105561923319
1820,3.92246472072e-05
1821,0.0
1822,0.0
1823,0.000598485778613
1824,0.0245851022884
1825,0.000359075094105
1826,4.18883171838e-05
1827,0.0
1828,0.000119594829649
1829,0.000199794378144
1830,9.58133758897e-05
1831,0.00523234580766
1832,0.0
1833,0.0
1834,0.000819800654071
1835,0.00778549989399
1836,0.000346397337874
1837,3.92952192509e-05
1838,0.000384046923417
1839,0.000460617469339
1840,0.000224486057642
1841,0.000414973907351
1842,0.0127228203379
1843,0.000106940251123
1844,0.00990526356957
1845,0.00103714576252
1846,0.00123611964219
1847,0.0
1848,0.0
1849,7.11428651381e-05
1850,0.000248663126059
1851,0.0
1852,0.0
1853,0.0038265574684
1854,8.30656290258e-05
1855,0.000202786853827
1856,0.0
1857,0.0
1858,0.00177032453129
1859,0.0
1860,0.00769852570385
1861,5.7855380132e-05
1862,0.00058210984925
1863,0.000832866942175
1864,5.126847002e-05
1865,0.000619802990715
1866,3.94227997154e-05
1867,0.0
1868,0.000250108975379
1869,0.000680864646097
1870,0.0
1871,0.0
1872,0.0
1873,0.0
1874,6.64752725106e-05
1875,0.0158526153296
1876,0.000101490389731
1877,0.11706592484
1878,0.0
1879,0.000272744366173
1880,0.000321908902981
1881,8.17713245214e-05
1882,0.00530888526421
1883,0.00073569591196
1884,6.16356095899e-05
1885,0.000642777228988
1886,4.17070185383e-05
1887,0.0
1888,0.000343001781255
1889,0.00977279333865
1890,0.000360257089516
1891,0.0
1892,7.31757560009e-05
1893,0.00856481391732
1894,0.000305805275782
1895,0.00327472016159
1896,0.000115176839958
1897,5.78010142731e-05
1898,0.0
1899,0.000359449958031
1900,3.93134308658e-05
1901,0.00215592391153
1902,0.000259864677098
1903,7.95179930009e-05
1904,0.000204923210318
1905,0.0004042935083
1906,0.00358794377832
1907,0.00027873341443
1908,0.0
1909,7.49156329509e-05
1910,0.00689051357545
1911,5.74463028364e-05
1912,0.00295281440407
1913,0.000120198143235
1914,0.000182214525841
1915,0.000249520720747
1916,0.017518450483
1917,0.0
1918,0.00193707399869
1919,0.000144522166815
1920,0.000296977146371
1921,0.000442699097945
1922,0.0
1923,0.000173720055376
1924,0.0031258195616
1925,0.0127073746248
1926,0.00155460474136
1927,0.00112790144788
1928,0.00139250875916
1929,0.000149214505449
1930,0.00196639148959
1931,0.000873110821204
1932,0.0002128048855
1933,8.33833996872e-05
1934,0.00014745207663
1935,0.0122137529183
1936,0.0705519708709
1937,0.00142795006477
1938,7.74817850124e-05
1939,0.000271762666352
1940,0.00113050375631
1941,0.0
1942,0.0
1943,0.00297519740006
1944,0.00130887607289
1945,0.000750586384055
1946,0.00169912466361
1947,0.0265973615765
1948,0.000238050285841
1949,0.000711577815566
1950,0.0
1951,0.00248450457388
1952,0.000569618514993
1953,0.00129165425833
1954,7.37345755417e-05
1955,5.86444529915e-05
1956,0.0
1957,0.00609237212196
1958,0.00280218119524
1959,0.0
1960,0.0
1961,8.85152236223e-05
1962,0.0011961118252
1963,0.000325400842226
1964,0.000244737512336
1965,0.00221941065282
1966,0.0
1967,0.00417103761697
1968,0.0
1969,0.00664315998805
1970,0.000434723882447
1971,0.000126959031646
1972,0.00015541783356
1973,0.00943779132397
1974,0.00118557618935
1975,8.18683260002e-05
1976,0.0
1977,0.0
1978,0.00194579053196
1979,0.000223558967092
1980,0.0095681837414
1981,0.00918260963708
1982,0.000450260408433
1983,0.000143232199523
1984,8.94811263796e-05
1985,0.000640587052107
1986,0.00137283144093
1987,0.0204383068889
1988,0.00027612397514
1989,0.000105216756147
1990,0.0
1991,0.00420606435858
1992,0.0
1993,0.000137677848399
1994,7.24737458517e-05
1995,0.000561250197644
1996,0.0
1997,0.000351185205446
1998,0.000105164872271
1999,0.0019254133203
2000,0.0
2001,0.0712714841612
2002,8.6718045162e-05
2003,0.000900529305311
2004,0.0
2005,0.000155292218948
2006,0.00533756221146
2007,0.0
2008,0.000181842986231
2009,0.000628246309281
2010,0.000603036409427
2011,0.000153763738573
2012,0.0170857595365
2013,0.00846735779581
2014,0.0
2015,0.000248352537311
2016,5.14027105942e-05
2017,5.50961413772e-05
2018,0.0
2019,0.00134845602108
2020,0.000207746762136
2021,0.000196973009217
2022,0.0
2023,5.57825215504e-05
2024,0.0124300659704
2025,0.0
2026,0.0
2027,0.00681407243392
2028,0.0
2029,0.000241716903378
2030,9.74372613696e-05
2031,0.000228994549483
2032,0.0224596123058
2033,0.000703719761603
2034,0.000277085164968
2035,0.000442929496377
2036,0.0
2037,0.000209164321702
2038,5.76339612688e-05
2039,0.000152392459832
2040,0.000572403491953
2041,0.0
2042,5.90319101854e-05
2043,0.000265181898007
2044,6.13195767123e-05
2045,0.00128797375728
2046,0.0
2047,0.0114705933723
2048,0.0
2049,0.0102982257528
2050,0.0
2051,0.00278804784494
2052,5.79009159174e-05
2053,0.00187373358941
2054,0.0
2055,0.000265579185902
2056,0.000232369129219
2057,5.57973482742e-05
2058,0.000196568362297
2059,0.000277172145829
2060,0.000319873947745
2061,0.003180134205
2062,0.000939331977528
2063,0.0
2064,0.000595774168045
2065,0.0221822395594
2066,0.000135976009918
2067,8.0477770307e-05
2068,0.000991494400266
2069,0.000185795220837
2070,0.0
2071,0.000583828525445
2072,0.000473868050681
2073,0.000147548059879
2074,0.00124686965466
2075,9.89242917462e-05
2076,0.0
2077,0.00116588155388
2078,0.000477486372283
2079,0.0
2080,0.0123839927042
2081,0.000873086689559
2082,0.000123512285803
2083,0.000650777288121
2084,0.0
2085,0.000286915248304
2086,0.00019798864942
2087,0.000194818259573
2088,0.000757493760658
2089,0.000604629229568
2090,0.0347117549914
2091,0.0
2092,0.000154842951559
2093,0.0
2094,0.00193765372314
2095,0.0504748504069
2096,0.0018812038954
2097,0.0
2098,0.000297498444168
2099,9.16882924797e-05
2100,0.000184952037209
2101,0.000108640470429
2102,4.86224560503e-05
2103,0.000374733691621
2104,5.1847814722e-05
2105,0.00014874765662
2106,0.000204931263454
2107,0.0
2108,9.20806118714e-05
2109,0.00026562278706
2110,0.0
2111,0.0004616737572
2112,0.000483064243428
2113,0.00101920681018
2114,0.000894487929949
2115,0.000378050418968
2116,0.000158908244307
2117,0.000164105658322
2118,0.00014131506535
2119,0.000305424525394
2120,0.00297970299023
2121,0.00224264059331
2122,0.000101143678685
2123,0.000798289640029
2124,0.000485343379031
2125,0.000349529024376
2126,0.000487706205229
2127,0.000181084884527
2128,0.000292728593779
2129,0.000221068909008
2130,0.0482977654331
2131,8.48245029212e-05
2132,0.0
2133,6.1908396046e-05
2134,0.000463340308342
2135,7.45842157124e-05
2136,9.68236564161e-05
2137,0.00245013133487
2138,0.00148201319119
2139,0.000961776465717
2140,0.000393060911498
2141,0.000546655328506
2142,0.0104723582136
2143,0.000121858704901
2144,5.16059912408e-05
2145,0.000113133040083
2146,0.000127035697168
2147,0.00205069629499
2148,0.00317483675398
2149,0.0
2150,0.00473432874399
2151,0.0453102086677
2152,0.000135822598391
2153,0.00168875885985
2154,0.00186795620446
2155,0.000108740147482
2156,0.0
2157,9.18485160777e-05
2158,0.0184427058387
2159,0.00225659242949
2160,0.000223196658246
2161,0.0
2162,0.000150956202862
2163,0.000176438767685
2164,0.00123902417248
2165,0.0
2166,0.000206874275981
2167,6.28084503402e-05
2168,0.0
2169,0.000602204084262
2170,0.00022711761236
2171,0.0
2172,0.0
2173,9.57323560264e-05
2174,0.000575070742365
2175,0.00218692130426
2176,0.00197905328814
2177,5.11746676231e-05
2178,0.00048568338292
2179,0.00199025460674
2180,0.00615364175966
2181,0.019449098029
2182,0.00159556266824
2183,0.00012064123437
2184,0.00025680028438
2185,0.000225465002332
2186,0.000154381036454
2187,0.00057303985707
2188,0.000334756190662
2189,0.0278283489015
2190,9.73276500322e-05
2191,0.0
2192,0.0
2193,0.000178907433482
2194,0.000339858939262
2195,4.69748733627e-05
2196,0.000778357252706
2197,0.00103261584061
2198,0.000357884989755
2199,4.69694017058e-05
2200,0.000775121570218
2201,7.90033639664e-05
2202,0.00106110035842
2203,0.00010588639256
2204,0.000458930622552
2205,0.00727682598828
2206,0.000108028027221
2207,0.000382868869424
2208,0.000181986452372
2209,0.000375623283147
2210,0.000418816481401
2211,0.0
2212,0.00655792043015
2213,9.14252087352e-05
2214,0.00151361876607
2215,0.000957152344322
2216,0.0268645563731
2217,0.000171827845299
2218,0.000170284396369
2219,0.000381514203367
2220,7.93034539752e-05
2221,0.000115377138732
2222,0.00218599814586
2223,0.0
2224,0.0
2225,6.40913572658e-05
2226,0.000339612174522
2227,6.47561004135e-05
2228,0.0422464724459
2229,0.00242238509713
2230,9.31991486084e-05
2231,0.00214514981986
2232,0.000339016804169
2233,6.86157456258e-05
2234,0.000216761345264
2235,0.0
2236,0.00994626063299
2237,7.18435724201e-05
2238,0.000217287442228
2239,0.0
2240,0.0332264010378
2241,0.000128125629265
2242,9.3550633407e-05
2243,7.42165643772e-05
2244,0.0
2245,0.000250192628883
2246,0.000174994980028
2247,0.0
2248,3.93539635954e-05
2249,0.000325285723795
2250,0.0
2251,0.00148537853506
2252,0.0
2253,0.000299452535929
2254,0.0
2255,0.0
2256,6.26418561338e-05
2257,0.000528141409444
2258,0.000231559415895
2259,0.000233251398291
2260,6.84532525339e-05
2261,0.000113197766589
2262,0.0
2263,0.002404335218
2264,0.0
2265,0.000649525593063
2266,0.00607351163782
2267,0.000239623507491
2268,0.000109946991676
2269,0.000141010184625
2270,0.00134525360704
2271,0.00247418060175
2272,0.00584141907443
2273,0.000191499071836
2274,0.0243394940751
2275,7.2040207443e-05
2276,0.00209468760537
2277,3.95033099725e-05
2278,4.16155843244e-05
2279,0.0
2280,7.14982634222e-05
2281,0.0112511935164
2282,7.85364507978e-05
2283,0.0
2284,0.00064192493905
2285,0.000261767196972
2286,0.00299029358542
2287,0.0
2288,0.0
2289,0.000146681108293
2290,0.000114592699618
2291,8.22513178917e-05
2292,0.0
2293,0.00733764285662
2294,0.000198247383394
2295,0.000140201225168
2296,0.00328926928974
2297,0.000352905067644
2298,0.00028653833155
2299,0.0
2300,0.0
2301,0.000176845150597
2302,0.0277060269563
2303,0.00585204645566
2304,0.00040660209853
2305,7.2131226895e-05
2306,0.000101866628524
2307,0.000117057819526
2308,5.08603685647e-05
2309,0.000513528304324
2310,0.00010585615256
2311,0.00061228640096
2312,0.0
2313,4.07546419421e-05
2314,0.00038922215501
2315,4.46576542874e-05
2316,0.00265068497129
2317,0.0432669170471
2318,0.0
2319,0.0
2320,0.000398552708452
2321,3.95037319199e-05
2322,7.29536576891e-05
2323,5.68679947963e-05
2324,8.12285022964e-05
2325,0.0
2326,0.00993501893044
2327,5.80636922001e-05
2328,0.0
2329,0.0
2330,0.000458416834184
2331,0.000178140029501
2332,0.0001566252752
2333,0.000166389331431
2334,7.52474534638e-05
2335,5.72305846553e-05
2336,0.0
2337,0.00016179015177
2338,0.000127045699514
2339,0.000216964869701
2340,0.0
2341,0.0
2342,0.0
2343,0.000467371134862
2344,0.000662007153389
2345,0.000832703472791
2346,8.75162868241e-05
2347,0.00132763892293
2348,0.000258372275826
2349,0.0309898383013
2350,7.10382401699e-05
2351,0.000189265581951
2352,0.000188363263515
2353,0.0243834304262
2354,0.0
2355,0.0
2356,0.000911990177681
2357,0.000140563927556
2358,3.92514924874e-05
2359,4.55101407133e-05
2360,7.12945244565e-05
2361,0.000339261335722
2362,0.000115038374463
2363,5.46864292699e-05
2364,6.59589210548e-05
2365,7.51070353697e-05
2366,0.00020502201208
2367,0.0
2368,0.000311097635053
2369,0.0
2370,0.000175972494825
2371,0.00147491670679
2372,0.000224979515332
2373,4.39472431095e-05
2374,0.00024501437436
2375,0.00500171737541
2376,0.000210264095991
2377,0.00462110234314
2378,0.0002595577464
2379,0.0
2380,0.000398130809258
2381,0.0
2382,7.57856823732e-05
2383,0.00022247022754
2384,0.000372452690369
2385,0.0
2386,4.17858080279e-05
2387,4.76924457926e-05
2388,9.39821661485e-05
2389,0.00102791919397
2390,0.000292972944491
2391,0.00041918455381
2392,0.00886897567419
2393,3.92444146402e-05
2394,8.37107217566e-05
2395,0.0245789128655
2396,0.00156819457247
2397,0.00198943595434
2398,0.0023083118525
2399,5.89282106698e-05
2400,0.000249702956881
2401,0.0354587952751
2402,6.87758746518e-05
2403,0.000319142308186
2404,8.4264267286e-05
2405,8.53902350659e-05
2406,0.0
2407,0.00254178786159
2408,0.000159285522971
2409,0.0
2410,0.0
2411,0.0
2412,0.00609149007802
2413,0.000305599570174
2414,0.000291149589389
2415,0.00063654935738
2416,0.000877584062257
2417,0.0
2418,0.000307464554208
2419,0.000315256929271
2420,0.000690494679068
2421,0.000134958967856
2422,0.0
2423,0.000457557190678
2424,0.000120334685115
2425,0.000495956146936
2426,0.00158099694218
2427,0.000212090028357
2428,5.87570694677e-05
2429,0.000111907777983
2430,0.000420497485266
2431,0.0
2432,0.000778625325159
2433,0.00238711917201
2434,0.000139004772654
2435,0.000461740670343
2436,0.000174810328335
2437,9.23118052918e-05
2438,0.0
2439,0.0
2440,4.36351686375e-05
2441,0.000265253965777
2442,0.00010793981596
2443,0.000356726825709
2444,0.000467861944469
2445,0.00120971676345
2446,0.0
2447,0.0
2448,0.0
2449,0.00013405564653
2450,0.000112323442194
2451,0.000763223914672
2452,0.000461080603064
2453,8.98215065295e-05
2454,0.000541042635446
2455,0.0292831843289
2456,0.00117608563458
2457,0.00214719072389
2458,0.000317976888548
2459,0.0
2460,0.000278859825859
2461,0.0
2462,4.56368837178e-05
2463,0.000147087463557
2464,0.0
2465,0.0194656060482
2466,0.000209099646206
2467,0.0
2468,0.000409912651864
2469,0.0152027970633
2470,0.00012468103961
2471,0.000569651235182
2472,0.000169251773602
2473,0.0
2474,0.000803328227654
2475,0.0
2476,0.0
2477,0.00101130923994
2478,0.00014743944858
2479,0.000323359886333
2480,0.000996510731135
2481,0.00349423415156
2482,0.00183007559229
2483,0.0
2484,0.000339163369747
2485,5.62427781685e-05
2486,0.000128974540664
2487,0.00042996921274
2488,0.0
2489,0.000697198681288
2490,0.00330338509303
2491,0.000757322150013
2492,0.00292590495921
2493,0.00280861823175
2494,0.0601412847712
2495,0.000132626442443
2496,0.000205433505432
2497,0.000542403619797
2498,0.00179256714733
2499,0.0231831459351
2500,0.0
2501,0.0
2502,8.27671006589e-05
2503,0.000134080891605
2504,0.0
2505,0.0
2506,6.12451564441e-05
2507,0.00010492000355
2508,0.000227164165088
2509,0.000878120454474
2510,0.000391604495633
2511,0.00012883449746
2512,0.00107063844499
2513,0.0
2514,0.0186382591039
2515,0.0
2516,0.000166517192627
2517,0.000525959345786
2518,0.000134687508155
2519,0.0
2520,0.0
2521,0.000300355988507
2522,6.14984842886e-05
2523,0.0
2524,0.000600104331215
2525,0.0
2526,0.000313990805052
2527,0.000163645726066
2528,5.99971298909e-05
2529,0.000128517148121
2530,0.000790945068349
2531,0.000298687572192
2532,0.000258283915821
2533,0.0
2534,0.000434071773639
2535,0.0
2536,0.000386273681069
2537,0.000517353490091
2538,0.0524294011052
2539,0.0
2540,0.000142715658745
2541,0.00011154791993
2542,0.0271039708742
2543,8.32366870633e-05
2544,0.000110845955106
2545,0.00031663575075
2546,0.00214907419481
2547,0.000132755148229
2548,7.37169220026e-05
2549,0.0
2550,0.0
2551,3.94759476987e-05
2552,0.0
2553,0.000107140240884
2554,0.0125442263392
2555,0.000194329922539
2556,0.00059174470962
2557,0.000277529428452
2558,0.000107542208124
2559,0.000752838003079
2560,0.000636614270265
2561,0.0
2562,0.0
2563,6.75623238044e-05
2564,0.000158876388248
2565,0.000548318810498
2566,0.00441122393753
2567,3.92026022684e-05
2568,0.000757451651744
2569,0.000342662581544
2570,0.000250802967259
2571,0.0146992886204
2572,0.0
2573,9.81780630358e-05
2574,0.0127186413646
2575,0.0
2576,0.0
2577,0.00743723561997
2578,0.000421151512686
2579,6.96625983179e-05
2580,0.00012242116101
2581,7.72364341008e-05
2582,0.000401263970919
2583,0.000717956706547
2584,0.0
2585,0.000126506064781
2586,0.000228840475107
2587,0.0
2588,0.0
2589,9.65630340679e-05
2590,0.000589432190301
2591,7.19930242967e-05
2592,0.000681076264678
2593,0.00456521845473
2594,0.00099376018369
2595,0.0
2596,0.000347737025438
2597,0.000114511741176
2598,3.92692580395e-05
2599,6.98749236556e-05
2600,4.15560861624e-05
2601,0.000103245974823
2602,0.0
2603,0.0
2604,0.00292746915872
2605,0.000484159267112
2606,0.0
2607,0.0
2608,3.93968122889e-05
2609,0.000584943532298
2610,0.000387164875896
2611,4.16862290584e-05
2612,0.000387406658904
2613,6.60075536247e-05
2614,0.0
2615,0.0
2616,0.0
2617,0.00128534406727
2618,7.30060604792e-05
2619,4.86663146844e-05
2620,0.00116592566195
2621,6.98147178357e-05
2622,0.0
2623,4.15419334292e-05
2624,0.0
2625,8.12453023085e-05
2626,4.34765061677e-05
2627,0.000652618309499
2628,0.000799786003788
2629,0.000572687220464
2630,0.0
2631,0.0
2632,4.81452830448e-05
2633,0.000142935547943
2634,0.0364163052876
2635,0.0034303351555
2636,0.0189339750479
2637,0.0
2638,0.000298027339459
2639,0.00115048730228
2640,0.0
2641,0.0
2642,0.0044503887627
2643,0.000187775965628
2644,0.0
2645,0.00279977436998
2646,0.0169586107167
2647,0.000664021862779
2648,0.00510320549152
2649,4.55884649231e-05
2650,0.000455621073095
2651,0.00496081664749
2652,0.00627367311418
2653,0.000111399813213
2654,0.000218566603388
2655,6.3123822104e-05
2656,5.28099444477e-05
2657,0.000514925553951
2658,0.0
2659,0.0
2660,0.000570810761752
2661,0.000119632997668
2662,0.000161570228214
2663,0.000279076437641
2664,0.000943325937915
2665,0.000256079818871
2666,0.000404699737736
2667,5.50724331085e-05
2668,0.00735230434129
2669,0.00366965818857
2670,4.52316599477e-05
2671,0.0238433352785
2672,0.0
2673,0.00274053558091
2674,9.12993668059e-05
2675,0.000412503084947
2676,0.000489043687305
2677,0.000503536758206
2678,0.0
2679,0.0001649341204
2680,0.00653425551785
2681,0.0
2682,0.000513704909493
2683,4.00726234351e-05
2684,0.000492671763928
2685,0.00126795795815
2686,0.000280776047163
2687,0.00059328609659
2688,0.00300410201932
2689,0.0132575468409
2690,0.000514407915456
2691,0.0
2692,6.44195232469e-05
2693,0.000231351981879
2694,0.000137751865608
2695,0.000369083839688
2696,0.0
2697,4.18159652114e-05
2698,3.9145228738e-05
2699,0.0
2700,0.000104142756103
2701,0.00010405076787
2702,7.38196942365e-05
2703,7.85971910582e-05
2704,9.13132541558e-05
2705,0.0
2706,0.00174735606825
2707,0.0
2708,0.00107397428694
2709,9.71574326059e-05
2710,0.000547835110712
2711,0.00082912019826
2712,0.0125125666059
2713,0.000652004975393
2714,7.87903293271e-05
2715,0.00117643517394
2716,4.53367534541e-05
2717,0.000823364109734
2718,0.0
2719,0.000130651762491
2720,0.000373777863745
2721,0.00144540076744
2722,0.00247775582908
2723,0.00185430547453
2724,4.53496762791e-05
2725,0.0
2726,4.17559389536e-05
2727,7.61653748742e-05
2728,0.0314230524539
2729,0.00022897673672
2730,0.000639863485233
2731,0.000973502788479
2732,0.0143789460961
2733,0.0
2734,4.89625644757e-05
2735,0.000431052196769
2736,5.61817337492e-05
2737,0.00084463012479
2738,0.000604188415076
2739,0.000257376418111
2740,0.00056471476211
2741,0.00104264935605
2742,0.0
2743,0.0
2744,0.0
2745,0.000200590850636
2746,0.000617253090389
2747,0.000629157380915
2748,0.000754562406255
2749,0.00365144637407
2750,0.00837341618291
2751,0.00101704664453
2752,4.02751800133e-05
2753,6.70935375573e-05
2754,0.00151946596439
2755,0.000743950645529
2756,0.00964658700175
2757,0.0
2758,0.00113447235065
2759,0.00192241189937
2760,0.0
2761,0.0
2762,0.0100944765066
2763,0.0
2764,0.000600545233178
2765,0.0
2766,0.000322107060479
2767,3.91777580644e-05
2768,0.00126876109234
2769,7.08403184411e-05
2770,0.000252988871804
2771,0.000284918981042
2772,0.0
2773,0.00531449737505
2774,0.00129076212232
2775,0.0
2776,0.000227966271109
2777,0.0
2778,0.0
2779,0.00032167999956
2780,0.000223240065762
2781,0.000327630910298
2782,0.0002294205094
2783,0.000735519887909
2784,0.000588616266272
2785,0.000741263719882
2786,5.63541691356e-05
2787,0.0
2788,0.0
2789,8.25942307499e-05
2790,0.00127135239888
2791,0.000204464787347
2792,0.0
2793,0.000821053410352
2794,0.0
2795,0.000387906472366
2796,0.0006467209774
2797,0.0
2798,0.000250895701467
2799,6.97521273572e-05
2800,0.00236494280477
2801,4.94192864817e-05
2802,0.000290260886712
2803,0.000170408428839
2804,0.000110485024032
2805,0.0
2806,4.16430323398e-05
2807,0.000123810863888
2808,0.0
2809,0.0607123639527
2810,0.00568105729224
2811,7.71902538941e-05
2812,0.00063586159471
2813,0.0358219379289
2814,0.00113868637666
2815,0.0
2816,4.06949920642e-05
2817,0.0018978343141
2818,0.000645316852344
2819,0.0
2820,3.91753743227e-05
2821,0.000166933593085
2822,0.0
2823,0.0
2824,0.00015897999763
2825,0.0699240727806
2826,0.0
2827,0.000634709465742
2828,0.000694949066852
2829,4.18668102089e-05
2830,0.00109410105349
2831,0.000492996951828
2832,0.0
2833,0.000604310949991
2834,0.00100881467765
2835,4.77499589309e-05
2836,0.0
2837,0.0532324422637
2838,4.3395801899e-05
2839,9.71897606257e-05
2840,0.000129991154763
2841,0.0
2842,0.0
2843,0.000389828236939
2844,0.0
2845,0.0235782817695
2846,8.77122576517e-05
2847,0.00164433821967
2848,6.74340100413e-05
2849,3.93652338126e-05
2850,0.0
2851,0.0
2852,0.000274952102406
2853,0.000760702512768
2854,0.000109896980424
2855,0.000348642561524
2856,0.0
2857,0.0
2858,0.043540267051
2859,7.9333213546e-05
2860,0.000101921738548
2861,0.000146966430192
2862,5.29066177526e-05
2863,0.000143184643334
2864,0.000164067040313
2865,0.000150011336197
2866,0.0
2867,6.83738445271e-05
2868,0.000104458201251
2869,0.000166578798399
2870,0.000209278738183
2871,0.000440427688436
2872,3.93443460163e-05
2873,0.000178671116494
2874,0.0
2875,0.0
2876,0.000296678357455
2877,0.000436225673501
2878,0.0
2879,0.00730134442129
2880,0.0
2881,0.000131497780639
2882,0.000191565787217
2883,0.0
2884,0.000245423814809
2885,0.00151467592924
2886,7.58690882607e-05
2887,0.00020906611769
2888,0.00217634385593
2889,0.000715238201708
2890,0.000250462111384
2891,4.55111622961e-05
2892,5.63830841722e-05
2893,0.0
2894,3.92335119406e-05
2895,0.00035905464998
2896,8.8888761026e-05
2897,0.000543838030098
2898,0.0
2899,0.0
2900,0.0
2901,0.000457934442593
2902,0.00198063743835
2903,0.00030960122353
2904,0.0
2905,7.63781042834e-05
2906,0.000922447613723
2907,7.55426707753e-05
2908,0.000481552077082
2909,0.000709980566223
2910,4.17805563107e-05
2911,0.0311594217914
2912,0.000934698481534
2913,0.000252043406034
2914,0.000643939077163
2915,0.00407067617595
2916,0.000261888576321
2917,0.0
2918,0.000179194901484
2919,0.00104503203277
2920,0.00416563888968
2921,0.000311347153269
2922,0.0
2923,0.00331000411926
2924,8.42485519659e-05
2925,0.000200707182973
2926,0.00106553989813
2927,0.00031233700992
2928,0.0
2929,0.0182474355764
2930,0.000605772856617
2931,0.000130613136502
2932,4.26057869176e-05
2933,0.00187790742138
2934,5.48116683405e-05
2935,0.000115393620059
2936,0.00157832135962
2937,0.0
2938,0.0
2939,0.0
2940,0.0166138585417
2941,7.95253202113e-05
2942,0.000195415720293
2943,0.0
2944,0.0
2945,0.0
2946,7.61292238716e-05
2947,0.0
2948,0.0125955280215
2949,8.22852379692e-05
2950,0.000216618325117
2951,0.000298330323057
2952,3.91500896995e-05
2953,0.0
2954,0.0
2955,0.0
2956,6.37621067598e-05
2957,0.000164424874816
2958,8.91388867403e-05
2959,0.0228536346127
2960,3.95169752085e-05
2961,0.000137584547768
2962,0.000954907025287
2963,0.0
2964,0.0
2965,5.78113195076e-05
2966,3.93821901481e-05
2967,0.000111592897507
2968,0.0
2969,0.0
2970,0.000248939792271
2971,0.000179862265872
2972,6.22306754572e-05
2973,0.000449544520618
2974,0.00105851286488
2975,0.0061349295585
2976,0.0
2977,0.0
2978,0.00433058706719
2979,0.000134585670285
2980,0.0131238073602
2981,0.000360490190232
2982,0.000363442254238
2983,0.0
2984,4.04574517616e-05
2985,0.00014710778761
2986,0.000251321953841
2987,0.000135841071709
2988,0.00206055866432
2989,0.000146668831326
2990,0.000604877179987
2991,7.34521725683e-05
2992,0.00057334042014
2993,8.01355404469e-05
2994,0.000128273943231
2995,0.0
2996,0.000130930724557
2997,0.000199344676858
2998,0.000486365447714
2999,0.000180918252761
3000,0.000349933728139
3001,0.000129659092585
3002,0.000555501076327
3003,5.13170620309e-05
3004,4.68080750684e-05
3005,0.000408815570882
3006,0.00309516080675
3007,0.029279211041
3008,0.000122079632459
3009,0.0
3010,0.000766164842598
3011,0.0
3012,0.00019067703186
3013,0.000423515626276
3014,0.0
3015,0.000125659944284
3016,4.12624168806e-05
3017,0.000233145655645
3018,0.0
3019,7.84689987223e-05
3020,0.000258568490835
3021,0.00105652758904
3022,3.9227475666e-05
3023,0.0
3024,0.0
3025,0.0
3026,0.000175000807203
3027,0.0
3028,0.0
3029,4.49051571185e-05
3030,0.0
3031,0.0
3032,0.000186761087048
3033,0.000115555752415
3034,0.000404927822724
3035,0.000744589569501
3036,0.0
3037,0.0
3038,0.000187197751728
3039,0.0
3040,0.000410187934903
3041,0.000618185494966
3042,0.00036818950032
3043,0.0
3044,0.0
3045,0.000607017284434
3046,0.00440268795509
3047,8.72787376371e-05
3048,8.06959594177e-05
3049,0.000214625346871
3050,0.00377102290387
3051,7.28124596598e-05
3052,4.43520406792e-05
3053,0.000359154445869
3054,0.000124107152434
3055,0.000362047766075
3056,0.0
3057,0.000415074267925
3058,0.00126759536897
3059,0.0
3060,0.000406028288986
3061,0.000327039043612
3062,0.0
3063,0.0
3064,8.39266643311e-05
3065,0.0
3066,8.78539688194e-05
3067,0.000123084458561
3068,8.51561136921e-05
3069,0.0
3070,0.000802070225939
3071,8.51670524509e-05
3072,0.000102785850463
3073,0.0
3074,0.000496352266278
3075,0.0
3076,0.000292298649696
3077,0.000130052797967
3078,0.0
3079,0.000535291128057
3080,0.000225428179629
3081,0.00010899659977
3082,0.00028148972036
3083,0.000483985434215
3084,0.00144145177607
3085,0.000329696969537
3086,0.000405075493413
3087,0.00060470185737
3088,9.10800864293e-05
3089,0.000535307869077
3090,0.00152086634225
3091,0.00215686473325
3092,0.000979809270752
3093,0.00114565714197
3094,0.00065792465325
3095,0.00101424269099
3096,0.000564169622044
3097,0.0
3098,0.000434208206839
3099,0.0
3100,0.0
3101,0.0
3102,7.68234960447e-05
3103,0.00013832870193
3104,0.00219799394187
3105,0.00217284687198
3106,0.000463149952493
3107,0.000705043812018
3108,0.0
3109,0.0
3110,0.000599000021766
3111,0.000130475007047
3112,0.0116506562674
3113,6.41898294202e-05
3114,0.00036194939114
3115,0.000236479614229
3116,0.00546315637948
3117,0.0106811623994
3118,0.0
3119,0.0188215312059
3120,0.000130853667962
3121,0.0
3122,0.000690031712273
3123,8.08302694018e-05
3124,0.000102852137049
3125,0.000688605562487
3126,0.0099762381804
3127,0.0
3128,4.90518641008e-05
3129,0.000343956017426
3130,0.000304460665745
3131,0.0
3132,0.00140702671992
3133,0.000434385099356
3134,0.000148868768056
3135,0.0
3136,7.82059111661e-05
3137,0.00535973340899
3138,0.0
3139,0.00071286055937
3140,0.000842816250869
3141,0.000798870821553
3142,0.00212178125451
3143,0.00818662161632
3144,0.00117560755246
3145,0.00241714120481
3146,8.09168023372e-05
3147,0.0665853879257
3148,0.000100318050337
3149,9.01774594779e-05
3150,0.000773516335336
3151,0.0
3152,4.99937975968e-05
3153,0.000175063294666
3154,0.0
3155,0.0
3156,0.000489594409813
3157,0.00494472618931
3158,0.0
3159,0.000599394913942
3160,0.000280540530518
3161,0.0
3162,0.00467189934273
3163,0.110732513554
3164,0.000103213400745
3165,0.0101138613029
3166,4.79647958058e-05
3167,6.15132112021e-05
3168,0.0100859930328
3169,0.0
3170,3.9337540588e-05
3171,0.0
3172,0.0
3173,0.0
3174,0.0
3175,0.0025528603228
3176,5.31929357734e-05
3177,0.000125286037183
3178,0.00147029127546
3179,0.000119994300317
3180,0.0
3181,6.46902012567e-05
3182,0.0173801596018
3183,0.000395206744772
3184,0.0
3185,0.0
3186,5.72257446509e-05
3187,0.0
3188,0.0
3189,0.000210398584751
3190,0.0
3191,6.19246614955e-05
3192,0.00256812556161
3193,0.000800205785048
3194,9.028902006e-05
3195,0.0
3196,0.00221256605851
3197,0.0
3198,0.0011686124777
3199,5.76410118858e-05
3200,0.00088521875141
3201,0.0
3202,0.00136044403832
3203,6.56241015866e-05
3204,9.05884628541e-05
3205,5.27740860918e-05
3206,0.00011853434362
3207,0.00040171231847
3208,6.79083366082e-05
3209,5.53861051356e-05
3210,0.000118422746801
3211,0.00607741357045
3212,0.000455374829372
3213,8.67502133368e-05
3214,0.0
3215,0.0039692793955
3216,0.0
3217,4.0056247721e-05
3218,4.92198948412e-05
3219,0.00186713290561
3220,0.000454978474487
3221,3.93367020717e-05
3222,0.000283012852217
3223,0.000128346003109
3224,0.0
3225,0.000489429023785
3226,3.9328557333e-05
3227,0.00262801138486
3228,7.6517601284e-05
3229,0.0
3230,0.000548364245172
3231,0.00012526485376
3232,0.0
3233,0.0
3234,0.0
3235,9.57431029787e-05
3236,0.000182343627967
3237,0.0104237106384
3238,0.00149411418392
3239,0.00137224894041
3240,0.000495799152977
3241,0.000285295161704
3242,0.00372835771281
3243,0.0
3244,0.000215398241162
3245,0.00130644329831
3246,0.00038978504432
3247,0.0
3248,9.80022770647e-05
3249,0.0
3250,4.35505541261e-05
3251,5.97114660916e-05
3252,0.0
3253,3.93770752649e-05
3254,8.40572429244e-05
3255,7.5800653768e-05
3256,0.00224965478012
3257,0.00441147146247
3258,0.0
3259,0.000318136654706
3260,4.71570090954e-05
3261,0.000480959830262
3262,0.0169538990496
3263,0.00183237431444
3264,0.0
3265,0.0
3266,0.000315070371063
3267,0.000343949496559
3268,8.86463780994e-05
3269,6.14004274415e-05
3270,5.66459568234e-05
3271,0.000246148531099
3272,0.0
3273,0.0160020428034
3274,7.49046006567e-05
3275,0.000221688785834
3276,3.93117127047e-05
3277,0.00596595314815
3278,0.0
3279,3.91739090873e-05
3280,0.0
3281,0.0
3282,0.0125672329216
3283,0.0
3284,0.0258225801689
3285,3.94069097251e-05
3286,7.20907200762e-05
3287,0.0048228944259
3288,0.00357273402475
3289,0.0
3290,0.0
3291,0.0020867522685
3292,0.0
3293,6.7939379937e-05
3294,0.0011248650932
3295,3.9296021983e-05
3296,0.00784588008246
3297,0.0
3298,0.000198325206907
3299,0.0
3300,0.00214892599427
3301,0.0
3302,0.0
3303,0.000142785714018
3304,0.000342804067746
3305,0.000682016846759
3306,0.0
3307,0.000112098026981
3308,0.0
3309,4.33718348796e-05
3310,0.000339939569817
3311,0.00155430077832
3312,0.000283512256109
3313,0.000160103012567
3314,0.00044459256043
3315,0.000381215602689
3316,0.0
3317,0.0147822606555
3318,0.0
3319,0.0
3320,0.0
3321,4.171535898e-05
3322,0.0
3323,0.0
3324,0.0
3325,0.0
3326,0.0619623758579
3327,0.000662185165259
3328,0.00313043777772
3329,0.000157394883059
3330,8.77984861409e-05
3331,0.0
3332,3.91669128388e-05
3333,0.00973151358105
3334,0.0
3335,0.000118147940853
3336,0.00249344185852
3337,0.000126944327458
3338,0.0
3339,0.0
3340,0.0
3341,8.39261482932e-05
3342,0.0
3343,0.0
3344,6.28089474266e-05
3345,0.00347865711786
3346,0.000672016685048
3347,0.000223212705513
3348,0.000370863387905
3349,0.0
3350,0.0
3351,0.00022830563939
3352,0.000179920044071
3353,0.0
3354,0.000408295917957
3355,0.0
3356,0.0002776578493
3357,6.56954567479e-05
3358,0.0
3359,0.000304608525711
3360,0.0147100647093
3361,0.00353369208461
3362,0.0
3363,0.00039373835977
3364,0.000647859607946
3365,0.000281131737816
3366,0.000273262450825
3367,0.000331999888103
3368,0.000599875314324
3369,0.000162645953875
3370,0.0
3371,0.0294240699815
3372,0.0320729056715
3373,0.0
3374,0.0
3375,0.0
3376,0.00151617779472
3377,3.9150066224e-05
3378,0.00107840249467
3379,9.40885363194e-05
3380,0.00293248595892
3381,0.0
3382,0.00378538065212
3383,0.000175434795111
3384,4.17323165536e-05
3385,0.000801362194841
3386,0.00263764253345
3387,0.00394148432465
3388,0.000116278303157
3389,0.000162591745977
3390,0.000301974650461
3391,0.00237584617176
3392,4.96979099589e-05
3393,0.000116044180478
3394,0.0
3395,6.19300011877e-05
3396,4.86023657809e-05
3397,7.49856577871e-05
3398,0.00122500532526
3399,0.0
3400,0.0
3401,8.32604636836e-05
3402,6.92332498224e-05
3403,0.000157326235669
3404,6.56216301258e-05
3405,8.53187560792e-05
3406,0.00190412929401
3407,0.000146943688853
3408,0.000117446947868
3409,6.94498585485e-05
3410,5.38090605402e-05
3411,0.0
3412,9.31762576735e-05
3413,0.00429598415939
3414,6.8534571307e-05
3415,0.0
3416,0.0
3417,0.000158441597244
3418,0.000598163081653
3419,0.00013612941623
3420,0.000281031721507
3421,0.00995513638485
3422,0.0
3423,0.000245499588313
3424,3.94041314777e-05
3425,0.000944379775757
3426,0.0
3427,0.0
3428,0.0284333249751
3429,4.16494857061e-05
3430,5.38109318371e-05
3431,0.00236683760404
3432,0.0
3433,0.0
3434,0.00335843138712
3435,8.3139050941e-05
3436,0.000160690043389
3437,0.000135377153601
3438,0.000801476570345
3439,5.74188401901e-05
3440,0.000982062258904
3441,0.0
3442,0.0068931956526
3443,0.0011244926025
3444,6.61365819492e-05
3445,0.0
3446,0.00134823148321
3447,0.000115075289131
3448,0.0
3449,0.00975405488182
3450,0.00010484864882
3451,0.0
3452,0.000509935994157
3453,0.000120503678655
3454,0.000158778987664
3455,0.0
3456,0.0140992732065
3457,0.00365393607455
3458,0.00011726774918
3459,0.000344281036117
3460,0.00255938728288
3461,4.55565909765e-05
3462,4.17670920312e-05
3463,0.000146710268028
3464,0.0
3465,0.000120031817265
3466,0.0
3467,5.58634356267e-05
3468,0.000535787661009
3469,8.43564083968e-05
3470,6.11932076513e-05
3471,0.000166873158356
3472,0.00395021714435
3473,0.0
3474,0.0
3475,0.00567516370552
3476,5.66725695337e-05
3477,0.000164418665663
3478,0.000112039752992
3479,0.0
3480,0.00865695881429
3481,0.00162879694363
3482,0.000143993062974
3483,0.0
3484,0.000357147417487
3485,0.000236531345094
3486,7.14515674756e-05
3487,0.000414358210377
3488,0.0
3489,5.1150614103e-05
3490,0.000202283744575
3491,0.0
3492,0.0
3493,0.000234467362128
3494,5.99008123285e-05
3495,0.000252236866884
3496,0.0
3497,0.00241159849544
3498,0.0
3499,0.0
3500,0.000264693618449
3501,0.000161920025282
3502,0.00027041664239
3503,0.000237533612408
3504,0.000546879095478
3505,0.000263255949087
3506,7.39391676845e-05
3507,0.000274131157891
3508,0.0
3509,0.0128255801495
3510,0.0
3511,0.0
3512,0.0026820614021
3513,0.0001990268676
3514,0.0
3515,0.00053078733941
3516,0.0317488386116
3517,3.93659101294e-05
3518,0.000191790050674
3519,8.94030809619e-05
3520,0.000200302037393
3521,0.0
3522,0.000331293925795
3523,0.00217792496226
3524,0.0
3525,5.54392939995e-05
3526,0.000175624581298
3527,0.000252983330939
3528,0.0
3529,0.00114791888771
3530,0.0
3531,8.91391907238e-05
3532,7.63457811166e-05
3533,0.000561689109932
3534,0.0214131782288
3535,0.00318389824953
3536,9.77492849348e-05
3537,8.01447008958e-05
3538,0.000276413452666
3539,0.000869054266162
3540,3.93981548776e-05
3541,0.00011372009104
3542,0.000267181429604
3543,0.000138901001504
3544,0.00227152770159
3545,4.53689956097e-05
3546,7.91130127378e-05
3547,0.000801742516016
3548,8.43504599777e-05
3549,0.00428242523948
3550,0.000121826457464
3551,0.00238202274552
3552,0.0167943392567
3553,0.0
3554,0.000155631982623
3555,0.0
3556,4.16570429445e-05
3557,0.000335448469706
3558,0.000167503899982
3559,0.000111109903333
3560,0.000388038195953
3561,0.000484442576414
3562,0.0
3563,0.000613420462547
3564,0.0
3565,0.000146407550123
3566,0.000310810965275
3567,6.5715136468e-05
3568,0.0
3569,0.0
3570,0.00118583324246
3571,0.000220314684887
3572,0.00247789147123
3573,0.000747864160101
3574,0.0
3575,3.91984599011e-05
3576,0.0
3577,9.24508121538e-05
3578,4.02701319251e-05
3579,0.0
3580,0.0
3581,0.000158431087
3582,0.000197089795884
3583,0.0
3584,0.000344742580086
3585,4.27250908928e-05
3586,0.0
3587,7.12630141551e-05
3588,0.000340309040407
3589,0.000231064350551
3590,0.00366841187652
3591,0.00128785909785
3592,6.01928930251e-05
3593,0.000268826666674
3594,0.000781958031348
3595,0.0
3596,0.000502570962368
3597,0.000954932503917
3598,0.0
3599,0.000191774920708
3600,7.35348806415e-05
3601,0.000474454070033
3602,0.000227209683921
3603,0.0
3604,0.0
3605,3.93397876892e-05
3606,8.95200407047e-05
3607,0.0
3608,0.0
3609,0.000351599660007
3610,0.000267321160879
3611,0.00229985132173
3612,7.43297896362e-05
3613,0.000174098138489
3614,0.00031007397583
3615,0.000868688839852
3616,0.00050852240908
3617,4.00721873572e-05
3618,0.0
3619,0.0
3620,0.00074483715669
3621,8.98870538339e-05
3622,0.000103206279754
3623,0.00792433563415
3624,5.2634412167e-05
3625,3.93640423693e-05
3626,0.0
3627,0.0
3628,0.0
3629,0.00244871164971
3630,7.65529449844e-05
3631,0.000103775409564
3632,0.0
3633,0.00045471613257
3634,0.000238805120496
3635,0.0
3636,9.4115010707e-05
3637,3.94636581991e-05
3638,0.000394076732299
3639,0.00124523552391
3640,0.000599210177213
3641,0.0016899233886
3642,0.0583538825722
3643,0.0
3644,7.46990867886e-05
3645,0.000315609891128
3646,0.0
3647,0.000496137498484
3648,0.0154045734106
3649,7.15667940496e-05
3650,0.000551828330768
3651,0.0
3652,5.06746282585e-05
3653,0.000465595178892
3654,4.40799616381e-05
3655,0.000406527769861
3656,0.000486648020898
3657,0.000342769980991
3658,0.00048230190182
3659,0.00018858816992
3660,0.000152246870399
3661,0.000196941315913
3662,9.54658983945e-05
3663,7.69538425711e-05
3664,0.012145373081
3665,5.15935497325e-05
3666,0.0
3667,0.00302756446074
3668,0.000157846188858
3669,0.00161379421794
3670,3.93531963989e-05
3671,5.05387831438e-05
3672,0.000308256131547
3673,9.19593673698e-05
3674,0.000230241897996
3675,9.11743277254e-05
3676,0.0294249192543
3677,0.000322347624344
3678,3.93919745787e-05
3679,0.00218188967305
3680,0.000131454350747
3681,0.000354587062445
3682,0.000314866346963
3683,0.0365290384242
3684,0.000442191410763
3685,7.18611354347e-05
3686,7.59651012561e-05
3687,4.87486187088e-05
3688,0.00846070242115
3689,0.00998167111018
3690,0.0
3691,4.52165570368e-05
3692,0.00165632737187
3693,7.5727728952e-05
3694,0.0
3695,0.000106369823382
3696,0.00029174514084
3697,0.000188601900097
3698,0.000130173606653
3699,0.0
3700,0.000112413901905
3701,0.000920917788626
3702,0.00700232448811
3703,0.0
3704,4.17752267374e-05
3705,5.67071739592e-05
3706,6.54981227615e-05
3707,6.75239340318e-05
3708,0.0
3709,7.78221771092e-05
3710,0.00240396494015
3711,0.0
3712,0.0
3713,0.0117201056363
3714,0.000517820825956
3715,0.000159769419819
3716,0.000103952018115
3717,4.16413112316e-05
3718,3.94418006207e-05
3719,0.00883181864406
3720,5.35239458186e-05
3721,0.000273164285869
3722,6.22850596121e-05
3723,0.0
3724,0.000231307852915
3725,0.0
3726,0.000990180119104
3727,0.000101840266252
3728,5.15145689204e-05
3729,0.0
3730,0.000146176587178
3731,0.00017828431018
3732,0.0
3733,0.0131648940094
3734,0.000103998189956
3735,4.17274703435e-05
3736,0.0
3737,0.00013386092319
3738,0.0135243761976
3739,0.000109109753865
3740,8.55460462299e-05
3741,0.0
3742,0.0
3743,0.0180189431656
3744,0.000152827216505
3745,3.92351401843e-05
3746,0.0
3747,0.000144587498038
3748,0.00131590739304
3749,0.00210832624855
3750,4.18932510931e-05
3751,0.0
3752,0.00487323764562
3753,0.000101906464669
3754,4.17000137474e-05
3755,0.000194004329704
3756,0.000236962875083
3757,0.000391876698431
3758,0.000108371358666
3759,0.0
3760,0.000194469789894
3761,0.00011228587923
3762,0.00174777447794
3763,0.000786371935162
3764,5.84192434006e-05
3765,0.000269557904347
3766,0.000200172403161
3767,0.000837892332788
3768,0.000127966897768
3769,3.91515295317e-05
3770,0.000174325774237
3771,0.0
3772,0.0399376733069
3773,0.0
3774,0.00433892097011
3775,8.4862002601e-05
3776,0.0
3777,0.0104726227987
3778,9.83491304276e-05
3779,4.15506994349e-05
3780,0.000300446688479
3781,0.0
3782,0.00492033427607
3783,0.000245297401639
3784,4.1586264349e-05
3785,0.0
3786,5.67195134198e-05
3787,4.92150932114e-05
3788,9.63771307791e-05
3789,0.000158195226801
3790,6.65575510257e-05
3791,5.58976230391e-05
3792,0.0
3793,0.00087298066074
3794,0.0
3795,0.000318217255885
3796,0.000334132422877
3797,0.000320286484054
3798,3.92373962295e-05
3799,3.92805674392e-05
3800,0.000224890043094
3801,0.000402168248964
3802,5.60355951511e-05
3803,8.29085792686e-05
3804,0.000242531348235
3805,0.0002463522127
3806,5.09289776369e-05
3807,4.52977483243e-05
3808,0.000181266923132
3809,0.0
3810,0.0247062535054
3811,0.000109223296747
3812,0.000373415947031
3813,7.23682193864e-05
3814,9.21700106278e-05
3815,0.0
3816,0.00294258666471
3817,0.00171577290403
3818,0.0241056645523
3819,0.0
3820,3.93931690215e-05
3821,7.67903729333e-05
3822,6.12149557497e-05
3823,0.0
3824,0.0
3825,7.95169349672e-05
3826,3.92047694038e-05
3827,0.00716509365917
3828,0.00018139249686
3829,0.000179509122056
3830,6.03984129355e-05
3831,3.92097194997e-05
3832,0.0
3833,0.0
3834,5.45631027125e-05
3835,7.75303638973e-05
3836,6.97816255046e-05
3837,6.10648350241e-05
3838,0.00754806788792
3839,9.47651082885e-05
3840,7.67396440389e-05
3841,4.02816434226e-05
3842,5.15064679361e-05
3843,5.05046606158e-05
3844,0.00139858909482
3845,0.00220134166945
3846,8.33193925169e-05
3847,0.00279244055803
3848,5.12016826013e-05
3849,0.0
3850,0.0
3851,0.00234661354574
3852,0.000258316062013
3853,0.0
3854,4.94640044271e-05
3855,0.0
3856,0.000479108898816
3857,0.000208142874043
3858,0.00990727418244
3859,4.84708895381e-05
3860,0.00155889404346
3861,4.18020080759e-05
3862,0.0
3863,3.94358676443e-05
3864,9.97435346206e-05
3865,0.000494261235583
3866,0.000206034705633
3867,0.0
3868,0.0
3869,0.000591819172203
3870,0.00191797685481
3871,0.000923324771037
3872,0.00208055337588
3873,0.0145280720973
3874,0.00113018169944
3875,0.00124507309371
3876,0.000165350247316
3877,0.000306291152127
3878,0.000221594287813
3879,8.91281536664e-05
3880,0.0027497645311
3881,0.00028242344587
3882,0.000128735594916
3883,0.000118653703782
3884,0.00156831439429
3885,0.000385378258932
3886,0.0
3887,3.93986674614e-05
3888,0.00062818749256
3889,0.0
3890,0.000266544041478
3891,0.000698720534531
3892,0.0
3893,0.0
3894,9.7302050412e-05
3895,0.000384516837725
3896,0.0
3897,0.000224392510722
3898,3.92068306954e-05
3899,0.000118733821671
3900,0.000416257075204
3901,0.0112886834974
3902,5.56512218099e-05
3903,0.00157538585885
3904,0.000168802246292
3905,0.0
3906,6.40140184087e-05
3907,8.22968545995e-05
3908,0.00012609394037
3909,0.000147558437626
3910,0.0209652417955
3911,0.000607702352513
3912,0.0
3913,0.0
3914,0.00221963635002
3915,0.0
3916,3.9430112964e-05
3917,0.0
3918,0.000163712205189
3919,4.16417363684e-05
3920,0.0
3921,0.00022841938643
3922,3.93233702853e-05
3923,0.0284907574156
3924,0.000256648830475
3925,0.000454431303754
3926,0.000104827989654
3927,8.51348690269e-05
3928,7.24057047998e-05
3929,0.0138399966244
3930,3.93440386595e-05
3931,0.000431601255537
3932,0.000289210219621
3933,0.00042779479775
3934,0.0
3935,0.00771870693161
3936,0.000872137057061
3937,7.98800261195e-05
3938,0.0
3939,7.8245542845e-05
3940,0.0
3941,0.000110273387498
3942,0.000268511271289
3943,0.00186689807833
3944,0.0
3945,0.00158314368425
3946,5.30164524788e-05
3947,0.000112949021255
3948,0.000218936409945
3949,0.00014445045595
3950,0.000191506491167
3951,5.39747975927e-05
3952,7.50537843786e-05
3953,0.0
3954,0.000144668035777
3955,0.0
3956,5.0419601064e-05
3957,0.0
3958,0.000279985688246
3959,0.000184693955446
3960,0.000983650040534
3961,0.0134765129303
3962,0.000527952851177
3963,0.000609325776876
3964,0.000133738044601
3965,4.33732714371e-05
3966,3.91737592014e-05
3967,0.00641495842659
3968,0.000117869832002
3969,0.000500146616339
3970,0.0
3971,0.000140200255141
3972,4.88556974467e-05
3973,0.0
3974,0.0
3975,0.0
3976,0.000181539960766
3977,3.92220873651e-05
3978,0.0135160415512
3979,4.15755580456e-05
3980,8.46527317986e-05
3981,0.000187252879428
3982,0.00734878109409
3983,0.0170903263836
3984,8.15762968531e-05
3985,5.04020740442e-05
3986,0.000557408011153
3987,0.000118209210416
3988,0.00143582339539
3989,0.000826925338487
3990,5.27196419755e-05
3991,6.84883886439e-05
3992,5.81481917861e-05
3993,0.000208876631134
3994,4.40798001069e-05
3995,0.0029004309511
3996,7.04382512531e-05
3997,4.84203014217e-05
3998,0.0
3999,0.0
4000,4.17004223583e-05
4001,0.000381536338868
4002,0.000407232222672
4003,0.000540675089984
4004,3.92511437601e-05
4005,0.000177989704341
4006,0.000100248315536
4007,0.000115721202211
4008,0.000116563804881
4009,0.000270455431709
4010,0.000114782224078
4011,0.0
4012,4.17219321012e-05
4013,0.0
4014,4.16600036792e-05
4015,5.40025752587e-05
4016,4.18628911958e-05
4017,4.03166818344e-05
4018,9.05088429497e-05
4019,0.0
4020,0.000194837115917
4021,0.0
4022,0.000144434636619
4023,0.000396202378195
4024,6.34823258876e-05
4025,0.000803738555959
4026,0.000277603912022
4027,0.0
4028,0.0
4029,8.25372491775e-05
4030,0.0
4031,4.16015032094e-05
4032,0.0
4033,0.000140355848857
4034,0.0
4035,0.000170432639798
4036,4.75030839993e-05
4037,0.000258501711001
4038,6.53068994696e-05
4039,0.000220039944235
4040,0.000685786571147
4041,0.0292218276554
4042,6.31544552254e-05
4043,0.0
4044,5.01188893267e-05
4045,4.37128015029e-05
4046,0.000166324541312
4047,0.0
4048,0.000105503825794
4049,0.0
4050,0.000424873538642
4051,0.000361874727709
4052,0.0
4053,3.93228418529e-05
4054,0.0
4055,0.0
4056,0.000254349362098
4057,0.000159282847077
4058,0.000283426617042
4059,0.0
4060,0.0
4061,0.0270667370521
4062,0.0
4063,0.000608389061782
4064,7.55577039544e-05
4065,0.000477845642464
4066,0.0
4067,0.00073529958371
4068,0.0
4069,0.0
4070,0.0
4071,4.1872103083e-05
4072,0.00284478255768
4073,0.000944793050742
4074,0.000179159645584
4075,6.37613020902e-05
4076,0.0
4077,0.0
4078,0.0
4079,0.00109518817736
4080,8.09477103441e-05
4081,4.95607787636e-05
4082,6.93590226239e-05
4083,0.0
4084,5.93676797265e-05
4085,0.000642393091677
4086,0.000122385315966
4087,0.000665523975053
4088,9.15626769578e-05
4089,0.000241334215656
4090,5.60807907677e-05
4091,0.000222496793185
4092,0.000304266877741
4093,7.74068057421e-05
4094,0.00633109897577
4095,0.0001105750827
4096,0.0
4097,0.0
4098,0.0
4099,0.0
4100,0.00693109305477
4101,6.31404262195e-05
4102,0.000179979235803
4103,0.00134332176959
4104,6.27534992144e-05
4105,0.000421474583324
4106,0.0121730256948
4107,0.00205941475403
4108,0.000927008147281
4109,0.000282178502931
4110,0.000161252248317
4111,4.54346111005e-05
4112,0.0104610959368
4113,0.000120665348597
4114,0.00157387727304
4115,0.0
4116,0.00257039714317
4117,0.0
4118,0.0229333233866
4119,0.000192113146916
4120,7.50919144581e-05
4121,0.000348974657953
4122,8.09488366298e-05
4123,0.000101758642787
4124,0.0
4125,4.15131988554e-05
4126,6.43856028577e-05
4127,0.0200244117917
4128,0.000335510979887
4129,9.52321415633e-05
4130,0.000179699252646
4131,0.000130711892156
4132,8.22622542542e-05
4133,0.000235432991856
4134,0.0
4135,9.24830872022e-05
4136,0.000258623897997
4137,0.00449123288653
4138,0.000673762523737
4139,0.0
4140,0.0
4141,5.29452809266e-05
4142,0.0
4143,0.000393294799531
4144,0.000369910183657
4145,0.00276684675677
4146,7.11684616639e-05
4147,0.000770830095373
4148,0.00012988718664
4149,0.000163756968489
4150,0.000115981080402
4151,0.00113823499838
4152,0.000209822743553
4153,0.000252367241693
4154,0.000165752882405
4155,0.000155808964361
4156,0.0
4157,0.0
4158,0.000287424945324
4159,4.17651515914e-05
4160,0.000375623757551
4161,0.00444490882958
4162,6.81480054276e-05
4163,8.01950668721e-05
4164,8.03059530443e-05
4165,0.000186278115807
4166,0.000400747924917
4167,7.11816615815e-05
4168,0.000688576223279
4169,0.0018910219712
4170,0.000672335527207
4171,0.0
4172,7.33670468311e-05
4173,0.0
4174,0.000107891706354
4175,7.186910292e-05
4176,0.000179708319024
4177,0.00128766336806
4178,0.000139597385142
4179,0.0
4180,0.000252162653511
4181,0.0
4182,0.0131353446664
4183,0.000240759042198
4184,8.07172098898e-05
4185,0.00180121978057
4186,0.0
4187,0.0
4188,0.000257576288916
4189,0.000289356913642
4190,0.000921390130924
4191,4.55883153121e-05
4192,0.0
4193,0.0
4194,5.10766648811e-05
4195,0.000201566834233
4196,0.000640984320021
4197,3.93374791048e-05
4198,0.0
4199,8.58139853737e-05
4200,0.000143286757192
4201,0.00655084048645
4202,0.000308076544218
4203,9.01071856174e-05
4204,3.95050386377e-05
4205,0.000504006952798
4206,0.000150008552451
4207,6.02551610762e-05
4208,0.0
4209,0.000841698487973
4210,0.000923631894673
4211,0.00112662247029
4212,0.000101990243631
4213,8.41573706234e-05
4214,0.000329975987324
4215,0.0
4216,0.000271701577432
4217,0.000150524107871
4218,0.000145439974139
4219,0.000316100712153
4220,0.000285655440939
4221,0.00368288570611
4222,0.0143386115554
4223,0.0
4224,0.000189267667568
4225,0.000303417756291
4226,0.00354120752622
4227,0.000172717374455
4228,0.000561527843846
4229,0.00178470640901
4230,0.0
4231,3.91867729177e-05
4232,0.000112044064388
4233,9.92493018903e-05
4234,0.0
4235,0.00126712299953
4236,0.000140825384073
4237,4.55070903929e-05
4238,0.0
4239,0.000139830366112
4240,0.000203579872135
4241,0.000748368946546
4242,9.55261657936e-05
4243,0.0151292584141
4244,0.0
4245,0.000485875574119
4246,0.000133600085015
4247,0.00953316105547
4248,7.57195001606e-05
4249,5.31491596756e-05
4250,4.15660781341e-05
4251,0.000141617989639
4252,0.000574686544125
4253,0.0
4254,0.0
4255,0.000380156385314
4256,5.01709527918e-05
4257,9.21036629737e-05
4258,0.000234943889446
4259,0.000161778499968
4260,7.04988351261e-05
4261,0.013052990185
4262,0.0
4263,0.0245632297618
4264,3.94451631265e-05
4265,0.000107689235534
4266,0.000126109791642
4267,0.000106000262334
4268,6.63922225965e-05
4269,0.0
4270,8.71653375292e-05
4271,0.0
4272,0.0
4273,0.000673973371323
4274,0.000667245741182
4275,9.04243955149e-05
4276,4.9478461674e-05
4277,0.0
4278,0.0
4279,0.000327792493874
4280,6.08538613931e-05
4281,0.0
4282,4.18031849669e-05
4283,0.00126818935046
4284,0.000208350107168
4285,0.000183797155864
4286,0.000130905975825
4287,0.00267896373026
4288,0.0
4289,0.000945620166148
4290,0.000500760532881
4291,0.0
4292,0.000494073328618
4293,9.35289953481e-05
4294,0.0128469067674
4295,3.94502557737e-05
4296,0.0
4297,9.54408539404e-05
4298,6.70186899216e-05
4299,7.09664259575e-05
4300,0.000118485864836
4301,9.60056748673e-05
4302,4.15724182687e-05
4303,0.0
4304,0.000316568142868
4305,0.00210102606839
4306,8.58910035313e-05
4307,0.000176149965966
4308,0.0
4309,7.45541124587e-05
4310,0.000109644659821
4311,0.000382804253193
4312,0.0257552175763
4313,0.000182372116387
4314,0.0
4315,0.000152392963757
4316,9.40904376012e-05
4317,0.000671388155746
4318,0.0110981974375
4319,0.0001132420525
4320,0.0
4321,0.000109540110078
4322,0.0
4323,0.0
4324,0.000456176316932
4325,0.0112908252086
4326,0.000139313349885
4327,0.000130690389048
4328,0.00303765099684
4329,0.000633278394989
4330,5.74940944538e-05
4331,0.0
4332,0.000373122984259
4333,0.0
4334,8.08578105658e-05
4335,0.0
4336,0.00378608954877
4337,0.0011395619982
4338,4.16712894964e-05
4339,0.0
4340,0.000332173666598
4341,0.0
4342,5.97527016102e-05
4343,0.00013128787037
4344,7.42326603884e-05
4345,0.000130826204013
4346,0.00936618326528
4347,0.000130283728786
4348,0.0179118108802
4349,0.000104835653108
4350,0.00478701820016
4351,0.0
4352,0.000347740477128
4353,9.62729918901e-05
4354,0.0
4355,0.00111616993285
4356,0.00463986890044
4357,7.47120367244e-05
4358,0.000247236679555
4359,4.83732622309e-05
4360,0.0062692029721
4361,4.18838146845e-05
4362,0.000282202715607
4363,0.0
4364,0.0
4365,7.42639187061e-05
4366,0.000133503725915
4367,0.00304487932784
4368,0.0
4369,0.0
4370,0.000204674091965
4371,0.00366277207452
4372,0.0
4373,0.00103740332654
4374,3.9201938649e-05
4375,0.00594748906079
4376,0.000342259984752
4377,0.000120021524601
4378,4.06164974236e-05
4379,0.000107772028438
4380,0.00034672908347
4381,0.0
4382,0.0
4383,0.0
4384,0.000302177078753
4385,0.0
4386,6.06161477728e-05
4387,0.000122090046017
4388,0.000900973452797
4389,0.000144859382773
4390,7.98905826205e-05
4391,8.39106035206e-05
4392,0.00012868185018
4393,8.31850144185e-05
4394,0.000132864228129
4395,0.0
4396,0.000537782850733
4397,0.000333637335173
4398,4.18471963113e-05
4399,0.000121589711375
4400,8.20316245096e-05
4401,8.35758476492e-05
4402,0.000226892177807
4403,0.00368975220961
4404,6.86470839044e-05
4405,0.0
4406,3.94481358263e-05
4407,0.00302226218358
4408,5.200865083e-05
4409,0.0170425685052
4410,0.00137686899972
4411,8.24903004495e-05
4412,0.0317257277691
4413,0.0
4414,4.18048424478e-05
4415,0.0
4416,7.95781000194e-05
4417,0.00192157140302
4418,0.000242411389801
4419,0.0
4420,0.000353605003292
4421,0.0
4422,0.00047321619666
4423,0.00143095093036
4424,0.00769146995392
4425,0.000111112387613
4426,0.000114497243901
4427,0.0
4428,0.0001769314883
4429,0.00094394592138
4430,0.000266683749382
4431,0.000146188205537
4432,0.00999472535205
4433,0.0
4434,0.000136234525498
4435,0.0
4436,0.0
4437,0.0
4438,0.000223617341561
4439,0.000601201404996
4440,9.13994237179e-05
4441,9.72150132692e-05
4442,6.70655825235e-05
4443,0.00501647958853
4444,0.00014965533621
4445,0.000601378845867
4446,0.000932387913255
4447,8.47853094132e-05
4448,9.10927598139e-05
4449,0.0
4450,0.0
4451,0.00260112871891
4452,0.0
4453,0.000248450756439
4454,5.150587433e-05
4455,0.0
4456,0.00181129012054
4457,0.000278396762551
4458,9.6509427824e-05
4459,3.92432061127e-05
4460,4.17597773321e-05
4461,0.00475413067857
4462,0.000405818535556
4463,0.0
4464,0.0
4465,0.000217574252184
4466,0.000189830760847
4467,0.0
4468,0.000129468997457
4469,0.000417546575219
4470,0.00103061447861
4471,0.000250494262122
4472,0.00113409907187
4473,7.12271993799e-05
4474,0.00759383426436
4475,0.0161953929908
4476,0.0
4477,0.0
4478,0.000103043957986
4479,4.89124644232e-05
4480,0.00103183433656
4481,0.0
4482,0.0
4483,0.0
4484,0.0315108434955
4485,0.0136949239522
4486,0.000103937951252
4487,0.000147452107862
4488,0.0
4489,0.0
4490,0.000294122431844
4491,0.00170314026062
4492,7.56398223247e-05
4493,0.0
4494,4.09564425099e-05
4495,0.00129734653731
4496,0.000503031381589
4497,9.03384082327e-05
4498,0.0
4499,0.0
4500,0.00021702546423
4501,0.000271348990052
4502,5.31842243192e-05
4503,0.00261387911887
4504,0.0
4505,4.17273973126e-05
4506,0.000107519836487
4507,0.0
4508,0.000155448173223
4509,0.00119172469507
4510,0.0
4511,0.00770784487987
4512,0.0
4513,0.00133765228093
4514,0.0
4515,0.00016847365352
4516,0.00263963738646
4517,6.29947896438e-05
4518,5.75410354302e-05
4519,0.000122348480632
4520,0.00108956262174
4521,0.0
4522,6.69532988637e-05
4523,0.000862316910645
4524,3.92282365027e-05
4525,0.00010241219337
4526,0.0
4527,0.000844233111241
4528,0.00507065009933
4529,0.0
4530,0.0
4531,0.00130226685827
4532,0.0
4533,0.000133300777069
4534,0.00210303815081
4535,0.0
4536,0.0
4537,0.0
4538,0.00032624160216
4539,0.0154016749519
4540,0.00345278364022
4541,0.0
4542,0.000180358730622
4543,0.0
4544,0.0
4545,0.000355177019318
4546,0.000472418926086
4547,0.000191830600656
4548,7.11930539934e-05
4549,0.00491662446504
4550,8.30092123398e-05
4551,0.000780473084077
4552,0.000126257983927
4553,0.00035971888519
4554,0.000687453411725
4555,3.94537879398e-05
4556,3.92848888215e-05
4557,0.00585830611416
4558,9.08382385254e-05
4559,6.15353844857e-05
4560,5.94491180568e-05
4561,0.000303453499367
4562,8.40293691544e-05
4563,0.00596666768792
4564,9.74198500741e-05
4565,0.000153488288442
4566,0.000272113197752
4567,0.000196675056463
4568,3.93636324634e-05
4569,5.972138336e-05
4570,0.0
4571,0.000282969022539
4572,0.000116957102891
4573,5.88351158637e-05
4574,0.0
4575,0.00240493404671
4576,0.0
4577,0.000180246139691
4578,0.000251956975014
4579,0.0
4580,0.000802676655122
4581,0.000196139487936
4582,5.06679718493e-05
4583,0.0487834889968
4584,3.95223201477e-05
4585,5.76425921039e-05
4586,0.00201569062836
4587,0.00015871131085
4588,4.73042888718e-05
4589,0.000107022924769
4590,0.000107693799076
4591,0.000127521713248
4592,6.63748406184e-05
4593,4.52219964515e-05
4594,0.00016938877583
4595,0.0
4596,0.0
4597,0.0
4598,0.000125942521037
4599,0.000169984921555
4600,0.000191092732687
4601,0.0
4602,3.92132491154e-05
4603,0.00014565752745
4604,0.0
4605,0.0
4606,4.16951488482e-05
4607,0.0
4608,0.000188583191562
4609,5.27436108899e-05
4610,0.000322176865672
4611,0.0010990649295
4612,0.0
4613,0.000183147463064
4614,0.0
4615,0.00286852472623
4616,0.000114832840981
4617,0.0
4618,0.00028634962547
4619,0.000439197527527
4620,0.0143038299514
4621,0.000242133191283
4622,0.0
4623,0.000150147376483
4624,0.00862732869357
4625,5.29486614367e-05
4626,0.000320792634231
4627,8.16577072982e-05
4628,0.0040586237029
4629,0.00027551594866
4630,0.00168014956318
4631,0.00172937264385
4632,0.0
4633,0.0
4634,0.000108773803839
4635,0.00913500737654
4636,0.00056121079564
4637,0.00565283082729
4638,0.000771032421938
4639,5.74059694518e-05
4640,0.015890450623
4641,0.0
4642,0.000132948705272
4643,4.16636100216e-05
4644,0.0
4645,0.000119452107028
4646,6.87997621429e-05
4647,0.0
4648,0.000100108672559
4649,0.0
4650,0.0104349872173
4651,0.000100832165486
4652,0.0
4653,0.00278538029131
4654,0.00131944491783
4655,0.000156391503514
4656,0.0195639957143
4657,8.72067697015e-05
4658,0.0
4659,0.0
4660,3.9312246269e-05
4661,3.93317269713e-05
4662,0.000113475026541
4663,0.000105153179856
4664,0.0
4665,0.000111291435826
4666,0.0164738514098
4667,5.96527473147e-05
4668,6.28279167918e-05
4669,0.000101131607789
4670,0.0
4671,0.00105088890102
4672,7.3895557517e-05
4673,5.76673791777e-05
4674,0.000197031443576
4675,0.0
4676,3.91527414472e-05
4677,0.0
4678,5.86504197035e-05
4679,0.000364096076444
4680,0.00145421982849
4681,8.41159178839e-05
4682,7.31585721758e-05
4683,0.00481346940516
4684,0.0
4685,0.0
4686,0.0027411183663
4687,3.93823472704e-05
4688,3.98701225675e-05
4689,0.0
4690,0.0
4691,0.000415074017739
4692,6.09925782888e-05
4693,3.94214827057e-05
4694,0.00589523744266
4695,0.000222721632584
4696,0.0
4697,6.25499486695e-05
4698,0.0
4699,5.92787407689e-05
4700,0.00369902905805
4701,0.00618466930004
4702,6.58889802332e-05
4703,0.00155743723651
4704,0.00010878985731
4705,6.99475589356e-05
4706,0.000120979830841
4707,6.51021706184e-05
4708,6.57461539273e-05
4709,0.000655755330287
4710,7.2070971004e-05
4711,0.000131601092781
4712,0.0
4713,0.000142141859239
4714,5.29122626776e-05
4715,0.00148737534408
4716,0.000114367828456
4717,0.000646829480873
4718,0.000531540504823
4719,0.000313844924071
4720,0.0
4721,0.000317552118448
4722,0.000338619807704
4723,0.000124510715343
4724,0.0
4725,0.00394953436763
4726,0.0
4727,5.86931403488e-05
4728,0.0
4729,0.011530972697
4730,0.0105096061925
4731,0.0
4732,3.94162294999e-05
4733,0.0
4734,3.9356339069e-05
4735,0.000203609170151
4736,0.0
4737,0.0
4738,0.000236377068329
4739,3.96750221454e-05
4740,0.0
4741,3.94935496391e-05
4742,0.000147770694234
4743,0.0
4744,6.34882730992e-05
4745,0.000117393770993
4746,8.99074645813e-05
4747,0.0
4748,0.000239582271297
4749,0.000169218713606
4750,9.34836395134e-05
4751,0.00132142991115
4752,0.000148346883699
4753,0.00017679208509
4754,0.000139911586318
4755,0.0
4756,0.0
4757,0.000442084749261
4758,7.45649069183e-05
4759,0.000129433046741
4760,7.05895154889e-05
4761,0.0
4762,0.000167753226919
4763,0.0349262712208
4764,0.000291099923377
4765,0.000911562065297
4766,0.000478090756138
4767,0.000140953945801
4768,0.0
4769,0.000115937751321
4770,7.45232514388e-05
4771,4.54630134477e-05
4772,5.24890532199e-05
4773,0.000128775329283
4774,0.000156761635916
4775,0.000430031061414
4776,0.000158704661951
4777,0.0
4778,0.0
4779,0.0161383828613
4780,0.000213663094087
4781,0.0
4782,7.7610836057e-05
4783,5.83531579323e-05
4784,0.00016016429185
4785,0.000170246259519
4786,0.00259208225976
4787,0.00446860786654
4788,5.1305978118e-05
4789,4.01396678531e-05
4790,0.0
4791,0.000227817781975
4792,0.0
4793,0.0
4794,0.0
4795,0.000316498730165
4796,0.000743701800833
4797,0.0
4798,0.0
4799,0.00352397201835
4800,0.000163979963273
4801,0.000117913069873
4802,0.00219424547963
4803,3.93895885109e-05
4804,0.000112451926802
4805,5.64017949469e-05
4806,0.0
4807,0.0
4808,0.000137310346949
4809,7.66450838365e-05
4810,0.000140609744463
4811,4.15865871326e-05
4812,0.00488262536357
4813,0.00283607251176
4814,0.000121038054528
4815,0.00194345589156
4816,3.92601240651e-05
4817,0.0
4818,0.0
4819,0.000122188073879
4820,0.000359987336325
4821,0.000138681683977
4822,0.0
4823,0.0
4824,9.33755226917e-05
4825,0.0
4826,0.0
4827,0.00017237689006
4828,3.9451774545e-05
4829,0.0
4830,0.000516480715726
4831,0.0
4832,0.000267829030261
4833,0.000594692819963
4834,0.0001857193846
4835,0.000228119242709
4836,0.00384205428408
4837,0.000211810071294
4838,4.15912431491e-05
4839,0.000497002624591
4840,0.000270583126585
4841,0.000215605076689
4842,0.0211916908119
4843,0.00018683235225
4844,0.0
4845,0.000122503200583
4846,4.15532356799e-05
4847,0.0
4848,0.00365691010573
4849,0.00220460510327
4850,0.00187958237307
4851,0.0183209856657
4852,0.00011258342834
4853,3.94089240543e-05
4854,0.00985485961534
4855,0.000172088522516
4856,0.000265748157835
4857,5.07154281175e-05
4858,0.000196492133525
4859,0.0
4860,0.0
4861,0.000449364218673
4862,3.94297744277e-05
4863,9.35139783422e-05
4864,0.00147427976675
4865,0.000260653139008
4866,0.00120009252606
4867,0.0
4868,0.000102898965508
4869,0.0
4870,0.0
4871,0.0
4872,0.0
4873,0.00366282639642
4874,0.0
4875,6.65118450875e-05
4876,0.0
4877,7.06903626857e-05
4878,5.2516259871e-05
4879,0.000150074134169
4880,0.0
4881,0.000250590261985
4882,8.02557641584e-05
4883,0.0
4884,0.000746856424967
4885,0.000680741872043
4886,0.0
4887,0.00023983865718
4888,0.00100676988155
4889,0.000302807889688
4890,0.000269542207313
4891,0.000715157303021
4892,0.000556009631685
4893,0.00479520964205
4894,0.0
4895,4.18567106899e-05
4896,0.0
4897,0.000116415780216
4898,7.49049772981e-05
4899,0.000187455121865
4900,0.0
4901,0.0020341841512
4902,0.000132582564059
4903,0.0
4904,0.0
4905,0.000104360653789
4906,0.000162074022424
4907,0.00010057801844
4908,0.0
4909,4.10820822778e-05
4910,0.0
4911,0.0
4912,0.000179977202056
4913,0.000567608578788
4914,0.000458288969844
4915,0.0147288775779
4916,0.000114851570632
4917,4.92518609638e-05
4918,4.4888573278e-05
4919,0.000105679759912
4920,5.26716255793e-05
4921,8.49660726945e-05
4922,0.0
4923,9.21311365136e-05
4924,7.34725163105e-05
4925,6.15865315146e-05
4926,0.000187177854119
4927,5.32724367197e-05
4928,0.0
4929,0.000142236521103
4930,0.0
4931,0.00276308264333
4932,0.00036697206995
4933,0.0
4934,0.000986142147803
4935,4.15576267541e-05
4936,0.000120959257834
4937,0.0
4938,0.0404379045035
4939,0.0
4940,0.00611362664072
4941,0.0
4942,0.0
4943,9.29307243185e-05
4944,9.56890992576e-05
4945,4.17450274273e-05
4946,4.69200913624e-05
4947,0.000136562473988
4948,0.000361582930785
4949,0.0
4950,0.00333536816861
4951,0.000129074795454
4952,0.000122253397944
4953,0.000797009140203
4954,0.000203455804443
4955,0.0
4956,0.00224915015524
4957,0.0
4958,0.0
4959,0.00432863188238
4960,0.00214669768419
4961,0.000163991259044
4962,5.13744207797e-05
4963,0.0
4964,3.94934133197e-05
4965,0.000130898489558
4966,0.0192751985785
4967,0.0
4968,3.9376556805e-05
4969,5.62422291903e-05
4970,6.1201414669e-05
4971,3.9178374529e-05
4972,0.0
4973,0.000153803807888
4974,0.0
4975,7.67996744919e-05
4976,0.000319743532636
4977,0.000607771969254
4978,0.000505802496568
4979,0.0233311231208
4980,0.0
4981,0.000885646140736
4982,0.0
4983,0.0
4984,8.54183809773e-05
4985,4.15480894116e-05
4986,8.45100407214e-05
4987,0.0015406727885
4988,0.0
4989,0.000605335352571
4990,0.000369425932959
4991,0.000391273101806
4992,0.000104077502459
4993,0.000221810189528
4994,6.15912917805e-05
4995,0.0
4996,0.000182486597987
4997,0.0
4998,0.000111831099063
4999,3.94557424457e-05
