0,0.0
1,0.142857142857
2,13.6490824515
3,0.0
4,0.0
5,0.0
6,6.49034890545
7,0.0903227833376
8,1.61415211821
9,1.62763976713
10,0.0
11,1.98585949838
12,1.20476162216
13,1.45341401313
14,0.827539790541
15,0.0
16,0.0
17,1.72643111304
18,0.753667930028
19,1.07510114891
20,1.10250939611
21,0.0
22,0.256023535855
23,0.0
24,0.55650048317
25,0.0
26,0.0
27,0.760732805641
28,0.0
29,0.0921011518215
30,0.0
31,0.239588548093
32,1.12506646467
33,0.39813010876
34,0.0
35,0.0
36,1.47274256566
37,0.0
38,0.0
39,0.0
40,0.158286813427
41,0.0
42,0.0
43,0.0521070355501
44,0.0
45,1.73127793875
46,1.25574182535
47,1.04205556588
48,0.823676224323
49,0.0578946754063
50,0.0
51,0.0756772777464
52,0.0
53,0.0
54,0.174153575161
55,0.0
56,3.06421554797e-14
57,0.0
58,0.321547640388
59,0.0
60,0.0
61,0.0
62,0.0
63,0.0
64,0.0
65,1.19358578004
66,0.440700523702
67,1.44328993201e-14
68,0.0
69,0.566499781047
70,0.130487552891
71,0.0
72,0.0308449284496
73,0.0714179138757
74,0.0
75,1.22014054432
76,0.0
77,1.72602642604
78,0.0
79,0.123195638868
80,0.383911685313
81,0.0
82,7.9936057773e-15
83,0.0783591844945
84,0.00304510297605
85,1.48459125116
86,0.253393709736
87,0.0
88,0.0
89,0.590023954861
90,0.555392048955
91,0.501559507347
92,0.0
93,0.0
94,0.0921796469742
95,0.0
96,0.0
97,0.682445228973
98,0.0873881385389
99,0.0
100,0.0
101,1.68753899743e-13
102,0.0
103,0.0
104,0.0
105,0.133071865121
106,0.0
107,0.564696107812
108,0.046439091407
109,0.0
110,0.0
111,0.039256870386
112,0.0
113,0.0
114,0.0989241499066
115,0.0
116,0.104567119095
117,0.0
118,0.0
119,0.119712466521
120,0.47257493944
121,0.0379785434666
122,0.0236699234283
123,0.0
124,0.0
125,3.36675132218e-14
126,0.0
127,0.0842649171951
128,0.0
129,0.0
130,0.0
131,0.00232642415713
132,0.0
133,1.84574577844e-15
134,0.0
135,0.0
136,0.0
137,0.0
138,0.208852891214
139,1.77080572428e-14
140,0.148409763983
141,0.122468883717
142,8.89288642725e-14
143,0.0
144,0.0
145,0.0
146,0.86252290987
147,0.0851508151701
148,0.0
149,0.247679263431
150,0.123334305336
151,0.790852465075
152,5.3290705182e-15
153,0.0
154,0.0972637076741
155,0.0
156,0.0
157,0.247125320758
158,0.000336423976025
159,0.19555297687
160,0.260329030993
161,8.21565038223e-15
162,0.0749368049106
163,0.0772411822505
164,0.0
165,0.0
166,0.111088365835
167,0.0871053422349
168,0.0
169,0.0
170,0.879566245941
171,0.0
172,0.12470828041
173,1.25816024266e-13
174,0.0
175,0.0
176,0.222595048929
177,0.350114957961
178,1.7763568394e-15
179,0.0
180,1.7763568394e-14
181,0.0
182,0.0
183,0.0
184,0.106588876165
185,0.0215887789903
186,0.242159874345
187,0.122227265242
188,0.0
189,0.0177651030456
190,0.0324765162832
191,0.0473893409452
192,0.0
193,0.0
194,0.114782781841
195,0.0668976170583
196,0.0167700116278
197,3.68594044176e-14
198,0.0
199,0.0203622145413
200,0.0
201,0.0
202,0.0
203,0.0
204,0.0299500560491
205,0.0673015387459
206,0.0
207,0.0
208,0.00336219791161
209,0.361822167233
210,0.112216384561
211,0.0272103935921
212,0.019577393235
213,0.0
214,0.0
215,0.00112217895179
216,0.0
217,0.0
218,0.234729925692
219,0.391689932964
220,0.0
221,0.0
222,0.0
223,0.0
224,0.0
225,0.0
226,0.0
227,0.0322014076791
228,2.68229882749e-13
229,0.0
230,0.0
231,0.0399683475678
232,0.0893531767776
233,0.0921403820905
234,1.35447209004e-14
235,0.038607485904
236,0.109381203979
237,0.0657660256062
238,0.129030480938
239,1.12687636999e-14
240,0.0
241,0.218003638274
242,0.0
243,0.0
244,0.0
245,0.0
246,0.0
247,0.0
248,0.0789140622078
249,0.0
250,1.31700206296e-13
251,0.0
252,0.0
253,0.0
254,0.0
255,0.0
256,0.385588538389
257,0.0
258,0.0697071291447
259,0.0
260,0.00852703565223
261,0.00457460951695
262,0.0
263,0.25954114102
264,0.0824103916191
265,0.0
266,0.0
267,0.0
268,0.0
269,0.0
270,0.0
271,0.170082116842
272,0.0
273,0.0171725244321
274,0.0
275,0.0
276,0.0
277,0.0
278,1.89050164412e-13
279,0.0
280,0.0194349784166
281,0.0
282,0.0
283,0.0503451399767
284,0.0
285,0.0
286,0.0
287,0.0
288,0.0368263929287
289,0.0
290,0.0174487885643
291,0.0306073265491
292,0.0
293,0.0
294,0.00807471891681
295,0.0
296,0.0
297,0.0
298,0.0
299,0.0106779833289
300,0.0150320097312
301,0.0
302,0.293918231816
303,0.00363260142564
304,0.209643400421
305,0.0
306,0.410107104253
307,0.0
308,0.20189767721
309,0.0
310,0.0
311,0.101557733423
312,0.0
313,0.0531989936448
314,0.0
315,0.0
316,0.0
317,0.706664704952
318,0.57474655591
319,0.0124232675633
320,0.0
321,0.0374837606004
322,0.134243007084
323,1.06581410364e-14
324,0.0
325,0.0
326,0.0
327,0.0055977769239
328,0.828767847068
329,0.0559820434044
330,0.0363733137416
331,0.0
332,4.30766533555e-14
333,0.0255484579471
334,0.0713390039185
335,0.0745093520351
336,0.0454672097748
337,0.0709543049404
338,0.0962546040148
339,0.0
340,0.0
341,0.0
342,0.187572305432
343,0.0227777060805
344,0.0
345,0.0
346,0.0
347,0.0
348,0.0012996066404
349,0.0
350,0.0522405765521
351,0.105855598108
352,0.0
353,0.0100741253536
354,0.00332069433162
355,2.04281036531e-14
356,0.0
357,0.0
358,0.00236277454346
359,2.19130269485e-14
360,0.0
361,0.0
362,0.0
363,0.0
364,0.0
365,1.91513471748e-14
366,0.0
367,0.0157994627477
368,0.0
369,0.0
370,0.0
371,3.5571545709e-13
372,0.00587258980512
373,0.13151071683
374,0.0
375,0.0
376,0.0290367875581
377,2.96568325453e-14
378,0.0314474365792
379,0.0
380,0.0521242182092
381,0.0
382,0.0551735595959
383,0.0539028053808
384,0.0
385,0.0
386,0.0121663258721
387,0.0975354419126
388,0.0
389,0.0
390,0.0163055740242
391,0.02656256264
392,0.0262439241085
393,4.21884749358e-15
394,0.0
395,0.0
396,0.0
397,0.392839453287
398,0.0439943954888
399,0.0
400,0.0
401,0.0726748818877
402,0.000807878333861
403,0.0218022470841
404,0.0
405,0.0
406,0.000634099077124
407,0.0
408,0.0393006311111
409,0.0065505328209
410,0.048319490351
411,2.17603712827e-14
412,0.0
413,0.0411807796405
414,0.0
415,0.0128454992016
416,0.0247024089811
417,0.0
418,0.0299011372523
419,0.0186108499748
420,0.0400958202325
421,0.002075597976
422,0.0
423,0.0
424,0.0731566158646
425,0.0319550259791
426,0.0348152815272
427,0.0
428,0.0
429,0.0
430,0.0148890187989
431,0.0
432,0.0
433,0.0
434,0.0
435,0.0184599926082
436,0.0379930634753
437,0.106953550409
438,0.0
439,0.0
440,0.0
441,1.69197988953e-13
442,0.0
443,0.0
444,0.0
445,0.00909524777651
446,0.0
447,0.137783591487
448,0.00701272678936
449,0.0
450,4.08898268829e-05
451,0.145293485772
452,0.0
453,0.0
454,0.00176858234476
455,0.0
456,0.00518209413398
457,0.00430925899928
458,0.151581280133
459,0.0174261372473
460,0.0
461,0.0
462,0.0
463,0.0548847657048
464,0.0610440731884
465,0.0
466,0.0
467,0.0
468,0.0531725840267
469,0.0122975718975
470,0.0
471,0.0
472,0.0769519456502
473,0.0
474,0.0
475,0.0
476,0.0
477,0.0100938975029
478,0.0
479,0.0
480,0.0
481,0.0
482,0.0
483,0.219234986317
484,0.0
485,0.0467608083618
486,7.77156117238e-15
487,0.0
488,0.0
489,0.0
490,0.0537690012832
491,0.0
492,0.0497486359304
493,0.0
494,0.0
495,0.0
496,0.0
497,0.0
498,0.0
499,0.0
500,0.0613350835231
501,0.0
502,2.77555756156e-15
503,0.0574101882386
504,0.0
505,0.00833687157211
506,0.0
507,0.0394874367599
508,8.97060203897e-13
509,0.0
510,0.0333689378247
511,8.43769498715e-14
512,0.0
513,0.0
514,0.0022432264508
515,0.0
516,0.0
517,0.0
518,0.0
519,0.0397486410448
520,0.0
521,0.0
522,0.000466945345977
523,0.0
524,0.0
525,2.93098878501e-14
526,0.0
527,8.61533067109e-14
528,0.111130560842
529,0.00928578642638
530,0.0
531,0.0
532,0.0219034766378
533,0.0
534,0.0917086314554
535,0.205919149713
536,0.0
537,5.3290705182e-14
538,0.0
539,0.0
540,0.0
541,0.0
542,0.0
543,0.163690016779
544,0.0
545,0.0
546,0.0
547,0.0349386529704
548,0.0
549,0.0553541335837
550,0.0519120796659
551,0.0264634917083
552,0.00760939879189
553,0.0
554,0.0
555,0.0508743856994
556,0.0
557,0.0
558,0.0
559,0.0735522055974
560,0.0
561,0.0
562,0.00297369348264
563,0.0
564,0.0271229983731
565,0.0
566,0.0
567,0.0141354735564
568,0.0
569,0.0347625371993
570,0.0
571,0.0
572,0.0
573,0.0266022246912
574,0.0
575,9.64506252643e-14
576,0.0
577,0.0
578,0.0
579,2.08999484386e-14
580,0.0316248636956
581,0.0
582,0.134889816415
583,0.0049257866042
584,0.0298972161205
585,2.22044604925e-15
586,0.0
587,0.0
588,0.0
589,0.0
590,0.0228370155406
591,0.0733533612249
592,0.0
593,0.0
594,7.9936057773e-15
595,0.0
596,2.12087292173e-13
597,0.0
598,0.0
599,0.0
600,0.0
601,0.133104772719
602,0.0414232419566
603,0.0230530688504
604,0.0
605,0.0
606,0.0
607,0.0
608,0.0350867712794
609,0.0
610,0.000387575961023
611,0.0466723146522
612,0.0100521978183
613,0.0216128237764
614,0.0601227980501
615,1.69642078163e-13
616,0.0
617,0.0
618,0.0
619,0.0
620,0.0306746327364
621,4.21884749358e-14
622,0.0556202765725
623,0.0892490356354
624,0.0
625,4.66293670343e-15
626,0.135240914197
627,0.0
628,0.0889341950132
629,3.33066907388e-15
630,0.0387206107431
631,0.0
632,0.0495655768678
633,0.0
634,0.0
635,0.0
636,0.0443274114429
637,0.0
638,0.0
639,0.057880126925
640,0.0
641,0.0233749661125
642,0.0394866914774
643,0.0
644,0.0
645,0.11536023341
646,0.0399726936739
647,0.0
648,0.0218942739277
649,0.0580759764324
650,0.0850112490815
651,0.0
652,0.0534682551554
653,0.00959095303297
654,0.0133112657144
655,0.0
656,0.0
657,0.000674178828372
658,3.79696274422e-14
659,0.0220597620535
660,0.0
661,0.0
662,0.0411900380054
663,0.0301753086756
664,0.0
665,0.0
666,0.0278062076283
667,0.0
668,0.0
669,0.122448935284
670,0.0119594397258
671,0.0331243130146
672,0.010332727032
673,0.0239077264598
674,0.0270898317507
675,0.0
676,0.0336339618598
677,0.0
678,0.0
679,0.0
680,0.0
681,0.00250180532502
682,0.0
683,0.0
684,0.0589453963316
685,0.0336790883263
686,0.0705904126939
687,0.0
688,1.25177646026e-14
689,0.0
690,2.86437540353e-14
691,0.0
692,0.0199490862189
693,0.0
694,0.0
695,0.0213845563904
696,0.0434988316677
697,0.0
698,0.044965270208
699,0.0326593563893
700,0.0
701,0.0
702,1.25677246388e-13
703,0.0
704,0.0
705,0.0545311467668
706,0.0
707,0.025523964512
708,0.0
709,0.00642829188878
710,0.0
711,0.0
712,0.0260912554536
713,0.0
714,0.0
715,0.0
716,0.0
717,0.0
718,0.0
719,0.0
720,0.0
721,0.0
722,0.025708653212
723,0.00302398260551
724,0.0
725,0.0
726,0.0072140428366
727,0.0
728,0.0
729,0.0
730,0.0
731,0.0
732,4.05578348683e-14
733,0.0
734,0.00789669485551
735,0.0
736,0.0476285609032
737,0.043560906196
738,0.0
739,0.0383882407838
740,0.0
741,0.000624215982289
742,0.0
743,0.0
744,0.0
745,9.05872599155e-15
746,0.00101229241892
747,2.93098878501e-14
748,0.0574834940833
749,0.0
750,0.109578070601
751,0.0910505289397
752,0.0642038732946
753,0.0164377427996
754,0.0194348557304
755,0.0578554825251
756,0.0
757,0.0
758,0.00424777902208
759,0.0
760,1.87405646557e-13
761,0.113636110801
762,0.0
763,0.0
764,0.0
765,0.0131875636374
766,0.00348381681728
767,0.0472557782311
768,0.012817953869
769,0.0
770,3.41948691585e-14
771,0.0234400758063
772,0.0
773,0.0
774,0.000362447016777
775,0.00996226296394
776,0.02730162161
777,0.0
778,0.0
779,0.0
780,0.00494039197659
781,0.068317234612
782,1.17961196366e-14
783,0.0
784,0.0
785,0.0
786,0.189688025152
787,0.0693076763969
788,1.21014309684e-13
789,0.0
790,1.16351372981e-13
791,0.0
792,0.0
793,0.0
794,5.98271432395e-14
795,0.00417245331851
796,0.0
797,0.0
798,0.0
799,0.0
800,0.0
801,3.29840321722e-14
802,0.0
803,0.0
804,0.0397121863128
805,0.0
806,0.0202054614713
807,0.0063083344093
808,0.0
809,0.033322551622
810,0.0
811,0.0
812,0.0
813,0.0
814,0.0
815,0.0
816,0.0
817,0.0
818,0.0
819,0.0
820,3.24393290008e-13
821,0.0
822,0.0
823,0.0
824,0.075725104887
825,0.0
826,0.0
827,0.0
828,8.881784197e-14
829,0.000638713619243
830,0.0
831,0.0349556710839
832,0.0
833,0.0
834,0.0
835,0.0869172131597
836,0.0
837,0.0
838,0.0
839,2.76001443922e-13
840,0.0
841,0.0
842,0.0
843,0.0286118139091
844,0.0
845,2.88657986403e-15
846,0.0
847,0.0
848,0.0
849,0.0735050863741
850,0.0
851,0.0
852,0.0170497471333
853,0.223812699781
854,0.0
855,0.0
856,0.0
857,0.21427551522
858,0.0822748825516
859,0.0
860,0.0
861,0.0
862,0.0
863,0.0935523671458
864,0.184105128541
865,0.148588422254
866,0.0
867,0.0
868,0.0
869,0.0
870,0.0
871,0.0
872,0.0
873,0.0
874,0.00865976375231
875,0.0
876,0.0
877,0.0
878,0.0
879,0.105462763166
880,0.0907038047913
881,0.00381224160079
882,0.0
883,0.0310742434916
884,0.0
885,0.0028346895547
886,0.0
887,0.0235743433747
888,0.017309923649
889,0.0
890,0.0275439263647
891,0.0
892,0.0
893,0.0761092102085
894,6.77236045021e-15
895,0.000790775136437
896,0.0
897,0.0
898,0.0
899,0.0
900,0.0
901,0.0
902,0.0
903,0.0208215012004
904,0.0
905,0.0
906,0.0458019185236
907,4.28569744139e-05
908,0.103546328714
909,0.0
910,3.76434994287e-15
911,0.0240126211217
912,0.00173718458051
913,0.0
914,0.0
915,2.55732934829e-14
916,0.0
917,0.0136099484733
918,0.00880543962737
919,0.0
920,4.75619543749e-13
921,0.0095651864757
922,0.0
923,0.0
924,0.0
925,0.0
926,0.063619624005
927,0.100666830683
928,0.00102143523947
929,0.0
930,0.0128145432271
931,0.00728749954892
932,0.0
933,0.0537967718459
934,0.00551634026629
935,0.0116227469899
936,0.0171127150438
937,2.23831370105e-14
938,0.0
939,0.0
940,0.0343851661447
941,8.04911692853e-15
942,0.0159233550629
943,0.0
944,0.0
945,0.0
946,2.26485497024e-14
947,0.00730222990916
948,0.0
949,0.0
950,1.45314316136e-13
951,0.014148415414
952,0.00565972786071
953,0.0
954,0.0302679683182
955,0.0
956,0.0126680727561
957,0.0
958,0.0
959,0.0
960,0.00448378543534
961,0.0
962,0.0
963,0.0
964,3.46944695195e-15
965,0.0
966,0.0
967,0.0
968,0.0
969,0.0228317957823
970,0.0
971,0.0
972,0.0
973,0.0
974,0.12364190882
975,0.0
976,0.0
977,0.0
978,0.0831903013464
979,0.0193302086456
980,0.0
981,0.0
982,3.48610029732e-14
983,0.125100563438
984,1.35891298214e-13
985,1.10134124043e-13
986,1.08801856413e-14
987,0.0
988,0.0
989,0.0531223097672
990,0.0179398540639
991,0.000468592665034
992,0.0
993,0.0392828514664
994,0.0
995,3.40044019418e-14
996,0.0
997,0.0
998,0.0
999,0.000717644224321
1000,0.0
1001,0.0
1002,1.88737914186e-14
1003,0.0
1004,0.0
1005,0.0
1006,0.0
1007,0.0179776991664
1008,0.0
1009,0.00610133983467
1010,3.27515792264e-15
1011,0.0
1012,0.0
1013,0.00403707234596
1014,0.0
1015,0.0
1016,0.0384157281398
1017,0.0148657710587
1018,0.0
1019,0.0208969120522
1020,0.0083754678472
1021,0.0652932133106
1022,0.0105608001494
1023,0.0
1024,0.0
1025,0.00713189575558
1026,0.0
1027,0.0161125370715
1028,0.0252277287318
1029,0.0
1030,0.0214070829867
1031,0.0
1032,0.0
1033,0.00609622782285
1034,1.99146255042e-15
1035,0.0
1036,0.0
1037,0.0
1038,0.0
1039,0.0
1040,0.040491273768
1041,0.0
1042,0.0331295336036
1043,0.0
1044,0.0
1045,0.0
1046,0.0242177061656
1047,0.0361463915081
1048,0.0
1049,0.0
1050,0.0198049354581
1051,0.0182459356829
1052,0.0
1053,2.40252262529e-13
1054,0.0
1055,0.0
1056,0.00461999289962
1057,0.0553250922696
1058,1.66006097757e-13
1059,0.0
1060,0.0
1061,0.000435311071913
1062,0.026684455998
1063,0.0294244019544
1064,0.0
1065,0.0
1066,0.0
1067,0.0
1068,0.0246731270909
1069,0.0
1070,0.0113575054159
1071,0.0
1072,0.00217699309282
1073,0.0363578626156
1074,0.0600781154136
1075,0.00415760858296
1076,0.0
1077,0.00511366962686
1078,0.0
1079,0.00157713158689
1080,0.0
1081,0.0588264751959
1082,0.0128201470978
1083,0.00611556549873
1084,0.0
1085,0.0146424696145
1086,0.00589456802864
1087,0.0
1088,0.0027502846987
1089,0.0306779373089
1090,0.0
1091,0.00703872162973
1092,0.00395492530847
1093,0.0437327603349
1094,0.0
1095,0.0
1096,0.0
1097,0.0
1098,0.0
1099,0.0
1100,1.3969207735e-13
1101,0.0148472975382
1102,0.0
1103,0.0
1104,0.0
1105,0.0141415038927
1106,2.50910403565e-13
1107,0.0113237955834
1108,0.00138186773922
1109,0.0
1110,0.00344532682353
1111,0.0191815309631
1112,0.0
1113,0.0
1114,0.0062336076114
1115,0.0162011761513
1116,0.0
1117,0.0218754334169
1118,0.0
1119,0.0
1120,0.0
1121,0.0101916132241
1122,0.0
1123,0.022634187557
1124,0.0
1125,0.0
1126,0.00213003976279
1127,0.0
1128,0.0
1129,0.0
1130,0.00122447590211
1131,0.0749101297454
1132,4.02566868729e-13
1133,0.0
1134,0.0458813390894
1135,0.0
1136,0.0
1137,0.0
1138,0.0303728577074
1139,0.04519961337
1140,0.0352558698172
1141,0.0166532953448
1142,0.00780221950896
1143,0.0
1144,0.0
1145,0.0832037191324
1146,4.7951226323e-14
1147,0.0303346317463
1148,0.0
1149,0.0517353494595
1150,0.0435940937532
1151,0.0
1152,0.0
1153,0.0399926189691
1154,0.0565408196689
1155,0.0251396525548
1156,0.0
1157,0.0
1158,9.25440279964e-14
1159,0.0
1160,0.0
1161,0.0
1162,0.00616665628426
1163,0.00756682236912
1164,0.0
1165,0.0
1166,0.0
1167,0.0
1168,0.00942237702727
1169,0.0
1170,0.0061806358042
1171,0.0
1172,0.0398474537398
1173,0.0
1174,0.0
1175,0.0
1176,0.000216061860988
1177,0.0
1178,0.0
1179,0.0154749032329
1180,0.0
1181,0.0
1182,0.0310158377389
1183,0.0456541983066
1184,8.69027072525e-14
1185,0.0
1186,0.0269800530848
1187,0.0
1188,0.00328965472993
1189,0.0202621194107
1190,0.0
1191,1.41830991396e-14
1192,0.0
1193,0.0
1194,0.051759727307
1195,0.0231146522078
1196,0.0
1197,0.020785932375
1198,0.0089381924579
1199,0.00795902086582
1200,0.0
1201,0.00876917493282
1202,0.0
1203,0.0
1204,0.0158806366237
1205,0.0
1206,0.0260526456765
1207,0.0
1208,0.0
1209,0.0
1210,0.0
1211,0.0
1212,0.000387128208572
1213,0.00698560007771
1214,0.0
1215,0.0
1216,0.0225126911656
1217,5.0112691774e-14
1218,0.0808048288385
1219,0.0
1220,0.0
1221,0.0
1222,0.0
1223,0.01262723512
1224,0.0
1225,0.00326575565353
1226,0.0607551061932
1227,0.0086732217992
1228,0.0153966002446
1229,0.0210728132472
1230,0.0198078049893
1231,0.00216114320556
1232,0.0098929524061
1233,0.0
1234,0.00306915279966
1235,1.22089838239e-14
1236,0.0
1237,0.0
1238,0.0
1239,0.0
1240,0.00809761725521
1241,0.0
1242,0.0
1243,0.00754051459264
1244,0.0
1245,0.0335680132507
1246,0.0
1247,0.0
1248,2.32452945781e-14
1249,0.0106168504633
1250,0.0156422855164
1251,0.0
1252,0.0
1253,0.0
1254,0.0
1255,0.0
1256,0.035351003562
1257,0.0
1258,0.0
1259,0.0535425834753
1260,3.34843264227e-13
1261,0.0134089746833
1262,0.0
1263,0.0
1264,0.00388684843265
1265,0.0
1266,0.0
1267,0.0
1268,0.0
1269,0.0
1270,0.0
1271,0.0
1272,0.0
1273,0.0
1274,0.0127426937742
1275,0.00380895038703
1276,0.0
1277,0.0124852126802
1278,1.1990408666e-14
1279,0.0
1280,4.35138036714e-14
1281,0.00428338397527
1282,0.0
1283,0.0
1284,0.0
1285,0.0
1286,0.0
1287,0.0508989368012
1288,0.0
1289,0.0341073384561
1290,0.0
1291,0.0
1292,9.75608482889e-15
1293,0.035119385363
1294,0.0
1295,0.00843344032104
1296,0.00418138618457
1297,0.0116298819959
1298,0.0505418807966
1299,0.00877405519022
1300,0.0
1301,0.00373802220087
1302,2.33146835171e-14
1303,0.0121891814712
1304,0.00899544268406
1305,0.0
1306,0.0
1307,0.0
1308,0.0
1309,0.000664565900579
1310,0.022017030296
1311,0.00899799419473
1312,0.0141974731899
1313,1.44106948596e-13
1314,0.00872002601012
1315,0.0
1316,0.0276038235816
1317,0.0
1318,0.0
1319,0.0
1320,0.00832874390383
1321,0.00303694452256
1322,0.0373420212033
1323,5.82867087928e-15
1324,0.0361939323296
1325,0.0
1326,6.43929354283e-15
1327,0.0
1328,0.00456002638857
1329,0.0
1330,0.00608566729896
1331,0.0
1332,2.14175899238e-13
1333,0.0
1334,0.0271807582819
1335,0.0220401301387
1336,0.0
1337,0.0
1338,0.0
1339,0.0
1340,0.00317495799871
1341,0.0595925079596
1342,0.00182483883335
1343,0.0
1344,0.0062433591168
1345,0.0240238042601
1346,0.0
1347,0.00141155611614
1348,0.0311960810998
1349,0.0
1350,0.0407117915049
1351,0.0129348431671
1352,6.5059069243e-14
1353,0.0
1354,0.0
1355,0.0
1356,0.0
1357,0.0
1358,9.63673585375e-14
1359,0.00900572362244
1360,0.00967925760069
1361,3.68455266297e-15
1362,0.0566622573707
1363,0.0
1364,0.00926805069847
1365,0.0
1366,0.00353817150089
1367,0.0
1368,0.0
1369,0.0
1370,0.0
1371,0.0106810669892
1372,0.0152885960627
1373,0.0
1374,0.0
1375,8.46545056277e-15
1376,0.0149517898982
1377,0.0
1378,0.00847046434026
1379,0.0
1380,0.0
1381,0.0
1382,0.0
1383,0.0107453984696
1384,0.0
1385,0.0
1386,0.0164337425945
1387,0.0
1388,0.0
1389,0.0
1390,0.00190170429634
1391,0.00577155593438
1392,0.0
1393,0.00560537745303
1394,0.0
1395,0.000616666595962
1396,0.0518955428094
1397,2.53130849615e-14
1398,0.00346605754211
1399,3.48099640881e-05
1400,4.68514116392e-14
1401,0.0492472597893
1402,0.022259282033
1403,0.0104103020795
1404,0.00211438451433
1405,0.027437553275
1406,0.0
1407,0.0147695160031
1408,0.000134109776754
1409,0.0
1410,0.0182371315115
1411,0.0
1412,0.0
1413,1.1768364061e-13
1414,1.58206781009e-15
1415,0.0177250436942
1416,0.0524008412172
1417,0.00715354795208
1418,1.84963155903e-13
1419,0.00380034697542
1420,0.0
1421,0.00317636382584
1422,0.00348796163407
1423,3.41948691585e-14
1424,0.0
1425,2.27595720048e-15
1426,0.000184928140787
1427,0.0
1428,0.00873375352194
1429,0.0
1430,0.0
1431,0.0
1432,0.0159668117561
1433,0.0
1434,0.00281783236443
1435,0.0040337461539
1436,0.00364688465231
1437,0.0
1438,0.00275713733675
1439,0.0
1440,0.0
1441,0.0019548847849
1442,0.0
1443,0.0
1444,0.0124265143863
1445,5.91193760613e-15
1446,0.0646049090107
1447,0.0
1448,0.0
1449,0.0
1450,0.0
1451,0.0429558640011
1452,0.00454273229998
1453,0.00283300412519
1454,0.0
1455,0.0
1456,0.0
1457,0.0133242668145
1458,0.0
1459,1.63421359778e-13
1460,0.0130128502784
1461,0.0
1462,0.0143655294012
1463,0.00103947231416
1464,0.0
1465,2.23709939462e-14
1466,0.0
1467,0.0159230226731
1468,0.0
1469,0.0
1470,0.0
1471,0.0
1472,0.00144221696764
1473,0.0243224408467
1474,0.0
1475,0.0878259678763
1476,0.0
1477,0.0
1478,0.0
1479,0.035472980822
1480,0.0
1481,0.0
1482,0.0
1483,0.0
1484,0.0
1485,0.0
1486,0.0
1487,0.0
1488,0.0
1489,0.0
1490,0.0120721073052
1491,0.000258392304572
1492,0.0
1493,0.0170103337517
1494,0.00238299264695
1495,5.55111512313e-15
1496,0.0
1497,0.0
1498,0.0
1499,0.012315751921
1500,0.0
1501,0.0
1502,0.0
1503,0.0
1504,1.25233157178e-13
1505,0.0
1506,0.0
1507,0.0322539688869
1508,0.0
1509,0.0
1510,0.0
1511,0.0423520927218
1512,0.0
1513,0.0275072278531
1514,0.00877006838159
1515,0.0
1516,0.0
1517,0.0
1518,0.0
1519,0.0
1520,0.0
1521,0.0
1522,0.0365772239195
1523,0.0
1524,0.0
1525,0.0
1526,0.0
1527,0.017003933901
1528,0.0
1529,0.0
1530,0.0
1531,0.0
1532,0.115751751686
1533,0.0639794672714
1534,0.0
1535,0.00526045936072
1536,0.0183148859836
1537,2.8266278207e-13
1538,0.0
1539,0.0390443430919
1540,3.14887005359e-14
1541,0.0
1542,0.0
1543,7.46000483609e-14
1544,0.0253441044533
1545,0.0
1546,0.0
1547,0.0
1548,0.0230338256166
1549,0.0890771778775
1550,0.0
1551,0.0
1552,0.00310785669632
1553,0.00895552027441
1554,0.00102274433988
1555,4.58300064565e-13
1556,0.0
1557,0.0352429913505
1558,0.0
1559,0.0273066776182
1560,0.0157316479905
1561,0.0
1562,0.0279701045077
1563,0.00144897289144
1564,0.0
1565,0.00283890238084
1566,0.0199155441412
1567,0.0139636764625
1568,0.0
1569,0.0
1570,0.0
1571,0.0
1572,0.0
1573,0.0
1574,0.0
1575,2.72004641033e-15
1576,0.0170250396987
1577,0.0
1578,0.0
1579,0.0
1580,0.0
1581,1.32782673745e-13
1582,0.0
1583,0.0
1584,0.0
1585,4.76951811379e-13
1586,0.0
1587,5.72389358133e-14
1588,1.1945999745e-13
1589,0.0
1590,0.0
1591,0.0
1592,0.0156933690298
1593,0.0
1594,0.0
1595,0.0
1596,0.0
1597,0.0
1598,0.0
1599,0.0
1600,0.0
1601,0.0
1602,0.0327347850294
1603,8.71827939255e-05
1604,0.0
1605,0.0
1606,0.00671749344719
1607,0.0102884943031
1608,0.0
1609,0.0
1610,0.0167753946846
1611,0.0
1612,0.0
1613,0.0156587480571
1614,0.00284153080867
1615,0.0
1616,0.0740677740327
1617,0.0285695298103
1618,0.0
1619,0.0
1620,3.20854454117e-13
1621,3.39728245535e-14
1622,0.0
1623,0.0172132578939
1624,5.09370323698e-13
1625,0.0
1626,0.0
1627,0.0
1628,0.0
1629,0.00167029737117
1630,0.0
1631,0.0
1632,0.0054988497462
1633,0.0
1634,0.040094556567
1635,0.0141019698048
1636,0.0
1637,0.0
1638,0.0165408356398
1639,0.0
1640,0.052740555097
1641,0.0
1642,0.0
1643,0.0
1644,0.0734977145345
1645,0.000820062254745
1646,0.00194166730679
1647,0.0
1648,0.0
1649,1.60760293966e-13
1650,0.0
1651,0.0
1652,0.00231661896011
1653,0.00347339175222
1654,0.0
1655,0.0114830086581
1656,0.0
1657,0.00394371836606
1658,0.0
1659,0.0
1660,0.0
1661,0.0
1662,0.0
1663,0.0527832293695
1664,0.00445300184292
1665,0.0
1666,0.0
1667,0.0
1668,0.0
1669,0.0
1670,0.0
1671,0.0
1672,0.0252713300178
1673,0.0
1674,0.00918311994662
1675,0.0538555501351
1676,0.0
1677,0.0230958132825
1678,0.0
1679,0.0
1680,0.00769010444602
1681,0.0
1682,0.00200456552914
1683,0.00539360765228
1684,0.0152274503812
1685,0.0
1686,0.0
1687,0.0
1688,5.33462163332e-14
1689,0.0
1690,0.0
1691,0.00230185327457
1692,0.0
1693,0.00773342661847
1694,0.0216900664884
1695,0.0
1696,0.0
1697,0.000638012070466
1698,0.0
1699,1.06359365759e-13
1700,0.0
1701,0.0
1702,0.0266788318483
1703,0.0
1704,5.44009282066e-14
1705,0.0183259902574
1706,0.00326213112028
1707,2.58126853225e-14
1708,0.00449999893298
1709,0.00363928939974
1710,0.0
1711,0.0
1712,0.0077711035227
1713,0.0
1714,0.0
1715,0.000410206773586
1716,0.019423657886
1717,0.0
1718,0.0263755060747
1719,0.00558534237616
1720,0.0
1721,0.0247233695682
1722,0.0215487915631
1723,0.0
1724,0.0332741178533
1725,0.00538403755139
1726,0.0
1727,0.0
1728,0.0
1729,0.0
1730,0.0
1731,0.0
1732,0.00657125943638
1733,0.00493605259933
1734,0.00271075347602
1735,0.0
1736,0.0
1737,6.63080701457e-14
1738,0.000808069398061
1739,0.0
1740,1.41220368732e-13
1741,0.00613818452341
1742,0.0
1743,0.0357578605963
1744,0.0146399998506
1745,0.0169756260105
1746,0.0
1747,0.00938697759662
1748,0.0
1749,8.83737527602e-14
1750,0.0
1751,0.0
1752,0.0109176455719
1753,1.55431223448e-15
1754,0.00721448927965
1755,0.0140577084077
1756,0.0
1757,0.0
1758,0.0293813484788
1759,0.0640477659846
1760,0.0
1761,0.0
1762,0.0
1763,0.032775765969
1764,0.00305720926638
1765,0.0
1766,0.0
1767,0.0
1768,4.02455846427e-15
1769,0.0
1770,0.0152377485779
1771,0.00433487955178
1772,0.0
1773,0.0421939350609
1774,0.0158082706985
1775,3.46944695195e-15
1776,0.0320263842929
1777,0.0
1778,0.000171564965915
1779,0.0
1780,0.0
1781,0.0
1782,0.0
1783,0.0
1784,0.00782724855331
1785,0.0
1786,0.00895121175344
1787,0.0153760488878
1788,0.0
1789,0.0
1790,0.0138342644641
1791,0.0
1792,0.000976833323208
1793,0.0
1794,0.0
1795,0.0
1796,0.0
1797,0.0
1798,0.0
1799,0.0
1800,0.0
1801,0.0
1802,0.0
1803,0.0377233355232
1804,0.0147135557872
1805,0.00578098573598
1806,0.0
1807,0.0059540743734
1808,0.0
1809,0.0
1810,8.43769498715e-14
1811,0.0090336085263
1812,0.0
1813,0.0392524412204
1814,0.00481640992541
1815,0.0
1816,0.0
1817,0.0
1818,0.0
1819,0.00654812331648
1820,0.0
1821,0.0
1822,8.57092175011e-14
1823,0.000305105759681
1824,0.0
1825,0.0
1826,0.0
1827,0.0
1828,0.00495714978063
1829,0.0
1830,0.0
1831,0.0
1832,0.0198561528
1833,0.00316233635358
1834,0.0
1835,0.00901635611863
1836,0.0
1837,0.0
1838,0.0105229305327
1839,0.0
1840,0.0
1841,0.0
1842,0.0
1843,0.0
1844,0.0193992947436
1845,2.3758772727e-14
1846,0.000750895618529
1847,0.00259923373331
1848,0.0
1849,2.22044604925e-15
1850,1.74082970261e-13
1851,0.0133257758882
1852,0.00209964278661
1853,0.0
1854,0.0
1855,0.0
1856,0.00486727907404
1857,0.0
1858,0.0163912801914
1859,0.00452150669232
1860,0.000360412128457
1861,0.0
1862,4.59632332195e-14
1863,0.0
1864,0.0
1865,0.0
1866,0.0
1867,0.00952089641552
1868,0.0
1869,0.0176096449068
1870,0.0
1871,0.0
1872,0.0562988841363
1873,0.0
1874,0.0
1875,0.00597212252703
1876,0.0366042509687
1877,0.0024248466352
1878,0.00500243087545
1879,3.24185123191e-14
1880,0.00457966962187
1881,0.00740482877254
1882,0.0
1883,0.0
1884,0.0
1885,0.0
1886,0.0
1887,0.00162669015681
1888,2.30926389122e-14
1889,0.0
1890,0.0
1891,0.0
1892,0.0
1893,0.00227226943576
1894,4.8017145815e-15
1895,0.00658208676787
1896,0.0
1897,0.00190193702593
1898,0.0
1899,0.0
1900,2.32591723659e-14
1901,0.0
1902,0.0133731633642
1903,0.00574096786468
1904,0.0
1905,0.0872586810717
1906,0.0
1907,0.0
1908,0.0105346110858
1909,0.00248568567477
1910,0.00287265709678
1911,0.00872034784234
1912,0.0
1913,0.0113152332671
1914,0.0
1915,0.0127863151373
1916,0.0
1917,0.0
1918,0.00397099584354
1919,0.0
1920,0.0
1921,0.0112015336391
1922,4.21884749358e-15
1923,0.0
1924,2.87325718773e-13
1925,0.0
1926,0.0285722014628
1927,1.22124532709e-13
1928,0.00823264912748
1929,0.0
1930,0.00198685198083
1931,0.0
1932,0.00893498885509
1933,0.0
1934,0.0149503211616
1935,0.0
1936,0.0029870098784
1937,0.0239963192227
1938,0.00790452779878
1939,0.0
1940,0.00690994500425
1941,0.0
1942,0.00506775572155
1943,0.0
1944,4.67681449123e-15
1945,0.0307068134343
1946,0.0
1947,0.0
1948,0.013321694234
1949,0.00731696165952
1950,3.83720832886e-14
1951,0.0
1952,0.0
1953,0.00883100361535
1954,0.0070712515785
1955,0.00137924460972
1956,0.00055748059572
1957,0.0
1958,0.0
1959,0.00535974120923
1960,0.0
1961,1.42108547152e-14
1962,0.00267778917663
1963,0.0
1964,0.00783594849709
1965,0.0
1966,0.0
1967,0.0
1968,0.0
1969,0.0071757928148
1970,0.0222217314636
1971,0.00266926874984
1972,0.0
1973,0.0
1974,3.5527136788e-14
1975,0.0353563008882
1976,0.0
1977,0.0
1978,0.0
1979,0.0
1980,0.0129138180255
1981,0.0
1982,0.0
1983,0.0148730667923
1984,0.00255014338431
1985,0.0
1986,0.0100661520657
1987,0.0
1988,0.0146586027426
1989,0.0616452513866
1990,0.0
1991,0.0
1992,0.0
1993,0.0
1994,0.0
1995,0.0
1996,0.000797792100932
1997,0.00690087332867
1998,0.00354784413029
1999,0.0194043200316
2000,0.00922963244221
2001,0.0
2002,0.0130555527095
2003,2.83328915884e-13
2004,0.0
2005,0.0131723560108
2006,0.0113060739359
2007,0.0
2008,8.43769498715e-15
2009,0.0
2010,0.0293296100806
2011,0.0
2012,0.0320570683786
2013,0.0
2014,0.0
2015,0.0510305796414
2016,1.53654866608e-13
2017,0.006448988039
2018,0.0
2019,0.0
2020,0.0
2021,0.00328022699876
2022,0.0072056272026
2023,0.0
2024,0.0
2025,0.00831204174082
2026,0.0107412437009
2027,0.00439982377398
2028,0.00274200622748
2029,0.0
2030,0.0139710397986
2031,0.0
2032,1.49658063719e-13
2033,0.0
2034,0.0127571402345
2035,0.0
2036,0.0
2037,0.0
2038,0.00616035354536
2039,0.0166326348709
2040,0.0
2041,0.00152999510953
2042,0.00269340979627
2043,0.0
2044,0.0
2045,0.0101885995337
2046,0.0
2047,0.00521077502196
2048,0.0
2049,0.0
2050,0.0
2051,0.00107264548434
2052,0.00507012863643
2053,0.00247123682988
2054,0.0
2055,0.00272904735365
2056,0.0
2057,0.0
2058,0.0
2059,0.0256333558418
2060,0.0
2061,0.025241260101
2062,0.0
2063,0.0101429556016
2064,0.0101488426021
2065,0.0
2066,0.0
2067,0.0
2068,0.0
2069,0.0
2070,0.0
2071,0.0
2072,0.0288116534004
2073,0.00271028189568
2074,0.0016914477163
2075,0.00190582973218
2076,0.000390214938278
2077,0.00581176460263
2078,0.00366583314919
2079,0.0
2080,0.0142072410908
2081,0.0
2082,0.00106698092584
2083,0.0
2084,0.0
2085,9.08023656265e-14
2086,0.0
2087,0.0
2088,0.00750176349266
2089,0.000634212029682
2090,0.0
2091,0.0
2092,0.0154785713244
2093,0.0
2094,0.0
2095,0.00624701712588
2096,0.000779925431467
2097,0.0
2098,0.0
2099,0.000849562489036
2100,0.0
2101,0.0144682822153
2102,0.0
2103,0.0138106375205
2104,0.00231023104154
2105,0.0162513705899
2106,0.0
2107,0.0071374190907
2108,0.0
2109,0.0
2110,0.0
2111,0.0
2112,0.0
2113,0.0
2114,0.0
2115,3.06421554797e-14
2116,0.0
2117,0.0
2118,3.06421554797e-14
2119,0.0
2120,0.00829524772862
2121,0.0
2122,0.0342069452553
2123,0.0
2124,5.99520433298e-15
2125,0.0
2126,0.0
2127,0.0458227663354
2128,0.00239168658473
2129,9.68114477473e-14
2130,0.0
2131,0.00166288390637
2132,0.0
2133,0.0
2134,0.0138467307732
2135,0.0
2136,0.0370044458558
2137,0.0
2138,2.01505478969e-14
2139,0.00409978421857
2140,0.0
2141,0.00406192622136
2142,0.00758628366365
2143,0.015606685081
2144,0.0
2145,0.0
2146,0.0
2147,0.0
2148,0.0
2149,0.0
2150,0.028355994144
2151,0.0
2152,0.0170204692224
2153,0.0
2154,0.0
2155,0.0
2156,0.0
2157,0.0110961757679
2158,0.0
2159,0.00467207616789
2160,0.0
2161,0.0
2162,0.0
2163,0.00283717954051
2164,0.0
2165,0.0
2166,0.0
2167,0.0
2168,0.0
2169,0.0
2170,0.0
2171,0.00485385459028
2172,0.01587210136
2173,0.0
2174,0.00736916989035
2175,0.0
2176,0.010538977167
2177,0.0250248532987
2178,0.0
2179,0.00294607967966
2180,0.0
2181,0.0
2182,0.0104880373754
2183,0.0
2184,0.0
2185,0.0
2186,0.00967173591722
2187,0.0
2188,0.0159965747923
2189,0.0
2190,0.0114692979117
2191,0.00288754669571
2192,0.0165776528084
2193,0.0
2194,0.00987154012646
2195,0.00340425510965
2196,3.41948691585e-14
2197,0.0
2198,0.0
2199,0.0
2200,0.00959029701267
2201,0.0
2202,0.00647355482769
2203,0.0
2204,0.0
2205,0.0
2206,0.00611783723089
2207,0.00523362641569
2208,0.00581420522028
2209,3.50830475782e-13
2210,0.0
2211,0.0
2212,0.00165026082312
2213,0.000172825645523
2214,0.0
2215,0.00158438020332
2216,0.0
2217,0.0
2218,0.0
2219,0.0
2220,2.82440737465e-13
2221,5.99520433298e-14
2222,0.0
2223,0.0163368582917
2224,0.0
2225,0.0
2226,0.0
2227,0.00164300500342
2228,0.00112894046763
2229,0.0
2230,0.0
2231,0.0
2232,0.0
2233,0.0
2234,0.0
2235,0.0
2236,0.0
2237,0.0182050259197
2238,0.0399472530411
2239,0.0
2240,0.0
2241,0.0043140149687
2242,0.0
2243,0.00444218116481
2244,0.0164394561588
2245,0.0
2246,6.12843109593e-14
2247,0.0
2248,0.0
2249,0.0
2250,0.00744822135368
2251,0.00782269249858
2252,0.0
2253,0.0
2254,0.0
2255,0.0
2256,0.0
2257,0.0
2258,0.0
2259,0.0242518050269
2260,0.0
2261,0.0
2262,0.00252354194447
2263,6.46011022454e-14
2264,0.0122128309997
2265,0.0
2266,0.00705640588787
2267,0.0139584081635
2268,0.00315923826888
2269,0.0161979477921
2270,0.00441426020719
2271,0.0
2272,0.0
2273,0.0109191203846
2274,0.0
2275,0.00963488130759
2276,0.00985463270517
2277,0.00176288460702
2278,0.000835828230682
2279,0.000103733842653
2280,0.0
2281,0.0157340116079
2282,0.00335702878749
2283,0.0
2284,0.0
2285,0.00376083768752
2286,0.0042375715163
2287,0.00766534444768
2288,0.0
2289,0.0
2290,0.00264800214009
2291,0.0
2292,0.0
2293,0.0
2294,0.0
2295,0.0
2296,0.0
2297,1.18349774425e-13
2298,0.0
2299,0.0
2300,0.0119615476603
2301,0.0
2302,0.0125204161691
2303,0.00479049162809
2304,0.006731784713
2305,0.0149773662648
2306,0.00462105381943
2307,0.0060450784761
2308,0.0
2309,0.00845412667037
2310,0.00454756023982
2311,0.0
2312,0.0
2313,0.0
2314,0.00460012654022
2315,0.0027970663538
2316,0.00265274294811
2317,0.0176503589628
2318,0.0
2319,0.0
2320,0.0
2321,0.0
2322,0.0200165920804
2323,0.0
2324,0.0298353536066
2325,0.00109838339548
2326,0.0
2327,0.0130304720167
2328,0.00455137334916
2329,0.0
2330,0.0
2331,0.0
2332,0.00735358000084
2333,0.0
2334,0.0
2335,1.45217171621e-13
2336,0.0
2337,2.44637643476e-13
2338,0.0
2339,0.0
2340,0.00927192039784
2341,0.0
2342,0.0
2343,0.00414165573796
2344,0.0
2345,0.00300259942374
2346,0.0
2347,0.0264311064452
2348,0.0
2349,0.0
2350,0.0
2351,0.0166871145783
2352,0.0
2353,0.0136649868865
2354,2.14458863996e-05
2355,0.0159247190177
2356,0.000941188527338
2357,0.00749512130941
2358,0.0
2359,2.25597318604e-13
2360,0.0
2361,0.0
2362,0.0
2363,3.88578058619e-15
2364,0.0152453752492
2365,0.0153460911312
2366,0.0
2367,0.016512378051
2368,0.00790037191257
2369,0.0138700255317
2370,0.00998987888215
2371,0.0
2372,0.000659995770816
2373,0.0
2374,0.0
2375,0.0
2376,0.0
2377,0.0
2378,0.00851304511091
2379,0.00437206019425
2380,0.00223865222713
2381,0.0
2382,0.0
2383,0.0183662998827
2384,0.0
2385,0.0
2386,1.27328703137e-13
2387,0.0
2388,0.000354551247504
2389,0.0
2390,0.0
2391,0.0
2392,0.00649115343803
2393,0.0
2394,0.0
2395,0.0
2396,0.00048335819233
2397,0.0
2398,0.0
2399,0.0301178070872
2400,0.0103144370878
2401,0.0
2402,0.0
2403,0.00781238734916
2404,0.0
2405,0.0
2406,0.0
2407,0.0
2408,0.0
2409,0.00362821984949
2410,0.0125636216738
2411,0.0
2412,0.0
2413,0.0
2414,0.0
2415,4.89885909616e-15
2416,0.0222891898922
2417,0.0150880540262
2418,0.0210741208889
2419,0.0
2420,0.032959153945
2421,0.029559267177
2422,0.0
2423,0.0308087267556
2424,0.0
2425,0.0
2426,0.0238909904377
2427,0.040449146652
2428,0.000400831606221
2429,0.0159252982812
2430,0.0120728436711
2431,0.0
2432,0.0
2433,0.0
2434,0.0109147326506
2435,0.0
2436,0.036546453389
2437,0.0
2438,2.40252262529e-13
2439,0.00640216227389
2440,0.00897751384219
2441,0.0
2442,0.0
2443,0.0226456817809
2444,0.00176828010625
2445,0.0242779772436
2446,0.0
2447,0.0
2448,0.0
2449,0.0421639569028
2450,0.0
2451,0.00271087446798
2452,0.0
2453,2.15383266777e-13
2454,0.0
2455,0.0
2456,0.0
2457,0.00191998737107
2458,0.00183229884746
2459,0.0
2460,0.0
2461,0.0
2462,0.00758467401121
2463,0.00115123072999
2464,0.0243976961553
2465,0.0
2466,2.60166888033e-13
2467,0.0
2468,0.0379472474906
2469,0.0
2470,0.0
2471,0.0104643157525
2472,0.0
2473,0.0074705520275
2474,0.0123813678054
2475,0.0
2476,0.0
2477,2.74003042477e-13
2478,0.0162950029371
2479,0.00244079011711
2480,0.0106659751979
2481,0.00457563088828
2482,0.00095313185863
2483,0.0
2484,0.00245099241862
2485,0.0
2486,0.0
2487,0.0
2488,0.000559861847235
2489,0.0271670484163
2490,0.0
2491,0.0120882506744
2492,0.0
2493,0.0
2494,1.67421632113e-13
2495,9.23705556488e-14
2496,0.00485904680416
2497,0.0
2498,0.0125444619223
2499,0.0125917559044
2500,0.0
2501,0.0
2502,0.0
2503,0.00128883631208
2504,0.022051675873
2505,0.00241159868316
2506,0.0
2507,0.0
2508,0.00972934666088
2509,0.000414567557955
2510,0.0104695305582
2511,0.0
2512,0.0
2513,0.0
2514,0.0
2515,0.0
2516,0.00843246165688
2517,0.0087364414911
2518,0.0
2519,0.0108339890897
2520,0.0
2521,0.0
2522,0.0113768832245
2523,0.0
2524,0.0
2525,0.0
2526,0.000450598597937
2527,0.000544058174996
2528,0.0
2529,0.0
2530,0.00610141094922
2531,0.0
2532,0.0
2533,0.0
2534,0.00269022866514
2535,0.0
2536,0.0508442864062
2537,0.0
2538,0.010614653658
2539,1.74082970261e-13
2540,0.0
2541,0.00842350177864
2542,0.0
2543,2.30926389122e-14
2544,0.0108215546129
2545,0.00572862092813
2546,5.99520433298e-14
2547,0.0
2548,0.0
2549,0.0
2550,0.0
2551,0.000472777261033
2552,0.0
2553,0.0
2554,0.00106979906149
2555,0.0
2556,1.58484336765e-13
2557,0.0
2558,0.0
2559,0.00741104282819
2560,0.0
2561,0.0326665752191
2562,7.27196081129e-15
2563,0.00248114873688
2564,0.00310249794119
2565,0.0
2566,0.0117274177196
2567,0.0110253051505
2568,0.0
2569,0.0
2570,0.0
2571,0.0
2572,0.0081973634164
2573,0.00677252391069
2574,0.0
2575,0.00387158929618
2576,0.00947167482878
2577,0.0029755929981
2578,0.000948881747259
2579,0.00984858944375
2580,0.00125558536193
2581,0.0117015105661
2582,0.00513558564077
2583,6.10622663544e-15
2584,0.0
2585,0.0214619952024
2586,2.3758772727e-14
2587,0.00480515718916
2588,0.0
2589,0.00500781722149
2590,0.0124842110209
2591,0.0148047409052
2592,0.00985461035502
2593,0.0
2594,0.00161411635573
2595,0.0
2596,0.0
2597,0.0
2598,0.0
2599,0.00262039341089
2600,0.0221794896025
2601,0.0
2602,0.00303436648
2603,0.0
2604,0.00713460038655
2605,0.0
2606,0.0
2607,0.0
2608,0.0
2609,0.00711986029184
2610,0.0
2611,0.0
2612,0.00434986239297
2613,0.0
2614,0.0
2615,0.0
2616,0.020256370466
2617,0.0
2618,0.0
2619,0.0161004419382
2620,0.0
2621,0.000979289791263
2622,0.0
2623,0.0
2624,0.0
2625,0.00209465055132
2626,3.60822483003e-15
2627,0.0
2628,0.0
2629,0.00679002762255
2630,0.00448668600359
2631,0.00462899180678
2632,0.0157059399117
2633,0.0
2634,0.0
2635,0.0
2636,0.0163447667162
2637,0.0
2638,0.0170613123014
2639,0.0
2640,0.0
2641,0.010355352054
2642,0.0
2643,0.0
2644,0.0336568504284
2645,0.0
2646,0.0
2647,0.0
2648,0.0137560795422
2649,0.00231991699
2650,0.0
2651,0.0
2652,0.00984597794638
2653,0.0
2654,0.0
2655,0.0
2656,0.0
2657,0.00562189467114
2658,0.0
2659,0.0
2660,0.0
2661,0.0
2662,0.0
2663,0.0
2664,0.0180502511868
2665,0.0
2666,0.0
2667,0.0
2668,2.72004641033e-15
2669,0.0
2670,0.00643974862333
2671,0.00173374203482
2672,0.0123774984646
2673,0.0
2674,0.0011724238939
2675,0.015338271334
2676,0.0147163504892
2677,0.00185045530852
2678,0.0
2679,0.0
2680,0.0
2681,0.0
2682,0.0
2683,0.0
2684,0.00571168885371
2685,0.0190961212552
2686,0.0155529008199
2687,0.0
2688,0.0
2689,0.0
2690,0.0161333571794
2691,0.0
2692,0.020221148438
2693,4.84334794493e-15
2694,0.0
2695,0.0
2696,0.00905399454768
2697,0.0
2698,0.0
2699,0.0
2700,0.0
2701,0.0
2702,6.2172489379e-15
2703,0.0
2704,0.00843948750015
2705,0.00928995860279
2706,0.0
2707,0.0463431822403
2708,0.00199157053344
2709,0.00352730527972
2710,0.00247559121295
2711,0.0
2712,0.000454207014023
2713,1.24289467607e-13
2714,0.0
2715,0.0
2716,0.0
2717,0.013253538868
2718,0.0
2719,0.0
2720,0.0
2721,1.44328993201e-13
2722,0.0
2723,0.0030263309939
2724,0.000972278420533
2725,0.0010088509987
2726,0.0
2727,3.10862446895e-15
2728,0.0
2729,0.0
2730,0.000427830416188
2731,0.0
2732,0.0
2733,0.0
2734,0.00506034446868
2735,0.0123044583856
2736,0.0
2737,7.5314754433e-14
2738,0.00184727597393
2739,0.00744504425228
2740,1.04166675285e-13
2741,0.023833678375
2742,0.0
2743,0.0
2744,0.0
2745,0.0
2746,0.000295571239097
2747,2.88657986403e-15
2748,3.8458125573e-13
2749,0.0
2750,0.0
2751,0.0
2752,0.00814047203621
2753,0.0
2754,0.00942180226246
2755,0.0
2756,0.0
2757,0.0
2758,0.00673808134594
2759,0.0076702205269
2760,0.00672661697966
2761,0.0125105689329
2762,0.0
2763,0.0
2764,0.0066028666276
2765,4.12447853648e-14
2766,0.0168553770125
2767,0.000673621002529
2768,0.0114775945832
2769,0.00336527645692
2770,0.0
2771,0.0
2772,0.0210751579357
2773,0.00783752140181
2774,0.0
2775,0.0
2776,0.00547613246672
2777,0.0
2778,0.0203751928324
2779,0.0136955823727
2780,4.21884749358e-15
2781,0.0210783019534
2782,0.0
2783,0.0
2784,0.0
2785,0.0015787125824
2786,0.0
2787,0.0
2788,0.0
2789,0.0
2790,0.00154180710907
2791,0.00109988417456
2792,1.499078639e-13
2793,0.0
2794,0.00536305947262
2795,0.0146455002313
2796,0.0
2797,0.0
2798,0.00612651768278
2799,0.00194047807196
2800,0.0
2801,0.0101464872291
2802,0.0
2803,0.0249566139824
2804,5.93969318174e-15
2805,0.0
2806,0.0
2807,0.0532907019666
2808,0.00427950307409
2809,0.00264978762754
2810,0.00126139889961
2811,0.000105927299712
2812,0.00156495116597
2813,0.0
2814,0.00393815827428
2815,0.00962278863166
2816,0.0
2817,0.0
2818,0.010318704876
2819,0.0
2820,0.00366420980257
2821,0.0
2822,0.00101852269361
2823,0.0
2824,0.0
2825,0.000152332384021
2826,0.0107249709641
2827,2.45581333047e-13
2828,5.92678112699e-05
2829,0.00327438060032
2830,0.0
2831,0.0
2832,0.0
2833,0.00437905087474
2834,0.0
2835,0.0
2836,0.0337758551082
2837,0.0
2838,0.0
2839,2.0650148258e-13
2840,0.0
2841,0.00105569961235
2842,0.0
2843,0.0
2844,0.0
2845,0.0
2846,0.0
2847,0.00137450989788
2848,0.0142185500307
2849,0.0
2850,0.0
2851,0.0
2852,0.0
2853,0.0148321429809
2854,0.000128501481568
2855,0.0
2856,0.0
2857,0.00606869006437
2858,0.0
2859,0.0
2860,0.0
2861,0.00232954395146
2862,0.00815482134508
2863,2.28705943073e-14
2864,0.0116197584454
2865,0.00016876068277
2866,0.00153486048862
2867,0.0
2868,0.0151371111365
2869,0.0
2870,0.0
2871,0.0
2872,0.0
2873,0.0
2874,0.00628871286157
2875,0.000614945892284
2876,0.00976537544645
2877,0.0115778257636
2878,0.0
2879,0.00138347407658
2880,0.0
2881,4.3257064597e-14
2882,0.0
2883,0.0220569748213
2884,0.0
2885,0.0
2886,0.0
2887,0.00597892416911
2888,0.00562388030424
2889,0.0
2890,0.00169374563415
2891,0.000970017180683
2892,0.0
2893,0.0
2894,6.31439345256e-15
2895,0.000597602060782
2896,0.0107398310001
2897,0.0
2898,0.0
2899,0.0
2900,0.0
2901,0.0
2902,0.0
2903,0.0139658143516
2904,0.0
2905,0.00635209408933
2906,0.0
2907,0.0159414660921
2908,0.0
2909,0.0
2910,0.0
2911,0.00156878926426
2912,0.0201793922894
2913,0.0178783774501
2914,2.0872192863e-14
2915,0.010660100037
2916,0.00163885569731
2917,0.0
2918,0.0
2919,0.00309848939917
2920,0.00950673797959
2921,0.0
2922,0.0223841430839
2923,0.0
2924,2.44249065418e-14
2925,0.0
2926,0.0
2927,0.0147178095597
2928,0.0
2929,0.0147086125499
2930,0.0
2931,0.0
2932,0.0
2933,0.00617754272716
2934,0.0
2935,1.45994327738e-14
2936,0.00561163335454
2937,0.0237734423231
2938,0.00399613859685
2939,0.0155691425549
2940,0.0
2941,0.00408404010245
2942,0.0
2943,0.0
2944,0.000591370845704
2945,0.00593531772193
2946,0.0
2947,0.0
2948,1.44328993201e-14
2949,0.0
2950,0.0040618551351
2951,0.0
2952,0.0
2953,0.00177964476686
2954,0.011901055838
2955,0.0
2956,0.0
2957,0.0
2958,0.000149248218529
2959,0.0
2960,0.0191849264273
2961,1.46549439251e-14
2962,0.0140898080337
2963,0.0
2964,0.0
2965,0.0
2966,0.0
2967,0.0234730025602
2968,0.00493612568677
2969,0.0125385327352
2970,0.0
2971,0.00237538516186
2972,8.43769498715e-15
2973,2.14273043753e-14
2974,0.0
2975,0.0
2976,0.00188445700288
2977,0.00433571833738
2978,0.0189476807601
2979,0.0
2980,0.0
2981,0.0
2982,0.0
2983,0.00298089515118
2984,0.0
2985,0.0
2986,0.0
2987,0.00167939249314
2988,0.0
2989,7.68274333041e-14
2990,0.0
2991,0.0
2992,0.0
2993,0.0
2994,0.00866913935789
2995,0.0072349222951
2996,0.0108609151786
2997,0.0105429711923
2998,0.0
2999,0.0
3000,0.0
3001,0.00394027412518
3002,0.0229880231021
3003,6.66133814775e-16
3004,0.0
3005,1.49436019115e-13
3006,0.0
3007,0.0
3008,0.0114795256288
3009,0.000336126542761
3010,0.00203415136235
3011,0.0116042210068
3012,0.0
3013,0.0
3014,0.0
3015,0.0
3016,0.00237407191581
3017,0.0
3018,0.0
3019,0.0
3020,0.0
3021,0.0
3022,0.0269476163386
3023,0.0
3024,0.0
3025,0.0
3026,0.000314891504791
3027,0.0116988632313
3028,0.003999157341
3029,0.0
3030,0.0105991077271
3031,0.0225161547006
3032,0.00435404209769
3033,0.00319904957675
3034,0.00821130729529
3035,0.00127893310331
3036,0.00165274631214
3037,0.00796446388923
3038,0.0
3039,0.0194465982276
3040,0.00200440744928
3041,0.0
3042,0.0
3043,0.0
3044,0.0
3045,0.0
3046,0.000183297018165
3047,0.0187048827501
3048,7.0121456037e-05
3049,7.23234417244e-05
3050,0.0
3051,0.0
3052,0.00474009316152
3053,1.15463194561e-14
3054,0.0
3055,0.0034831513698
3056,0.0
3057,0.0
3058,0.0
3059,0.0
3060,0.00217105906228
3061,1.06720188242e-14
3062,0.0
3063,0.00646244077199
3064,0.00918343888385
3065,0.0
3066,1.40998324127e-14
3067,0.00442968974802
3068,0.00956397743101
3069,0.00144324549947
3070,0.00845493702665
3071,0.00303852811365
3072,0.0
3073,0.00374927086537
3074,0.0
3075,6.19504447741e-14
3076,0.00248052871732
3077,0.0
3078,0.0
3079,0.007327686843
3080,0.0
3081,0.0
3082,0.0
3083,0.00970743909509
3084,0.0
3085,0.0
3086,0.0
3087,0.00131522001037
3088,0.0
3089,0.00653804018968
3090,0.0
3091,0.0
3092,0.0
3093,0.00750046256957
3094,0.0137958663109
3095,0.0
3096,0.0
3097,0.0
3098,0.00655078850259
3099,0.00033808217697
3100,0.0
3101,0.0
3102,0.0
3103,0.0
3104,0.0
3105,0.0111784981141
3106,0.0
3107,0.026403673158
3108,0.0
3109,0.0
3110,0.0222470206374
3111,0.0
3112,0.00601808151594
3113,0.0
3114,0.0
3115,0.0
3116,0.00516506974508
3117,0.000543478718064
3118,0.0014545931364
3119,0.0
3120,0.0
3121,0.0
3122,0.00687373122313
3123,0.00761258496421
3124,0.0
3125,0.0157757124809
3126,0.0
3127,0.0
3128,0.0
3129,0.00129671576872
3130,0.000526111849058
3131,0.00775969427198
3132,0.0
3133,0.0155874697528
3134,0.00154494487158
3135,0.00310813720508
3136,9.65894031424e-15
3137,0.00635331296046
3138,0.0205017444064
3139,0.00371964373082
3140,0.0
3141,0.0
3142,0.00810789007211
3143,0.0
3144,0.0
3145,0.0
3146,0.00608359195619
3147,0.0
3148,0.00506983754639
3149,0.0187508049897
3150,0.0
3151,0.000721879198612
3152,0.0
3153,0.0
3154,0.00282787564678
3155,0.00279645667054
3156,0.0
3157,0.0
3158,0.000772889036316
3159,0.0190365676074
3160,0.00464941178573
3161,0.0
3162,0.0
3163,3.30846461338e-14
3164,0.0
3165,0.0
3166,0.00131711079967
3167,0.0
3168,0.0
3169,0.0
3170,0.0
3171,0.0
3172,1.49880108324e-15
3173,0.0050152528753
3174,0.0
3175,0.00136092965121
3176,0.0
3177,0.0
3178,0.00541034027828
3179,0.0
3180,0.0
3181,1.70530256582e-13
3182,0.013224938778
3183,0.00799265357712
3184,0.00538476939064
3185,0.00196136181763
3186,0.00790804590439
3187,0.0120025842435
3188,0.000265793791769
3189,0.0
3190,0.0
3191,0.0
3192,0.0122205329282
3193,2.92654789291e-13
3194,0.0
3195,0.0294664240663
3196,0.0
3197,0.0
3198,0.0
3199,0.0132664936992
3200,0.0104356378614
3201,0.0
3202,3.62071483906e-14
3203,0.0
3204,0.0
3205,0.0
3206,0.0102245028196
3207,0.00676099069425
3208,0.0
3209,0.0
3210,0.0
3211,0.0
3212,0.0
3213,0.00465927004318
3214,0.011892215484
3215,0.0
3216,0.0
3217,0.0
3218,9.18709552877e-15
3219,0.0
3220,0.0
3221,6.97220059465e-14
3222,5.19584375525e-14
3223,0.0
3224,0.0
3225,0.000707431051992
3226,0.0
3227,1.95843341544e-13
3228,0.0153851829616
3229,0.000366877685072
3230,0.0
3231,3.83582055008e-14
3232,1.84297022088e-13
3233,0.0135056188513
3234,0.0
3235,0.00404811111581
3236,0.00771831281662
3237,0.0020558207222
3238,0.00306216493739
3239,0.0
3240,0.00824372116092
3241,0.00604343967966
3242,0.0
3243,0.0
3244,0.0
3245,0.0
3246,5.46229728116e-14
3247,0.00701258408362
3248,0.0
3249,0.00747333623512
3250,0.0
3251,0.00443154909083
3252,0.0
3253,0.0029859301129
3254,0.0
3255,0.0
3256,0.0
3257,0.0086223479358
3258,0.0154624356391
3259,0.0
3260,0.00262058268279
3261,0.00220535838394
3262,0.0
3263,0.00379597945698
3264,0.00793157803405
3265,1.84297022088e-14
3266,0.00156766894475
3267,0.00234811635756
3268,0.0
3269,0.000124931304709
3270,0.0
3271,0.0
3272,0.00993496017399
3273,0.0
3274,0.00221518491386
3275,0.00497688949292
3276,0.0
3277,0.00223077257815
3278,0.00105905789722
3279,0.0260846636406
3280,0.0
3281,0.00446277175678
3282,0.00267620750968
3283,0.0
3284,0.00478452003197
3285,0.0
3286,0.0
3287,0.0136991189384
3288,0.0
3289,0.0
3290,0.0195941506191
3291,0.0
3292,3.09197112358e-14
3293,0.0
3294,0.0174614000568
3295,2.12052597703e-13
3296,0.0
3297,0.0
3298,1.67865721323e-13
3299,6.38378239159e-15
3300,0.0124530420907
3301,0.0
3302,0.0
3303,0.0
3304,0.0
3305,0.0137161132255
3306,0.022564327708
3307,0.000644936251262
3308,0.00418896247869
3309,0.0
3310,0.0
3311,0.0
3312,0.0
3313,0.0414183302495
3314,0.0
3315,0.00337641616482
3316,0.0
3317,0.00532215849198
3318,0.0
3319,0.00666567693227
3320,0.0111702082935
3321,0.00713746414439
3322,0.0
3323,0.00111829772444
3324,0.0
3325,0.00240891516124
3326,0.00828420049449
3327,0.00228118993391
3328,0.00709686135883
3329,1.83478232607e-13
3330,0.0
3331,0.0
3332,0.00567256375659
3333,0.00229846913161
3334,0.0
3335,0.0
3336,0.0
3337,0.00325017853358
3338,0.0
3339,0.0
3340,0.0054773946426
3341,0.00759775002763
3342,0.0
3343,0.000160799479433
3344,0.0
3345,0.0
3346,0.0
3347,0.0
3348,0.0
3349,0.000826485581141
3350,0.0
3351,0.0
3352,0.0
3353,0.0
3354,0.0
3355,0.0
3356,0.000329655562719
3357,0.0
3358,1.06026298852e-13
3359,0.0
3360,0.0
3361,0.0
3362,0.0165166305617
3363,0.0
3364,0.0
3365,0.0
3366,0.028710067346
3367,0.0
3368,0.0016747467847
3369,8.57092175011e-14
3370,0.0225100931296
3371,0.0
3372,0.00827709598187
3373,0.00340867423457
3374,0.0323079507122
3375,0.0
3376,0.00492760346235
3377,0.0
3378,0.0132460038449
3379,0.0
3380,0.023959732212
3381,0.0289381283662
3382,0.0118544671017
3383,0.0
3384,0.0
3385,3.27515792264e-15
3386,0.00295111312187
3387,0.0
3388,0.0
3389,0.0
3390,0.0131839961196
3391,0.00134620327507
3392,0.0
3393,0.00782127532158
3394,0.0
3395,0.0
3396,0.0
3397,0.0
3398,2.60902410787e-15
3399,2.75626743651e-13
3400,0.0
3401,0.0156742409214
3402,0.0012030526978
3403,0.0
3404,0.00463425954435
3405,0.0
3406,0.0
3407,0.0
3408,0.0
3409,0.0
3410,0.00448465514357
3411,0.00487287438608
3412,0.00446589833358
3413,0.0017144134067
3414,0.000786597495758
3415,3.30152571948e-14
3416,0.0
3417,0.00729283904893
3418,0.0
3419,0.00541670437856
3420,0.0034966902335
3421,2.36477504245e-14
3422,0.0
3423,0.00162104082726
3424,0.0
3425,0.0
3426,0.000708082196796
3427,0.00581852816909
3428,0.00531134752362
3429,0.0
3430,0.0
3431,0.0101648916695
3432,0.0
3433,0.0
3434,0.0
3435,0.0
3436,0.0
3437,0.00148092370878
3438,3.10862446895e-14
3439,0.00348678385113
3440,0.00259431815475
3441,0.00326148309011
3442,0.0
3443,0.0
3444,0.0
3445,0.0
3446,0.015648020589
3447,8.57647286523e-15
3448,0.0
3449,0.0127327242249
3450,0.0105026026856
3451,3.94129173742e-15
3452,0.0
3453,7.81597009336e-14
3454,0.0015348723053
3455,0.0
3456,0.00169636630153
3457,0.0177750815477
3458,0.0
3459,0.0
3460,1.30451205393e-15
3461,0.0
3462,0.0117470442054
3463,0.0
3464,0.0
3465,0.0116169324719
3466,0.023640590225
3467,0.0
3468,0.00108673965289
3469,0.0160683388211
3470,0.0
3471,1.08801856413e-14
3472,0.0
3473,0.0
3474,0.0
3475,0.00627991790329
3476,0.0
3477,0.0
3478,0.0
3479,0.0
3480,0.000331741224973
3481,0.000251043014516
3482,0.0
3483,0.0
3484,0.0133184937845
3485,0.0
3486,0.0
3487,3.8635761257e-14
3488,0.0
3489,0.0
3490,9.74775815621e-14
3491,0.0
3492,0.00258342017751
3493,0.00425927497082
3494,0.0
3495,0.0
3496,0.0
3497,0.0
3498,0.0
3499,0.0
3500,0.00966521535602
3501,0.0203339712779
3502,0.00326183046383
3503,0.0
3504,0.00300809014418
3505,0.012031139277
3506,0.00816175738757
3507,0.0289122375724
3508,0.00463376860665
3509,0.000178404617252
3510,0.0
3511,0.00183089472053
3512,0.000783241956112
3513,0.0029036587909
3514,1.25899290992e-13
3515,0.00380834198853
3516,0.0
3517,0.0
3518,0.0
3519,0.0
3520,0.0
3521,0.00329788959524
3522,0.0
3523,0.0
3524,0.0
3525,6.64607258116e-14
3526,0.0
3527,0.0
3528,6.48370246381e-14
3529,0.0
3530,0.0
3531,0.00295908618818
3532,0.0
3533,0.0260646864829
3534,0.00258023242813
3535,0.00166383481979
3536,0.0
3537,0.000645646015497
3538,0.00584776366592
3539,0.0
3540,0.0
3541,0.00126681687927
3542,0.000979908765095
3543,0.0
3544,0.0
3545,0.000633471709343
3546,0.0
3547,0.0
3548,0.00992602812363
3549,6.88615831024e-14
3550,0.00263993854869
3551,0.0
3552,0.00441561790883
3553,0.00448533723935
3554,0.0
3555,0.0
3556,0.0219003524627
3557,0.000958247651011
3558,0.000486619330531
3559,0.0
3560,0.0
3561,0.0
3562,0.000437230565721
3563,0.0
3564,0.0
3565,0.00678152564931
3566,0.000534337883914
3567,0.00651204399666
3568,1.98493999015e-13
3569,0.00237917602414
3570,0.00109206386241
3571,0.0
3572,0.0
3573,0.0
3574,0.00153580409334
3575,0.00365339773388
3576,0.0
3577,0.00910438610057
3578,0.00829954106777
3579,0.002903723745
3580,0.000958991308864
3581,0.000772941766898
3582,0.0
3583,0.00573107870611
3584,0.0
3585,0.0
3586,0.000968496534564
3587,0.0
3588,0.0
3589,0.0
3590,0.00740472524546
3591,7.53647775449e-05
3592,0.00249646272581
3593,0.0
3594,0.00898314518323
3595,0.0
3596,0.00369347415653
3597,0.0
3598,0.0
3599,0.0
3600,0.0
3601,0.000960886889471
3602,0.0
3603,0.00782919352625
3604,0.00199905164162
3605,0.00800329385827
3606,0.0
3607,0.000290203360372
3608,0.0
3609,0.0
3610,0.0
3611,0.0
3612,0.00349363612872
3613,0.00037512645273
3614,0.00123421649636
3615,0.0
3616,2.81996648255e-13
3617,0.0
3618,0.0
3619,0.00865510995264
3620,0.0
3621,0.0121333207399
3622,0.0
3623,0.0
3624,0.00757308412074
3625,0.0
3626,0.0
3627,0.00113877485868
3628,0.0
3629,0.000924392098433
3630,0.0171001958324
3631,0.0
3632,0.00437018057318
3633,0.0
3634,0.0100680646294
3635,0.00446476820344
3636,0.00411152126966
3637,0.0
3638,2.35367281221e-13
3639,0.000451539017385
3640,0.00204488560739
3641,0.00324856370566
3642,0.00495748189424
3643,0.00153571305876
3644,0.0
3645,8.90953977262e-15
3646,0.00290998953338
3647,0.0
3648,1.63868918435e-13
3649,0.0
3650,0.0045538499156
3651,0.0
3652,0.0
3653,0.0
3654,0.0
3655,0.014010268355
3656,0.0
3657,0.0
3658,0.00213387111456
3659,0.0
3660,0.00351810781201
3661,0.002549874872
3662,0.0
3663,3.46250805805e-14
3664,0.0
3665,0.0
3666,0.00206814488465
3667,2.08999484386e-14
3668,0.0
3669,0.0
3670,0.0
3671,0.00335316386394
3672,0.0
3673,0.00609561546823
3674,0.019623964531
3675,0.0
3676,0.0
3677,0.0
3678,0.00656432436338
3679,0.00586103370588
3680,0.0
3681,0.0
3682,0.0
3683,0.0
3684,0.0171724173149
3685,0.0
3686,0.0185198992066
3687,0.015898086698
3688,0.0
3689,0.0
3690,0.0
3691,0.0
3692,0.0
3693,0.0
3694,0.000944706849908
3695,0.0145092295258
3696,0.0
3697,0.0138532775489
3698,0.00190575599047
3699,0.00235679107407
3700,0.0
3701,0.0
3702,4.55191440096e-15
3703,0.00176997118187
3704,0.0
3705,0.0
3706,0.0
3707,0.0
3708,0.0
3709,0.000516019702936
3710,0.000956438873128
3711,0.000907343650352
3712,0.0
3713,0.0
3714,0.0
3715,0.0
3716,0.000247776066997
3717,0.0
3718,0.0114253921794
3719,0.014862300964
3720,0.00101622128236
3721,0.0
3722,0.0
3723,0.0
3724,0.0
3725,0.00248410424466
3726,0.00281740638566
3727,0.0
3728,0.0
3729,0.00610598947218
3730,0.0018005409295
3731,0.0
3732,0.0123625368372
3733,0.0
3734,0.0
3735,0.00284330537338
3736,0.0
3737,0.0
3738,0.00895820810199
3739,0.0
3740,0.0
3741,0.0
3742,0.0
3743,0.00982542702268
3744,0.00267596132808
3745,0.0
3746,0.000584806848111
3747,2.96429547575e-13
3748,0.0
3749,0.0
3750,0.0
3751,0.0
3752,0.0
3753,0.0
3754,0.0
3755,0.00110848947415
3756,0.0
3757,0.0
3758,1.07469588784e-13
3759,0.0
3760,0.00321017802357
3761,0.0
3762,0.0
3763,0.0
3764,3.99680288865e-15
3765,0.0
3766,1.29229960066e-13
3767,0.0
3768,0.00290823177157
3769,0.0120500547096
3770,0.0127046368283
3771,0.0
3772,0.0112839758276
3773,0.0
3774,0.0
3775,0.0106089039683
3776,0.0
3777,0.00159945135733
3778,0.0
3779,0.0
3780,0.00513626104405
3781,0.0
3782,0.0
3783,0.0
3784,0.00636057602825
3785,0.00302273149013
3786,0.0
3787,0.0
3788,0.0010325138795
3789,0.00573100033502
3790,0.0
3791,0.0
3792,0.0
3793,0.0
3794,0.000287271820359
3795,0.0
3796,0.0
3797,0.0
3798,0.0
3799,0.0
3800,0.013499695047
3801,0.0
3802,0.0
3803,0.0
3804,0.0
3805,0.00561797270448
3806,2.64510635617e-14
3807,0.00150140518899
3808,2.89768209427e-14
3809,0.000364006859315
3810,0.0066781598139
3811,0.0182704165758
3812,0.0
3813,0.000172427528496
3814,0.000191746128048
3815,0.000668184697105
3816,0.0
3817,0.0
3818,0.0240184282985
3819,0.00630746076607
3820,0.0
3821,0.00752612700271
3822,0.0
3823,0.00397061720733
3824,0.013400228472
3825,8.63198401646e-15
3826,0.00495715049818
3827,0.0261815562356
3828,0.0
3829,0.0
3830,0.016304721665
3831,0.0
3832,0.0
3833,0.0
3834,0.0014283476841
3835,0.00843453031174
3836,0.0
3837,0.0
3838,0.00787931562396
3839,0.00156115406226
3840,0.0
3841,0.00548283329843
3842,0.0
3843,0.000337874781651
3844,0.0
3845,0.0
3846,0.00337719745593
3847,0.00223010263973
3848,0.0
3849,0.0
3850,0.00935163528848
3851,0.0
3852,0.0
3853,0.0
3854,6.23945339839e-14
3855,0.00623496319435
3856,0.0
3857,0.0
3858,0.000947980394476
3859,0.0
3860,0.00882321320791
3861,0.0
3862,0.0
3863,0.00602285357995
3864,0.0
3865,1.65201186064e-13
3866,0.0
3867,0.0
3868,0.0
3869,0.0
3870,7.53563877964e-14
3871,0.00907915200913
3872,0.00391713394082
3873,0.0
3874,0.0158029746863
3875,0.00038022803192
3876,0.0
3877,0.0035665561799
3878,0.0
3879,0.0
3880,0.0
3881,0.0
3882,0.0
3883,0.00202692230878
3884,0.0117026805213
3885,0.0
3886,0.00178873129316
3887,0.0
3888,0.0104858013762
3889,0.0
3890,0.0
3891,0.0
3892,0.0
3893,0.00362558931353
3894,0.0
3895,0.00510472372399
3896,0.00349215038409
3897,0.00429787110869
3898,0.00633889119354
3899,0.0
3900,0.000787407361392
3901,0.00965241810069
3902,0.0
3903,0.00297676176394
3904,0.0
3905,0.0
3906,0.0
3907,0.0
3908,0.00581386181105
3909,0.0
3910,0.00089445976925
3911,0.0
3912,0.011776323312
3913,0.0
3914,0.0
3915,0.0151599983751
3916,0.0
3917,0.0
3918,0.00828110120874
3919,0.0
3920,0.0
3921,0.0
3922,0.0
3923,0.0
3924,0.00386470877896
3925,4.87110352054e-15
3926,0.0
3927,0.0
3928,0.0029090797705
3929,1.69642078163e-13
3930,1.99618099828e-13
3931,0.000337012688451
3932,0.000182722062745
3933,5.27355936697e-15
3934,0.0
3935,0.0
3936,0.0068036551681
3937,0.000632602319353
3938,0.0
3939,0.0
3940,0.0
3941,0.00629020651061
3942,0.00156649226811
3943,0.0
3944,0.0104739126522
3945,0.00276198226639
3946,1.16795462191e-13
3947,0.0
3948,0.0
3949,0.0
3950,0.0180398528931
3951,0.0
3952,0.0
3953,0.0
3954,0.0120036793442
3955,0.0
3956,0.00801593113282
3957,0.0023059750352
3958,0.0
3959,0.0
3960,0.00220235367335
3961,0.00338068622179
3962,0.000342920558021
3963,0.0
3964,0.0
3965,0.0
3966,0.000140674137759
3967,0.0
3968,0.00684038199434
3969,0.0
3970,0.00300494133799
3971,0.0
3972,0.0
3973,0.0
3974,0.00153229444982
3975,0.00338305759118
3976,0.0
3977,0.0
3978,0.0
3979,0.0
3980,0.0
3981,0.0
3982,0.00598326590603
3983,0.00878104354813
3984,0.00816087701619
3985,0.0113060260142
3986,0.0
3987,0.0
3988,0.00255377461685
3989,2.75590875622e-05
3990,0.00156219912354
3991,0.0
3992,0.0
3993,0.00338256431969
3994,0.0
3995,0.00676331425196
3996,0.0
3997,4.27435864481e-15
3998,0.0
3999,0.0
4000,0.00314897897371
4001,0.00552504011195
4002,0.00786344434765
4003,0.0153305715844
4004,1.55903068233e-13
4005,0.0
4006,0.0
4007,0.00805982503323
4008,0.00216005874523
4009,0.0
4010,0.0
4011,0.0
4012,0.0
4013,0.0
4014,0.0
4015,0.0101111403256
4016,0.00143062402835
4017,0.0
4018,0.0
4019,0.0
4020,0.00507695956226
4021,0.0
4022,0.0
4023,0.0102721728928
4024,0.0
4025,1.04805053525e-13
4026,0.0
4027,0.0
4028,0.00763196459324
4029,0.0
4030,0.0
4031,0.0
4032,0.00443949738938
4033,0.0
4034,0.0
4035,0.00507405639532
4036,0.0
4037,0.0047758683509
4038,6.42264019746e-14
4039,0.0
4040,0.0038056043248
4041,0.0
4042,0.0
4043,0.0
4044,0.0
4045,0.0
4046,0.0
4047,0.0
4048,0.0
4049,0.00073047713944
4050,0.00340366497202
4051,0.00308565054655
4052,0.0
4053,0.0
4054,0.0
4055,0.000621286791989
4056,0.0
4057,0.0
4058,0.0
4059,0.0
4060,0.00359948092105
4061,0.0
4062,0.0
4063,0.0
4064,0.0
4065,0.0
4066,0.0
4067,0.0
4068,0.00347775441463
4069,0.0159458036662
4070,0.0
4071,0.0
4072,2.79776202206e-13
4073,0.00730472246722
4074,0.0
4075,2.89102075612e-13
4076,0.0
4077,0.0126062366247
4078,0.0
4079,0.00111370228689
4080,0.0
4081,0.0
4082,0.0
4083,0.000944921912978
4084,0.0
4085,0.000788544935466
4086,0.0186711432061
4087,0.0
4088,0.000184112069768
4089,0.0
4090,0.0
4091,0.0
4092,0.0
4093,0.00508363884069
4094,0.00825991434931
4095,0.00886590386903
4096,0.000871930952715
4097,0.0
4098,0.0055277083737
4099,0.00184881535698
4100,0.0
4101,0.00186498935255
4102,0.0
4103,0.0
4104,0.0
4105,0.0
4106,6.54856312832e-05
4107,0.0
4108,0.00676829137273
4109,0.0
4110,0.0
4111,3.77475828373e-15
4112,6.88338275268e-15
4113,0.0
4114,0.0
4115,0.0
4116,0.0
4117,0.00684302481502
4118,0.000563130687627
4119,0.00983807914263
4120,0.0
4121,0.0
4122,0.0
4123,0.0
4124,0.00121057060098
4125,0.0177909892344
4126,0.0
4127,0.00588199408555
4128,0.0
4129,0.0
4130,0.00327038888746
4131,0.0
4132,0.0
4133,0.0
4134,0.0
4135,0.0
4136,0.0
4137,0.0
4138,0.0171029655868
4139,0.0
4140,0.00940289518026
4141,0.00290110325854
4142,0.0
4143,0.000254907582739
4144,0.0160526899058
4145,0.0
4146,0.0
4147,0.0165883025472
4148,0.0
4149,0.0
4150,0.000190988351342
4151,0.00342808672449
4152,0.0
4153,0.0
4154,0.00532636114698
4155,0.0
4156,0.000707133504156
4157,0.0
4158,0.0
4159,0.0
4160,0.0
4161,0.0
4162,0.0
4163,0.00105953022138
4164,0.0
4165,0.0
4166,0.00421973337088
4167,0.00844610621845
4168,0.0094958055711
4169,0.0102242271474
4170,0.00299614741514
4171,0.00115476506801
4172,0.0
4173,0.0
4174,0.0143975771934
4175,9.81437153769e-14
4176,0.0
4177,0.0
4178,0.0
4179,0.000783587522898
4180,0.0
4181,0.0
4182,0.0030244382578
4183,0.0
4184,0.0
4185,0.0
4186,0.012104358762
4187,0.0
4188,0.0
4189,0.00258405385291
4190,0.000338566327654
4191,0.000142193234414
4192,0.00317318312839
4193,0.0
4194,0.00639004491374
4195,0.0
4196,0.0
4197,0.0
4198,0.0
4199,1.28785870857e-14
4200,0.0
4201,3.70536934469e-15
4202,0.0
4203,0.0
4204,9.4521612759e-14
4205,0.00216830331979
4206,0.00830514470539
4207,0.00796605732973
4208,0.0
4209,0.0
4210,0.0088237525229
4211,0.0
4212,0.00848080478301
4213,0.0
4214,0.0
4215,0.00614470634997
4216,0.0045976292158
4217,0.00411886762924
4218,1.82631687551e-14
4219,0.00632905674324
4220,0.00168286734789
4221,0.0
4222,0.000620505142354
4223,0.0
4224,0.0
4225,0.0
4226,0.00411658153162
4227,4.21884749358e-14
4228,0.0
4229,0.00823770853347
4230,0.00752162980676
4231,0.00307744685403
4232,3.69482222595e-13
4233,0.000348392373364
4234,0.0
4235,0.00111350147656
4236,0.0012850395753
4237,0.000102865398377
4238,0.0107186069686
4239,0.0
4240,0.0031739384782
4241,0.000981803919979
4242,0.00597669470253
4243,5.01820807131e-14
4244,0.0
4245,0.00141114628621
4246,0.00336501266639
4247,0.00362320124881
4248,0.0
4249,0.00161371265318
4250,0.00844103311117
4251,0.00628015776361
4252,0.0
4253,0.0
4254,0.0
4255,2.99982261254e-13
4256,0.00534772121707
4257,0.00760708372384
4258,0.00520821282331
4259,0.0
4260,0.0
4261,2.88935542159e-14
4262,0.0
4263,7.13318293322e-15
4264,0.00683712738652
4265,0.00127028913641
4266,0.0
4267,0.000834976701834
4268,0.0
4269,0.0
4270,0.0109760638515
4271,0.00543449608919
4272,0.0
4273,5.71764857682e-15
4274,0.0
4275,0.00714949234049
4276,0.00889551701332
4277,0.00198552144591
4278,0.000284479781419
4279,0.00319896590798
4280,0.0
4281,0.0044386061493
4282,0.0
4283,0.00834364021754
4284,0.0
4285,0.0
4286,0.0196226521752
4287,0.00342914957975
4288,0.00672485400186
4289,6.43929354283e-15
4290,0.00487312101979
4291,0.0065059361212
4292,1.42136302728e-13
4293,0.00257179437704
4294,0.0
4295,0.0
4296,0.0
4297,0.0129591180175
4298,0.0
4299,0.00304544775481
4300,0.0
4301,0.0
4302,0.0152766708375
4303,0.00680661666635
4304,5.64964741656e-14
4305,3.10862446895e-15
4306,0.0
4307,0.0
4308,0.0
4309,0.00761319642971
4310,0.00467492822384
4311,0.00219972676437
4312,0.00373696959018
4313,0.0
4314,0.0
4315,0.0
4316,2.10942374679e-14
4317,0.0
4318,0.0
4319,0.00682167174997
4320,0.00355893219178
4321,0.0
4322,0.0
4323,2.26041407814e-13
4324,0.0
4325,0.0
4326,0.0
4327,0.0154235283718
4328,0.00172551696536
4329,0.0
4330,0.0
4331,0.0
4332,0.00138248171622
4333,0.00322474451794
4334,0.0
4335,0.00248650023551
4336,0.0
4337,0.0
4338,0.0156902423474
4339,0.00405868220437
4340,0.00650514304891
4341,0.0
4342,0.0
4343,0.0131004082088
4344,0.00308233426539
4345,0.0112840294828
4346,0.0
4347,0.0
4348,4.37705427458e-13
4349,0.0230481290789
4350,0.010129028434
4351,0.00211356730798
4352,0.00147460411124
4353,0.00415987225093
4354,0.0018621300183
4355,0.0084161729618
4356,0.0
4357,0.000915083100589
4358,0.00485673522648
4359,0.000684474492969
4360,0.0
4361,0.0
4362,0.0
4363,0.00283009911999
4364,0.0
4365,0.0
4366,0.0
4367,0.0
4368,5.71098723867e-13
4369,0.0
4370,0.0
4371,0.0
4372,0.0
4373,0.00939394853701
4374,0.00787086857724
4375,0.00596517191949
4376,0.0
4377,0.0124609025153
4378,0.000468578532435
4379,0.00228599586522
4380,0.0
4381,3.77475828373e-15
4382,0.0
4383,0.0
4384,0.00555425084189
4385,0.0
4386,0.00320759744518
4387,0.0
4388,0.00103982202776
4389,0.0
4390,0.0
4391,0.000188697989966
4392,0.0141087196804
4393,0.0
4394,0.0
4395,0.00590101277288
4396,0.0
4397,0.00551288340528
4398,0.0
4399,0.0
4400,0.0
4401,0.0
4402,0.0
4403,6.37407073436e-05
4404,0.0
4405,0.0
4406,0.0
4407,0.00376544755025
4408,0.00133857118893
4409,0.00318814041798
4410,0.0112200581089
4411,9.85878045867e-14
4412,0.0
4413,0.00406713459462
4414,0.00664859393123
4415,0.0
4416,0.00569705282883
4417,0.0
4418,0.0
4419,0.0
4420,0.00732225985441
4421,0.0
4422,0.0109161571149
4423,0.0
4424,0.00705656961944
4425,0.0
4426,0.0
4427,0.0152265846963
4428,0.0
4429,0.00151969912001
4430,0.00473461766038
4431,0.0166862542526
4432,0.00478948279533
4433,0.0
4434,2.16049400592e-13
4435,0.00289021606398
4436,0.0
4437,0.0
4438,0.00340220799279
4439,3.26003113393e-13
4440,0.0
4441,0.0
4442,0.00679895661158
4443,1.46521683675e-13
4444,0.0
4445,0.0
4446,0.00844414058916
4447,0.0
4448,0.00588315542477
4449,0.0
4450,0.00109823308046
4451,6.12843109593e-14
4452,0.0
4453,0.0
4454,0.0
4455,0.0
4456,0.0
4457,7.28306304154e-14
4458,0.0
4459,0.00229040135638
4460,0.0
4461,1.71945790939e-14
4462,0.0
4463,0.0
4464,0.0
4465,0.00505987840735
4466,0.00196681542884
4467,0.0029616271589
4468,0.0
4469,0.0
4470,0.0198425593416
4471,0.0
4472,0.000716796066323
4473,0.00464659391576
4474,0.0
4475,0.00059380343451
4476,0.000280553720116
4477,0.00374875599957
4478,0.0
4479,0.0
4480,6.08402217495e-14
4481,0.0
4482,0.0
4483,0.0
4484,0.00107433735736
4485,0.0
4486,0.00202823130596
4487,0.00256758700951
4488,0.0
4489,0.00080787334625
4490,0.0
4491,0.0
4492,0.0
4493,0.0
4494,0.0014493060341
4495,0.00122799738379
4496,0.00556316637142
4497,0.0
4498,0.00333635799197
4499,0.0
4500,0.0
4501,0.00701920765148
4502,0.00275765722944
4503,2.21059281991e-13
4504,0.0
4505,1.98827065923e-13
4506,0.0
4507,0.000613710622161
4508,0.0
4509,3.07504022246e-13
4510,0.00512131790839
4511,0.0120460118743
4512,0.0
4513,0.0
4514,0.00419764524152
4515,0.0
4516,0.0
4517,0.0
4518,0.0150277730426
4519,0.00284231173075
4520,0.0
4521,0.0
4522,0.0
4523,0.00624335442526
4524,0.0013838882511
4525,0.0
4526,0.0
4527,0.0
4528,0.0
4529,0.0
4530,0.00159308235186
4531,0.0
4532,0.00869152610651
4533,0.0
4534,0.000724764852716
4535,0.00431575168719
4536,0.00405880103098
4537,0.00969019339537
4538,0.0
4539,0.0
4540,0.000369829755444
4541,0.0
4542,0.000501355295991
4543,0.00319006680803
4544,0.0
4545,0.00458342296324
4546,0.00602590532985
4547,0.0
4548,0.0033155073273
4549,0.00138239718275
4550,0.00203304371363
4551,0.0
4552,0.0
4553,0.0
4554,0.00183458470135
4555,0.00502870006401
4556,0.0
4557,0.00318928198821
4558,0.00844340736438
4559,0.0
4560,0.0
4561,0.0
4562,0.0
4563,8.85402862139e-14
4564,0.00321692524607
4565,0.0
4566,0.0104050961715
4567,0.01078484952
4568,0.0
4569,0.0
4570,0.0
4571,0.000556540032846
4572,0.0
4573,0.0
4574,7.1054273576e-15
4575,0.0
4576,0.016548950378
4577,0.0143082210006
4578,0.00130419889758
4579,5.10702591328e-14
4580,0.00114228108818
4581,0.0
4582,0.0
4583,0.0
4584,0.00247581296851
4585,0.00235987269937
4586,0.0
4587,0.0058716914019
4588,9.14129882901e-14
4589,0.000368683468603
4590,0.0
4591,2.42105946859e-05
4592,0.0
4593,0.0
4594,0.0
4595,0.0
4596,0.00205798565763
4597,0.0
4598,0.0
4599,0.000863644804395
4600,0.0
4601,5.62883073485e-14
4602,0.0
4603,0.0
4604,0.0
4605,0.0
4606,0.029628464615
4607,0.00769833793011
4608,0.0
4609,0.0
4610,0.000224507896979
4611,0.00109476297659
4612,0.00185595234285
4613,0.0
4614,0.0
4615,0.00744989737917
4616,0.0
4617,0.00052431294174
4618,9.13297215632e-14
4619,0.0
4620,0.00482346922563
4621,0.0
4622,0.0
4623,0.00102837537867
4624,0.00046590294944
4625,0.00119923564998
4626,0.00135587033996
4627,0.0
4628,0.0
4629,0.0210314531797
4630,5.87030424271e-14
4631,0.00378385446388
4632,0.0
4633,0.0
4634,0.0
4635,0.00539176729714
4636,0.00309403281791
4637,0.0
4638,1.37667655054e-13
4639,0.00439757090003
4640,0.0
4641,0.0
4642,0.00820959692073
4643,2.62456723021e-13
4644,0.00955312523098
4645,0.00881461966069
4646,0.0113870929143
4647,0.0
4648,0.0
4649,2.0872192863e-14
4650,0.0
4651,0.0
4652,0.0
4653,5.95079541199e-14
4654,0.000783700451132
4655,0.00492904727531
4656,1.15907283771e-13
4657,0.0
4658,0.0
4659,0.00743786713445
4660,0.0046462872113
4661,0.000146555176515
4662,0.0
4663,0.000828014533079
4664,0.0
4665,0.0
4666,0.0
4667,0.00216831743963
4668,0.000328265171292
4669,0.0291073182936
4670,0.0
4671,0.0
4672,0.0
4673,0.000394524896375
4674,0.0
4675,0.0
4676,0.0
4677,0.000637516536117
4678,0.000985120212335
4679,0.0
4680,0.0108606185992
4681,0.0141031456721
4682,0.0
4683,0.0
4684,4.82947015712e-15
4685,0.00541298681782
4686,0.0
4687,0.0
4688,0.0
4689,0.00611090085033
4690,0.00426300383206
4691,0.0
4692,9.42444528753e-05
4693,0.0
4694,2.04281036531e-14
4695,0.00164481151777
4696,0.0
4697,0.00302945278215
4698,0.000893911317189
4699,1.82340254007e-13
4700,0.000159572624227
4701,0.00562848914171
4702,0.00523260119716
4703,0.0
4704,0.0
4705,0.00155202876045
4706,4.92272889119e-13
4707,0.0
4708,0.0
4709,0.0
4710,0.000989117396553
4711,0.0
4712,0.0016094983997
4713,0.00120172018735
4714,0.000413856291856
4715,0.00124356422089
4716,0.0
4717,0.000531883049547
4718,0.0058255084536
4719,0.0
4720,0.0
4721,0.00238523905264
4722,0.0
4723,3.23074900166e-14
4724,0.0
4725,0.0
4726,0.00525215040259
4727,0.0
4728,0.00215429914056
4729,0.00701236291706
4730,0.005875324382
4731,0.00443717878144
4732,0.0
4733,0.0
4734,0.0
4735,2.41473507856e-15
4736,0.000358225141497
4737,0.0
4738,0.00872568821561
4739,1.07414077632e-13
4740,2.10942374679e-13
4741,0.0
4742,0.000153507437867
4743,0.0
4744,0.0
4745,0.0
4746,0.0
4747,0.0
4748,0.0
4749,0.0
4750,0.0
4751,0.0
4752,0.0
4753,0.00546905988076
4754,0.0
4755,6.88338275268e-14
4756,0.0
4757,0.00487437297777
4758,0.0
4759,0.010240644445
4760,0.000592442635767
4761,0.0
4762,0.0
4763,0.0
4764,0.000415238551971
4765,0.00129685485363
4766,0.0
4767,0.0
4768,0.0
4769,0.0
4770,0.00333089204859
4771,0.0106882735322
4772,3.5527136788e-15
4773,0.00345641989212
4774,0.0
4775,0.0
4776,0.0
4777,0.0
4778,0.0
4779,0.00777016869444
4780,0.0
4781,0.0
4782,0.0
4783,0.0
4784,0.0
4785,0.00436125942516
4786,0.0
4787,0.0
4788,0.0
4789,0.0
4790,0.0
4791,0.0
4792,0.000414760506993
4793,0.00181272053289
4794,0.0
4795,0.00263466283245
4796,0.0
4797,0.00701505305854
4798,3.91908727693e-14
4799,0.00246699373309
4800,0.0061482306268
4801,0.0129563807227
4802,0.0
4803,0.0
4804,0.0
4805,0.0
4806,0.0
4807,0.0
4808,0.0144294440158
4809,0.0
4810,0.0
4811,0.0
4812,0.0
4813,0.0
4814,0.00234625237474
4815,0.0
4816,0.0007808603325
4817,0.00923212529378
4818,0.00432670757152
4819,0.0
4820,0.0100343993264
4821,0.0
4822,0.00597146862903
4823,0.00744591347072
4824,0.0
4825,0.00202585143233
4826,0.0
4827,0.0
4828,0.0
4829,0.0
4830,0.0
4831,0.000794762088779
4832,0.00377873472913
4833,0.000493896674365
4834,0.0
4835,0.0
4836,0.000403069542301
4837,0.0
4838,0.00878685320034
4839,0.00187551139395
4840,0.0
4841,0.0
4842,8.86048353949e-05
4843,0.00334457071662
4844,0.0
4845,0.000351408276666
4846,6.46568715118e-05
4847,0.0131943695743
4848,0.0168190082323
4849,0.0
4850,0.0
4851,1.15463194561e-13
4852,0.00414815572634
4853,0.0
4854,0.00047142670917
4855,0.0025658684685
4856,0.00236349189221
4857,0.0007075361963
4858,0.00481494349986
4859,2.82058874781e-05
4860,0.0
4861,1.86325610483e-05
4862,1.53876911213e-13
4863,0.00768003056847
4864,0.00218397476883
4865,0.0
4866,0.0
4867,0.00761731644426
4868,0.0
4869,2.84217094304e-14
4870,0.0
4871,0.0
4872,0.00952331930907
4873,0.0
4874,0.0
4875,0.0
4876,0.0
4877,0.0141752583621
4878,0.00445050001005
4879,0.0
4880,0.0
4881,0.00210474243321
4882,0.00276711626958
4883,0.0
4884,0.0120270709465
4885,0.0
4886,0.00261129578885
4887,0.0
4888,0.0
4889,0.0
4890,0.000132257515759
4891,0.0
4892,0.0
4893,0.0
4894,0.000534701908433
4895,0.00495739540304
4896,0.0
4897,0.0
4898,0.0
4899,0.00219454303252
4900,0.00219836912444
4901,0.0
4902,0.0
4903,1.54098955818e-13
4904,0.0
4905,8.83737527602e-14
4906,0.0
4907,0.0
4908,0.0
4909,0.0122675971698
4910,0.000555436118392
4911,0.0
4912,0.0
4913,0.00387265047676
4914,0.0
4915,0.00199536971832
4916,0.0
4917,0.00889174238501
4918,0.0
4919,0.0058684985037
4920,0.0
4921,0.0
4922,0.00640891059527
4923,0.0
4924,0.00420929624112
4925,0.00296295817876
4926,0.0
4927,9.65894031424e-15
4928,0.00013814095244
4929,0.00334153947615
4930,0.00186135147711
4931,0.00273664521854
4932,0.0
4933,0.0
4934,0.00391849852881
4935,0.00212431403325
4936,0.00448127421142
4937,0.000737201431856
4938,0.0120425266304
4939,0.00264615301943
4940,7.36743999141e-13
4941,0.0
4942,0.0
4943,6.15063555642e-14
4944,0.0175405179089
4945,0.0
4946,0.0
4947,0.00762444021597
4948,0.0
4949,0.000294395001789
4950,0.000744784679052
4951,0.00399996407634
4952,0.0
4953,3.8635761257e-13
4954,0.0
4955,0.00267945915899
4956,0.0
4957,0.0114884900396
4958,0.0
4959,0.0
4960,0.00170322064369
4961,0.00696849136356
4962,0.00433182235969
4963,0.00610752063665
4964,0.000660742659721
4965,0.00339503867823
4966,0.0
4967,0.0
4968,0.0
4969,1.31006316906e-13
4970,0.0
4971,0.010939188618
4972,0.00382554302827
4973,0.00262275987637
4974,0.0
4975,0.00666368487805
4976,0.00499379663323
4977,0.0
4978,0.00195867964545
4979,0.000807419852799
4980,0.0
4981,0.0
4982,0.0
4983,0.0
4984,0.00415647147935
4985,0.0
4986,0.0012336346203
4987,0.0
4988,0.0
4989,0.0
4990,0.0149085964335
4991,0.0
4992,0.0
4993,0.0
4994,0.0
4995,0.0
4996,0.0201706170789
4997,0.000552877261992
4998,0.0
4999,0.0
