0,0.0032852415212
1,0.043983404107
2,0.564793634864
3,0.000758132658739
4,0.038553361517
5,0.0031322086665
6,0.0124570722165
7,0.0152044959387
8,0.201823168278
9,0.980504409353
10,0.0783128637821
11,1.62321369139
12,0.118406420617
13,1.68806157722
14,0.0464345971694
15,1.37977791852
16,1.34873976939
17,0.024727508053
18,3.4967789101
19,0.0
20,0.811807738476
21,0.024618487976
22,0.0153804652599
23,0.00996139377528
24,0.693607033202
25,0.0244399813541
26,0.0
27,0.216898108416
28,0.953274002111
29,0.532998887782
30,0.0227419280902
31,0.109965010899
32,0.0214673318003
33,1.08638240871
34,0.0147214428803
35,0.431208500668
36,0.0403944285335
37,0.0121963451918
38,0.396826485444
39,0.125637395227
40,0.98976910414
41,0.0142147839434
42,0.0
43,0.0176054383667
44,0.00458487884101
45,0.0150722671157
46,0.0874119424827
47,0.0230070460589
48,0.0
49,0.140386224617
50,0.00763003207241
51,0.0
52,0.136104909424
53,0.0810731555697
54,0.809465743538
55,0.0
56,0.417557534431
57,0.895883243511
58,0.479675284518
59,0.0
60,1.1483952205
61,0.0307312152841
62,0.15440663242
63,0.0689005935592
64,0.101741559763
65,0.00536281937121
66,0.859600946343
67,0.0156441166838
68,0.0153845369749
69,0.0
70,0.115263498228
71,0.0
72,0.48778462918
73,0.0180870844211
74,0.0158503520839
75,0.00629403905057
76,0.00148429783346
77,0.0
78,0.00796897101047
79,0.00206274639802
80,0.248438486993
81,0.0130408743104
82,0.856762729844
83,0.156525101476
84,0.00623519945125
85,0.0288387965719
86,0.00607442289489
87,0.178838016926
88,0.0
89,0.831084821263
90,0.0975299724951
91,0.0943431810829
92,0.0103592853675
93,0.0344087456555
94,0.00978730081015
95,0.0
96,0.310184292382
97,0.0528616575078
98,0.0207365228898
99,0.123988505684
100,0.963032724964
101,0.0928968972772
102,0.0117434464061
103,0.217738997816
104,0.0113912938848
105,0.00285098080546
106,0.374033337004
107,1.940741555
108,0.629795595047
109,0.0345752285641
110,0.186852764006
111,0.0
112,0.0323996950152
113,0.00564717070279
114,0.00235389726538
115,0.0
116,0.00822830381364
117,0.0106045406503
118,0.0412682477302
119,0.0198066607209
120,0.0219118188995
121,0.0
122,7.82605893734e-05
123,0.0133843299234
124,0.0
125,0.0112449220565
126,0.0028764115906
127,0.00415418423637
128,0.00843087389859
129,0.0116229883583
130,0.722437063382
131,0.0429493725818
132,0.0
133,0.0076701662438
134,0.0
135,0.0411427688176
136,0.0556046071223
137,1.1542400853
138,0.00374994922296
139,0.00399936960588
140,0.0524952621662
141,0.0794851146605
142,1.30460587225
143,0.108958301772
144,0.0
145,0.0369556677012
146,0.0
147,0.12536832509
148,0.10960574726
149,0.0
150,1.24061902858
151,0.0075159892438
152,0.0032135517865
153,0.0
154,0.0
155,0.0722366979629
156,0.210254936585
157,0.000272137270022
158,0.00625081602401
159,0.00767193754876
160,0.0
161,0.0
162,0.0583949545105
163,0.741945515731
164,0.0
165,0.00421697111059
166,0.0
167,0.486749436178
168,0.000896135131504
169,0.0
170,0.00548123841006
171,0.0407735704973
172,0.00118021305597
173,0.0192531815644
174,0.0
175,0.00989109041573
176,0.209053001014
177,0.0857130615351
178,0.000162469974451
179,0.00422922599269
180,0.0116952041403
181,0.0316364723667
182,0.154027685156
183,0.0108816256147
184,0.00210623173305
185,0.344187431839
186,0.711380457691
187,0.000690651154092
188,0.046881493272
189,0.0465497032616
190,0.0
191,0.0
192,0.00508797415718
193,0.0007272743895
194,0.0
195,0.0
196,0.101943644082
197,0.0219348891011
198,0.119367849354
199,0.170342504004
200,0.0853886394065
201,0.0660857417878
202,0.0
203,0.00123073434046
204,0.00308412505838
205,0.00493678080118
206,0.00196610191183
207,0.172121517074
208,0.0541190088165
209,0.0902259961672
210,0.0
211,0.0
212,0.00336858394904
213,0.00377090771211
214,0.0739101262496
215,0.0259339638971
216,0.000116572732344
217,0.155560726142
218,0.0
219,0.0905751374068
220,0.0100804107757
221,0.0
222,0.0169746954854
223,0.763021597863
224,0.208869877456
225,0.0
226,0.00406368712027
227,0.0641385577227
228,0.00320157920279
229,0.0111866422777
230,0.0
231,0.00693972330423
232,0.0
233,0.0212386681562
234,0.000282912538431
235,0.0
236,0.362102041997
237,0.00610450953637
238,0.0370629202573
239,0.468598381391
240,0.0639019687396
241,0.00461278083952
242,0.39489152892
243,0.0026913975465
244,0.0
245,0.0732904860915
246,0.00654596667876
247,0.0335285064971
248,0.0
249,0.384918217324
250,0.00374627482945
251,0.0
252,0.0
253,0.00682400212641
254,0.0
255,0.00456775607867
256,0.0725909501059
257,0.0
258,0.0660361421496
259,0.0143199261628
260,0.0
261,0.0166421272256
262,0.0
263,0.0
264,0.0210850643962
265,0.0388358108598
266,0.0
267,0.345964055073
268,0.0654003112356
269,0.00919982548811
270,0.0
271,0.0
272,0.0181670414205
273,0.00160773514076
274,0.00134634046134
275,0.0043164379202
276,0.0
277,0.0100934418407
278,0.0
279,0.00367589361618
280,0.000131518302004
281,0.00195784527373
282,0.0176191362553
283,0.00425548342139
284,0.601087969823
285,0.0
286,0.0
287,0.0274535233268
288,0.0
289,0.0
290,0.0014920960998
291,0.0136174665453
292,0.0
293,0.0100866961225
294,0.0133371518701
295,0.00484817445925
296,0.0102327357525
297,0.0
298,0.0279575028517
299,0.323795132882
300,0.00422390967933
301,0.0194399270375
302,0.0
303,0.0
304,0.0
305,0.0104032740903
306,0.00829446517153
307,0.071819527313
308,0.000708868157466
309,0.000132196279911
310,0.0200553006888
311,0.0
312,0.0
313,0.0
314,0.00284542543002
315,0.0019917237387
316,0.00462633975727
317,0.0129974700644
318,0.0
319,0.00432535322419
320,0.0
321,0.0
322,0.00228112401651
323,0.169833171094
324,0.0
325,0.000313214231078
326,0.100862473299
327,0.118808970931
328,0.0
329,0.0
330,0.00380737218712
331,0.00123604413176
332,0.0
333,0.00426924660252
334,0.0473492665224
335,0.075730185332
336,0.00219488523231
337,0.237709902049
338,0.0277098990041
339,0.0342391088158
340,0.0
341,0.133500015237
342,0.0
343,0.00354691917184
344,0.00397976364036
345,0.0
346,0.0552829543632
347,0.125992201751
348,0.00151971432263
349,0.0144843160746
350,0.00595225540258
351,0.0
352,0.00234585029407
353,0.00160327091462
354,0.0360942401288
355,0.0232945342091
356,0.00952811078194
357,0.0
358,0.0160576482928
359,0.00586497198012
360,0.0
361,0.289285577673
362,0.0135591824236
363,0.0190014022508
364,0.0
365,0.0641183214528
366,0.00932804889333
367,0.00361917930219
368,0.0374426790251
369,0.0104833404142
370,0.0
371,0.0571500397198
372,0.0110963067313
373,0.0
374,0.0457675427525
375,0.0248408178181
376,0.00226736423425
377,0.0113632414486
378,0.0232340760405
379,0.0
380,0.0
381,0.0
382,0.00212710241367
383,0.000125227248391
384,0.0
385,0.00179926190911
386,0.015594475089
387,0.0
388,0.0112891689822
389,0.257550942119
390,0.00468203918131
391,0.0
392,0.0296666760275
393,0.00266985838946
394,0.00812688968025
395,0.00629478401274
396,0.0924925981193
397,0.0187731126884
398,0.0228944269118
399,0.0229120224978
400,0.0
401,0.0
402,0.0931192316262
403,0.0255053499607
404,0.00985246121322
405,0.00394333385581
406,0.0
407,0.0044043439786
408,0.00223459331641
409,0.0320350058807
410,0.00220454904474
411,0.0048652770858
412,0.000126132500363
413,0.00240058622447
414,0.0121265525389
415,0.000203404668865
416,0.0293008762152
417,0.00231833226924
418,0.0413916355774
419,0.00231004786041
420,0.00261265429235
421,0.00244870328323
422,0.0
423,0.0974395376432
424,0.0107619169966
425,0.0838079646631
426,0.000330691866036
427,0.0108310071815
428,0.0
429,0.0309025999914
430,0.0543626523677
431,0.00422277532542
432,0.437840827893
433,0.316624191293
434,0.0
435,0.0135924298386
436,0.0
437,0.00272314591549
438,0.000448855285369
439,0.0152026153963
440,0.0
441,0.00219585765063
442,0.0529201229321
443,0.0
444,0.00359406768059
445,0.0857836761114
446,0.0
447,0.0092986053963
448,0.00569523037515
449,0.0
450,0.0
451,0.00617978522117
452,0.00414227992945
453,0.00247979792607
454,0.0381283879533
455,0.00299802109685
456,0.0
457,0.0120824560093
458,0.0
459,0.0855981282805
460,0.0108524727398
461,0.0
462,0.0
463,0.0171871145708
464,0.0958850162477
465,0.0
466,0.0063875662312
467,0.0166445667443
468,0.0376654529826
469,0.000599393652498
470,0.0
471,0.0
472,0.0108472513534
473,0.081459340356
474,0.0115664526316
475,0.00239117857098
476,0.00408105238619
477,0.00144308781274
478,0.0
479,0.183581539639
480,0.069355706428
481,0.0
482,0.0178173579733
483,0.00247942583618
484,0.0
485,0.0
486,0.18463610148
487,0.0
488,0.0
489,0.0106617831272
490,0.0
491,0.00329834689979
492,0.00510952187323
493,0.00928205281402
494,0.00175362495436
495,0.0160796145095
496,0.011097052437
497,0.00117757566109
498,0.00354135240839
499,0.140121077816
500,0.00115268578361
501,0.00116814233334
502,0.00546913216318
503,0.00105238347476
504,0.0338755595037
505,0.0291970850228
506,0.00112488581314
507,0.0
508,0.00319102203419
509,0.0
510,0.00838789556449
511,0.00121548030682
512,0.0
513,0.0
514,0.00545314559299
515,0.0300897621693
516,0.00341247772536
517,0.016171954368
518,0.0750567430638
519,0.0
520,0.229031838265
521,0.00128343867639
522,0.00199325810395
523,0.000923826728961
524,0.00356311328175
525,0.00434485323761
526,0.0
527,0.0141539931626
528,0.0
529,0.0315476412005
530,0.00131416310882
531,0.109657971988
532,0.035323800766
533,0.022049566454
534,0.0
535,0.0042420839466
536,0.0
537,0.00235227487963
538,0.00776862800681
539,0.0113573316387
540,0.011808917206
541,0.00290182860038
542,0.0166701037481
543,0.0
544,0.0064628195887
545,0.00788967091027
546,0.00172573819665
547,0.00317676958662
548,0.0120294853557
549,0.00269132591451
550,0.0
551,0.0552244613624
552,0.00278704957814
553,0.00509158566239
554,0.0706163139975
555,0.0
556,0.0
557,0.0144188047705
558,0.132247715982
559,0.0606417855799
560,0.00158162672637
561,0.0476711794833
562,0.0630368774281
563,5.6993237969e-05
564,0.0128171636183
565,0.508036504089
566,0.0269507738149
567,0.00436152120655
568,0.050443877789
569,0.00250511050465
570,0.0878551812952
571,0.107132566815
572,0.0002124751838
573,0.0944069286251
574,0.124285568417
575,0.00161818996838
576,0.000628996055927
577,0.0
578,0.000930717204536
579,0.00274837167208
580,0.00400086688455
581,0.102185796526
582,0.0
583,0.0
584,0.00167155221708
585,0.0477612997178
586,0.0
587,0.00219495711615
588,0.039240854773
589,0.00787230515614
590,0.0
591,0.00217240159592
592,0.00170447083135
593,0.0316025996823
594,0.000622369659617
595,0.000637387289046
596,0.00569520465998
597,0.0134637957618
598,0.00253750015201
599,0.0
600,0.0303779654624
601,0.00176200539849
602,0.00851101559023
603,0.000138072190035
604,0.000763597680697
605,0.00549622089318
606,0.0
607,0.147432844403
608,0.00184214242161
609,0.00177577450218
610,0.0
611,0.00374651440983
612,0.0
613,0.0
614,0.0
615,0.0
616,0.00243344209255
617,0.00287171333041
618,0.00241134177374
619,0.001737270768
620,0.00121729583143
621,0.00020959344755
622,0.0106570193813
623,0.00642794432099
624,0.00193393150499
625,0.0
626,0.00544873486858
627,0.0437108046019
628,0.0
629,0.00188182912082
630,0.00275879834947
631,0.00137000228395
632,0.0
633,0.0
634,0.00255356973046
635,0.0
636,0.00132667072129
637,0.00147732117735
638,0.00141155708195
639,0.0
640,0.0
641,0.0327577349659
642,0.00500613672795
643,0.0
644,0.00117746523158
645,0.0
646,0.00197159965825
647,0.0
648,0.00140623419102
649,0.0
650,0.0
651,0.0
652,0.0
653,0.0
654,0.00277384245535
655,0.131722455958
656,0.0016746133019
657,0.105733333919
658,0.0
659,0.00425408948939
660,0.0
661,0.0
662,0.00231044965831
663,0.0115633270848
664,0.0
665,0.00356969617521
666,0.00163126608393
667,0.0
668,0.0
669,0.020870564266
670,0.00524844693692
671,0.00556170973507
672,0.0031732474858
673,0.0
674,0.0198488033156
675,0.00362221108839
676,0.00355278858963
677,0.00470090231888
678,0.00248733712429
679,0.00208681710339
680,0.0
681,0.0
682,0.00798571451626
683,0.00262433922765
684,0.00381078873789
685,0.0
686,0.0024463028914
687,0.00216289169411
688,0.0
689,0.0044518243016
690,0.00996440598762
691,0.0
692,0.00284801882298
693,0.0
694,0.0
695,0.00241978079132
696,0.0710688657954
697,0.0
698,0.00261348480141
699,0.0330576622829
700,0.0
701,0.00346112555576
702,0.0522634726836
703,0.0
704,0.00659779237134
705,0.00242603831761
706,0.0388791449353
707,0.00952997400629
708,0.027449330366
709,0.00371992821047
710,0.0232968867436
711,0.00449182408295
712,0.0
713,0.00845533790708
714,0.292942450755
715,0.00199334099756
716,0.0186531944946
717,0.275286376039
718,0.0
719,0.00684502453058
720,0.0882990984557
721,0.00195093084526
722,0.30476480544
723,0.00205500173609
724,0.00553147906979
725,0.00225819035188
726,0.00103582017796
727,0.0254321279606
728,0.00228133362606
729,0.00520517465053
730,0.000159603673673
731,0.0
732,0.151420984106
733,0.00282812296595
734,0.010046262439
735,0.007580700872
736,0.0136930985011
737,0.000381232465426
738,0.0
739,0.000244093740903
740,0.0034416052217
741,0.00614229308506
742,0.0
743,0.000291818590665
744,0.01381633044
745,0.0169078584562
746,0.0
747,0.00149158635042
748,0.00309217865082
749,0.000327026196335
750,0.0
751,0.00247638242122
752,0.00434136282562
753,7.85988171037e-05
754,0.0405457703644
755,0.0701431193229
756,0.0235568194802
757,0.0
758,0.0985130899653
759,0.00199955941395
760,0.00101505613928
761,0.000398467255494
762,0.00160575677773
763,0.0
764,0.000387963077778
765,0.0
766,0.000812938582647
767,0.00548211818436
768,0.000828523747057
769,0.0
770,0.108833594351
771,0.000614031073584
772,0.000649810211892
773,0.0
774,0.00108845182774
775,0.0
776,0.00129678525067
777,0.0
778,0.00341311897739
779,0.0
780,0.0101089290184
781,0.00144852228153
782,0.00121706471672
783,0.00157606496027
784,0.0
785,0.108280145626
786,0.000638699122537
787,0.00100048825792
788,0.0769167949177
789,0.00148126767487
790,0.000903592287985
791,0.000339317207458
792,0.000935033811652
793,0.00777375169531
794,0.0
795,0.0
796,0.00173320532172
797,0.00247455362924
798,0.0121283934702
799,0.0
800,0.00418401245756
801,0.00388959231557
802,0.00163680477122
803,0.00385664074163
804,0.00406162323104
805,0.00184644359154
806,0.00137305279813
807,0.000878389288036
808,0.00130841945384
809,0.00337213029412
810,0.000859168809453
811,0.0
812,0.029286968184
813,0.00457950519285
814,0.00200958771776
815,0.000901557794271
816,0.00426425146484
817,0.0
818,0.0026112153266
819,0.00188179397876
820,0.0
821,0.00336073919444
822,0.00244700290141
823,0.00254391401622
824,0.00230773870225
825,0.0100648277605
826,0.00467413267244
827,0.000991839877315
828,0.00121410177333
829,0.000926731677457
830,0.0174548256568
831,0.0101074377108
832,0.0370044976013
833,0.131485149343
834,0.026259946131
835,0.0547066924131
836,0.0338792860075
837,0.00272097553644
838,0.0
839,0.0127822570775
840,0.00172781316408
841,0.0
842,0.0
843,0.00212183121584
844,0.0132685240495
845,0.0015364207349
846,0.00238933638739
847,0.0221052265526
848,0.0
849,0.0125296274872
850,0.0403551787685
851,0.0119707077024
852,0.00172703894964
853,0.0132379127167
854,0.0
855,0.00103627134142
856,0.000935048747355
857,0.0
858,0.00762844046774
859,0.000834978755302
860,0.00243580612986
861,0.00090281865208
862,0.014602895439
863,0.0095073373687
864,0.0
865,0.000961285616789
866,0.00210340834463
867,0.0
868,0.0
869,0.00173846698651
870,0.0
871,0.00191501310499
872,0.0018064075671
873,0.0
874,0.00304168118296
875,0.0319677810226
876,0.0
877,0.00412497077614
878,0.00127116456165
879,0.00502286766668
880,0.00962356264588
881,0.00136328440705
882,0.00466718447037
883,0.00916071924551
884,0.0
885,0.0027724023956
886,0.00205503213981
887,0.0
888,0.0
889,0.0
890,0.0
891,0.0
892,0.0
893,0.0
894,0.0
895,0.00127511727242
896,0.00590608990076
897,0.00192360601833
898,0.0
899,0.0
900,0.0168388599547
901,0.0474585931127
902,0.00131018660825
903,0.00271309077746
904,0.0032305676803
905,0.0112542494525
906,0.00272368873528
907,0.00885417109939
908,0.0391313803985
909,0.194493100253
910,0.0181098837584
911,0.00131321609701
912,0.0
913,0.00140336893164
914,0.0014693898971
915,0.0
916,0.214762293451
917,0.0460556340589
918,0.00287300452506
919,0.000127390776668
920,0.0
921,0.0
922,0.00423406353757
923,0.00188187526434
924,0.00238478983774
925,0.0478280744229
926,0.00025572598102
927,0.0
928,0.000476028265093
929,0.0
930,0.200457221261
931,0.0317034065498
932,0.0115204396384
933,0.0
934,0.00796813920102
935,0.0
936,0.0048899619593
937,0.000804526182378
938,0.00898106591849
939,0.0
940,0.0048006397325
941,0.0
942,0.00246587567251
943,0.101485164774
944,0.0
945,0.00247818882614
946,0.0
947,0.00145822171351
948,0.0
949,0.000644099340754
950,0.000443601153568
951,0.0353765411223
952,3.94622598909e-05
953,0.00159207888251
954,0.012201579282
955,0.0
956,0.0143944066769
957,0.0
958,0.00181205894947
959,0.0
960,0.00207378134569
961,0.000619065965717
962,0.00223477584874
963,0.00125468271356
964,0.00062850323254
965,0.0263536588898
966,0.0132733234315
967,0.00120579119983
968,0.0
969,0.000406918530143
970,0.00195485256167
971,0.0127227150962
972,0.0176016899179
973,0.00177586991956
974,0.000961544545292
975,0.00133840116039
976,0.000707737782916
977,0.119556263231
978,0.00322422582517
979,0.000763960788346
980,0.0
981,0.016903053892
982,0.00200210278839
983,0.000768626394863
984,0.0
985,0.0
986,0.000718618902467
987,0.0
988,0.00154973921373
989,0.00108795733113
990,0.0
991,0.00150183119114
992,0.00165943104599
993,0.00477722776333
994,0.000843579149898
995,0.00364336894675
996,0.0477398036075
997,0.0139028330648
998,0.00370162080808
999,0.00559549576177
1000,0.0
1001,0.0374204157536
1002,0.00623769135778
1003,0.0
1004,0.0
1005,0.00830683918467
1006,0.0
1007,0.0140687331946
1008,0.0
1009,0.0254949838545
1010,0.000984901418523
1011,0.00192793748664
1012,0.0422112923951
1013,0.00103327724654
1014,0.000242235570423
1015,0.00122838357946
1016,0.00165184569107
1017,0.00166217035208
1018,0.0447085945458
1019,0.00779917525677
1020,0.0745371049171
1021,0.0158559955531
1022,0.00204288181174
1023,0.0157244014577
1024,0.00154107962221
1025,0.00025167856545
1026,0.000939153267276
1027,0.0020847301723
1028,0.00185175654522
1029,0.000723423764349
1030,0.00182386275581
1031,0.0026281966399
1032,0.0
1033,0.00432669927831
1034,0.00169345022562
1035,0.0
1036,0.0372295010398
1037,0.00157225883651
1038,0.00245270117868
1039,0.000925144555717
1040,0.00710803649175
1041,0.00656019663493
1042,0.0108585558112
1043,0.000951120438277
1044,0.0179930005975
1045,0.0118014086579
1046,0.00783786464156
1047,0.00163381229666
1048,0.0428192106751
1049,0.000882394412742
1050,0.00152458324131
1051,0.0135665329755
1052,0.00174868750247
1053,0.00104603873205
1054,0.00013937601687
1055,0.0132309610063
1056,0.0023400869067
1057,0.0354947481472
1058,0.00102607163384
1059,0.00103623633732
1060,0.0
1061,0.0
1062,0.00109084236532
1063,0.0
1064,0.000945305618555
1065,0.0
1066,0.0
1067,0.00173623699212
1068,0.0213724146615
1069,0.00858349957529
1070,0.181483879196
1071,0.000798701269815
1072,0.00236463670899
1073,0.00164041618396
1074,0.000980915116911
1075,0.00184531656678
1076,0.00248762115442
1077,0.00493314443314
1078,0.155777174985
1079,7.11986782149e-05
1080,0.0
1081,0.019853148469
1082,0.0
1083,0.0
1084,0.0
1085,0.00104322856903
1086,0.00310925408216
1087,0.0
1088,0.00194057166155
1089,0.00563675397404
1090,0.00107586368821
1091,0.000316486669168
1092,0.000331428119359
1093,0.0624466710513
1094,0.00108925466593
1095,0.0
1096,0.0
1097,0.0
1098,0.00110905944134
1099,0.0285420806236
1100,0.000847126552848
1101,0.00437824546439
1102,0.00132805544244
1103,0.0425413609653
1104,0.00117449815723
1105,0.000141697839963
1106,0.00136831472143
1107,0.000739890754778
1108,0.00119997405
1109,0.0
1110,0.000753840303061
1111,0.0012623706986
1112,0.000269764405322
1113,0.0
1114,0.0136885394567
1115,0.00558465655174
1116,0.0
1117,0.0011520231577
1118,0.00077751214697
1119,0.00584201888383
1120,0.00108052973848
1121,0.0450112989213
1122,0.0455313302602
1123,0.00202877864359
1124,0.0
1125,0.000813342873354
1126,0.0545204461726
1127,0.000291614527819
1128,0.000817466119112
1129,0.00089687041023
1130,0.00201190819117
1131,0.000421409684272
1132,0.0
1133,0.00186505115506
1134,0.0
1135,0.000958453790457
1136,0.000956353373826
1137,0.000659809523892
1138,0.0
1139,0.0719201457972
1140,0.0561696460456
1141,0.0075486313147
1142,0.0074627445096
1143,0.0150645703735
1144,0.012087860924
1145,0.00065277128112
1146,0.000554412706611
1147,0.0
1148,0.000318125968978
1149,0.00211229279725
1150,0.000616336439416
1151,0.0
1152,0.00122588480061
1153,0.000668012870596
1154,0.0259523601787
1155,0.0
1156,0.00113224489644
1157,0.000789912013173
1158,0.0
1159,0.000620914789641
1160,0.00180146324244
1161,0.00142435826165
1162,0.0
1163,0.0626491350802
1164,0.00111127312793
1165,0.0
1166,0.00444302912947
1167,0.0032191955727
1168,0.0
1169,0.0134736723076
1170,0.226563467218
1171,0.0
1172,0.000255777392654
1173,0.0
1174,0.000211569001131
1175,0.152200279181
1176,0.0
1177,0.000224181071889
1178,0.00489700619418
1179,8.42248710606e-05
1180,0.000150981747556
1181,0.0
1182,7.096310833e-05
1183,0.0
1184,0.000696514165428
1185,0.0683789202357
1186,0.0
1187,0.0475234100936
1188,0.000410843407817
1189,0.000137693158009
1190,0.0
1191,0.0
1192,0.0
1193,0.00037634358347
1194,0.0
1195,0.0132525168184
1196,0.018412552083
1197,0.000763077396189
1198,0.0
1199,0.028874217796
1200,0.000244535466106
1201,0.000629865917113
1202,0.00371407877789
1203,0.0
1204,0.0
1205,0.0168797158446
1206,0.0
1207,0.000623967143003
1208,0.00362329596211
1209,0.000216788652106
1210,0.0677040844322
1211,0.0121770208906
1212,0.00137042927497
1213,0.0
1214,0.00243605371475
1215,0.0
1216,0.000862770199548
1217,0.0241547773288
1218,0.00365210262761
1219,0.00043563544706
1220,0.000596380682369
1221,0.0
1222,0.00424609408189
1223,0.000407390521615
1224,0.0
1225,0.00547994405519
1226,0.00224392083829
1227,0.000481433586036
1228,0.000432182714688
1229,0.00264974592137
1230,0.0
1231,0.00107619568738
1232,0.000334313002951
1233,0.0174212060717
1234,0.000679317529248
1235,0.0
1236,0.0044892734883
1237,0.0
1238,0.000713250700109
1239,0.0
1240,0.0
1241,0.0
1242,0.0045227829011
1243,0.0264942026845
1244,0.000596589298067
1245,0.0
1246,0.0
1247,0.00125512255386
1248,0.008020987913
1249,0.0191933898593
1250,0.0
1251,0.0
1252,0.00161940773213
1253,0.0
1254,0.0467279139103
1255,0.0
1256,0.0268356941307
1257,0.00107246745475
1258,0.000260284025488
1259,0.00209417649875
1260,0.0034477883878
1261,0.0
1262,0.000319497128437
1263,0.0
1264,0.0
1265,0.00833092007394
1266,0.0
1267,0.0
1268,0.00238201553802
1269,0.0
1270,0.00170699961029
1271,0.00140569553092
1272,0.0
1273,0.00074291493238
1274,0.0012515052356
1275,0.0
1276,0.000794879216055
1277,0.00075224520049
1278,0.000941899366677
1279,0.00043580925212
1280,0.000647122996986
1281,0.00107500545681
1282,0.00578195375771
1283,0.00109020743008
1284,0.0
1285,0.000164015866042
1286,0.00177265467536
1287,0.0
1288,0.00887960513909
1289,0.0215727123546
1290,0.00260790731175
1291,0.00118613181535
1292,0.000920548663394
1293,0.00190405570482
1294,0.00106774801982
1295,0.0
1296,0.0
1297,0.00126714411784
1298,0.00371058629517
1299,0.000580987334002
1300,0.00128389571175
1301,0.0302257435111
1302,0.000912435147983
1303,0.0034890830675
1304,0.0
1305,0.00571605917855
1306,4.56163971116e-05
1307,0.00155679662243
1308,0.0
1309,0.000723014822865
1310,0.000713124677496
1311,0.0
1312,0.00729532800794
1313,0.0110981256702
1314,0.001542566126
1315,0.00187729385866
1316,0.0
1317,0.00187847482774
1318,0.0058175388111
1319,0.0124737148326
1320,0.000942669522989
1321,0.023559571295
1322,0.000883902668201
1323,0.0
1324,0.0
1325,0.00432837535067
1326,0.000890991199193
1327,0.0
1328,0.00662455341143
1329,0.0
1330,0.00353597124967
1331,0.00183111825018
1332,0.0
1333,0.000893760568807
1334,0.00619856874047
1335,0.00712483485418
1336,0.00551857129105
1337,0.0341934122548
1338,0.0239562300165
1339,0.00223105556115
1340,0.00204005038813
1341,0.00489644578886
1342,0.0
1343,0.00641414121899
1344,0.0013729294114
1345,0.000968956853435
1346,0.00226300469449
1347,0.0
1348,0.0492599549936
1349,0.00202312196818
1350,0.0010050284078
1351,0.00109185778267
1352,0.0
1353,0.0191340062049
1354,0.000873245735669
1355,0.000359811940611
1356,0.000905910876497
1357,0.00117657645112
1358,0.0
1359,0.0
1360,0.00120136996662
1361,0.00455956615772
1362,0.00372495084084
1363,0.00103610570973
1364,0.00153030743369
1365,0.00138478431122
1366,0.00329936442476
1367,0.00119937816927
1368,0.00125919662234
1369,0.0
1370,0.0
1371,0.0
1372,0.0
1373,0.00139027636392
1374,0.0
1375,0.000166737905424
1376,0.00108897112352
1377,0.0013504783703
1378,0.00065779791542
1379,0.0
1380,0.0
1381,0.0113591475648
1382,0.000163217482835
1383,0.0011060846798
1384,0.00103739965229
1385,0.0011325644006
1386,0.0
1387,0.00148826603218
1388,0.0
1389,0.0
1390,0.00321130277629
1391,0.00114062592961
1392,0.00678150990863
1393,0.0118381943807
1394,0.0551590634884
1395,0.00369792439971
1396,0.00121878380758
1397,0.00141887765588
1398,0.00120231566947
1399,0.00140588823291
1400,0.0
1401,0.00112825878687
1402,0.001098100642
1403,0.00130592052167
1404,0.00781867162491
1405,0.00130855207543
1406,4.01008312911e-05
1407,0.0
1408,0.0207485018884
1409,0.0
1410,0.00115188717333
1411,0.0
1412,0.0
1413,0.0
1414,0.0
1415,0.00689855592105
1416,0.0142088522383
1417,0.00142069961267
1418,0.00260517237522
1419,0.000131952174014
1420,0.00256231330097
1421,0.00138825854999
1422,0.0254052916347
1423,0.0114571960752
1424,0.00555897159149
1425,0.0
1426,0.00279952741775
1427,0.00522371130683
1428,0.00141863248539
1429,0.00265829004205
1430,0.00153409387889
1431,0.00197482934211
1432,0.00261146024398
1433,0.00144226053643
1434,0.00899078341913
1435,0.00254717272226
1436,0.00184849524094
1437,0.0147784285476
1438,0.0014163243497
1439,0.223968426077
1440,0.0357045023364
1441,0.0575247218852
1442,0.0
1443,0.0166865278792
1444,0.00146308401445
1445,0.0
1446,0.000733536464923
1447,0.0126033632278
1448,0.0223773125242
1449,0.00112674831368
1450,0.00456059529181
1451,0.00709708097696
1452,0.0
1453,0.00075117262786
1454,0.0152917107837
1455,0.0
1456,0.0291970770713
1457,0.0115656597574
1458,0.0
1459,0.0299603612376
1460,0.0
1461,0.0
1462,0.00764546454823
1463,0.000985993973551
1464,0.0755850037015
1465,0.00132817614363
1466,0.00105036689561
1467,0.000282695711689
1468,0.0
1469,0.0301333543526
1470,0.0121335324044
1471,0.00360348494029
1472,0.00386930574869
1473,0.00415154174132
1474,0.0
1475,0.0
1476,0.00192213918252
1477,0.00389050337938
1478,0.0
1479,0.000824647951488
1480,0.000894464232728
1481,0.0171657954622
1482,0.00127087250283
1483,0.000742061219854
1484,0.00132325931797
1485,0.0
1486,0.000150712399077
1487,0.00152602055697
1488,0.0234903838626
1489,0.0017315475702
1490,0.00398583639813
1491,0.00139720063752
1492,0.0
1493,0.00122588403279
1494,0.00137138779768
1495,0.0
1496,0.0
1497,0.000715896723268
1498,0.00179342981169
1499,0.000790537811247
1500,0.00078359270308
1501,0.00855878832319
1502,0.0979004513728
1503,0.00658007754887
1504,0.0
1505,0.00862336460161
1506,0.016315355715
1507,0.00159763192892
1508,0.00966698589316
1509,0.00966283577918
1510,7.9275621057e-05
1511,0.00349329730726
1512,0.0
1513,0.0708056094791
1514,0.0630317163205
1515,0.0
1516,0.0
1517,0.000743397466082
1518,0.0
1519,0.0005617460507
1520,0.000796667634396
1521,0.0
1522,0.0
1523,0.00427892829451
1524,0.0243312825121
1525,0.000668355985515
1526,0.0
1527,0.000628006316421
1528,0.0
1529,0.0254525743875
1530,0.0317578273293
1531,0.00122251851818
1532,0.00192157686023
1533,0.0424736069783
1534,0.00334830337911
1535,0.00253564620229
1536,0.0317653801637
1537,0.000520332424666
1538,0.0025520603733
1539,0.0667151284604
1540,0.0226042982979
1541,0.0316464761272
1542,0.0112562772663
1543,0.00197843936199
1544,0.0
1545,0.00311800547533
1546,0.000680502270342
1547,0.0440192597437
1548,0.00355714733365
1549,0.00100838950921
1550,0.000468902888248
1551,0.0187146250437
1552,0.00346295056686
1553,0.0
1554,0.000909451018134
1555,0.0033822238424
1556,0.0
1557,0.00368248994683
1558,0.0
1559,0.0
1560,0.000512655748746
1561,0.000661782473592
1562,0.0
1563,0.00262672540832
1564,0.0270358780766
1565,0.0
1566,0.0
1567,0.00228495206988
1568,0.000971977797206
1569,0.000569130107739
1570,0.0200264010274
1571,0.0
1572,0.0
1573,0.000666476719576
1574,0.0
1575,0.0
1576,0.0106211445728
1577,0.00050719967517
1578,0.00195748016875
1579,0.0
1580,0.00160639596993
1581,0.0
1582,0.000688240503733
1583,0.00373725130471
1584,0.000425602703106
1585,0.000809617293005
1586,0.00155045221
1587,0.0
1588,0.00859458312581
1589,0.00938228227384
1590,0.000686761555308
1591,0.0
1592,0.00166110432701
1593,0.00154663891994
1594,0.00085527428377
1595,0.0346025500857
1596,0.00103452619983
1597,0.00146238583496
1598,0.00734776672319
1599,0.0
1600,0.0
1601,0.000644002110454
1602,0.000977145578472
1603,0.0
1604,0.0
1605,0.000946382168787
1606,0.00705914465277
1607,0.00135536615826
1608,0.032492422173
1609,0.0013133364499
1610,0.0
1611,0.0107416799079
1612,0.00125689269952
1613,0.0
1614,0.0
1615,0.0
1616,0.0
1617,0.0
1618,0.00191347778431
1619,0.0100063442585
1620,0.00419517248979
1621,0.019416159083
1622,0.0389606513206
1623,0.0
1624,0.0284404869968
1625,0.00143000820728
1626,0.00600924360893
1627,0.000693092769767
1628,0.000827422087404
1629,0.00128007758906
1630,0.0
1631,0.000744858385483
1632,0.000632580196834
1633,0.0014635469769
1634,0.00515270301514
1635,0.00650182463878
1636,0.00145766101069
1637,0.0
1638,4.91090710324e-05
1639,0.000667433924246
1640,0.000734518305617
1641,0.001420474024
1642,0.0103677182714
1643,0.0
1644,0.00119913761627
1645,0.00202724410052
1646,0.0242297976945
1647,0.00307630327802
1648,5.26630636086e-05
1649,0.0
1650,0.000749674011706
1651,0.00624356058159
1652,0.00187244974272
1653,0.000804095162786
1654,0.0208437389978
1655,0.000843824687257
1656,0.0
1657,0.00115787882785
1658,0.0101327422
1659,0.00128453441223
1660,9.72041010474e-05
1661,0.013802891854
1662,0.000867786280761
1663,0.0
1664,0.00617054751458
1665,0.000813144511151
1666,0.004273673799
1667,0.0
1668,0.00522632044163
1669,0.00312795868229
1670,0.0133828289009
1671,0.0
1672,0.000831545262893
1673,0.000826888849518
1674,0.0
1675,0.0
1676,0.000845789301697
1677,0.00205580327281
1678,0.00165963083804
1679,0.0
1680,0.00513981535533
1681,0.0341895178986
1682,0.00160581655143
1683,0.00722574315916
1684,0.000933548983148
1685,0.00146405376745
1686,0.00160368799296
1687,0.00090147635835
1688,0.000889237317904
1689,0.0145055002404
1690,0.0
1691,0.00253012439928
1692,0.000950823295272
1693,0.00957093612929
1694,0.0273542741831
1695,0.0181665925812
1696,0.00184868486174
1697,0.00327863236878
1698,0.0034630266754
1699,0.000840157132456
1700,0.00185213315263
1701,0.0018105631446
1702,0.0265672871079
1703,0.0323812328686
1704,0.0
1705,0.000961526876814
1706,0.00092156177731
1707,8.94043780328e-05
1708,0.000896423092011
1709,0.00252118765181
1710,0.000325081747701
1711,0.00169199935438
1712,0.0256672182203
1713,0.0843447953144
1714,0.00102623377725
1715,0.0459564911135
1716,0.0627108719309
1717,0.00083908171284
1718,0.00126618371172
1719,0.0
1720,0.0
1721,0.0
1722,0.000373383765089
1723,0.000568191814331
1724,0.000734189457373
1725,0.00201246603885
1726,0.000728551119415
1727,0.00759185263264
1728,0.0147438930607
1729,0.0
1730,0.00340646206982
1731,0.00364290292842
1732,0.000847669659718
1733,0.0
1734,0.000410077037991
1735,0.0007915271053
1736,0.0
1737,0.000413041634905
1738,0.0141085468489
1739,0.000670957168935
1740,0.0139570830385
1741,0.00728393071783
1742,0.00114708490269
1743,0.0189646411282
1744,0.00321875611324
1745,0.00622842873
1746,0.000825158094755
1747,0.0
1748,0.0322232999457
1749,0.000540403540926
1750,0.0
1751,0.00119570354945
1752,0.000871920156583
1753,0.000714698299318
1754,0.0
1755,0.000581575793984
1756,0.0
1757,0.0
1758,0.00138348346116
1759,0.0
1760,0.0231986970721
1761,0.0397249817084
1762,0.00116132802955
1763,0.0
1764,0.00147746120779
1765,0.00110986415166
1766,0.0
1767,0.0199945542041
1768,0.0
1769,0.000762113756101
1770,0.0
1771,0.00381523132109
1772,0.0140709600919
1773,0.0134116019819
1774,0.0
1775,0.0046796303885
1776,0.0
1777,0.0
1778,0.000613693428841
1779,5.61793898139e-05
1780,0.000573086719698
1781,0.024247218766
1782,0.0962112199703
1783,4.18081616087e-05
1784,0.000154075123976
1785,0.00132509605915
1786,0.000692365660573
1787,0.000500445156973
1788,0.000499161182918
1789,0.000106325554696
1790,0.000709897001989
1791,0.0396352794624
1792,0.0564952180747
1793,0.000774605383221
1794,0.0
1795,0.000697354874429
1796,0.0
1797,0.0
1798,0.0
1799,0.0
1800,0.000662464119498
1801,0.0
1802,0.00427138016192
1803,0.000396214088581
1804,8.10917939571e-05
1805,0.000139982401918
1806,0.0
1807,5.48245187519e-05
1808,0.000103939045636
1809,0.00141028605018
1810,0.000633476109849
1811,0.0
1812,0.000729449740862
1813,0.000247679995177
1814,0.0
1815,0.00539185442694
1816,0.000794036897568
1817,0.0
1818,0.0
1819,0.000173515348989
1820,0.0128608017331
1821,0.00170147342259
1822,0.00301975938188
1823,0.000851743966942
1824,0.000689011515983
1825,0.0
1826,0.0467614247835
1827,0.000601955747848
1828,0.0
1829,0.00228999304231
1830,0.00166131807946
1831,0.0
1832,0.00136894390557
1833,0.000852486629686
1834,0.000703694321719
1835,0.00455009664218
1836,0.0
1837,0.0226634864159
1838,0.00131753557049
1839,0.000189566946988
1840,0.0
1841,0.041374577113
1842,0.00276134497726
1843,0.0096586780624
1844,0.0252409075358
1845,0.0444997199564
1846,0.00145177045501
1847,0.0
1848,0.000257034127114
1849,0.0011773226132
1850,0.044280060065
1851,0.00162870881142
1852,0.0
1853,0.0149591847423
1854,0.0
1855,0.000491181153705
1856,0.0357217734367
1857,0.000317722261886
1858,0.000333119022562
1859,0.000391236225274
1860,0.000627203616437
1861,0.00122563617545
1862,0.0111482195578
1863,0.00792567042827
1864,0.000602618698484
1865,0.000536383552155
1866,0.00139815706715
1867,0.000550544369378
1868,0.00126431666094
1869,0.00121471622318
1870,0.000625616597873
1871,0.0270223023242
1872,0.000650336808963
1873,0.00366869251327
1874,0.00172850974214
1875,0.000444000593032
1876,0.0
1877,0.000613175107404
1878,0.000730802532289
1879,0.0571427806365
1880,0.0
1881,0.000438911824474
1882,0.00960995508846
1883,0.00125814911272
1884,0.0
1885,0.00485199960845
1886,0.000503570380284
1887,0.000384279571579
1888,0.0
1889,0.0
1890,0.0248552388013
1891,0.000647783435085
1892,0.000412881557645
1893,0.0
1894,0.0
1895,0.000870830552205
1896,5.83973785497e-05
1897,0.000478546760449
1898,0.0180350483576
1899,0.00936281302884
1900,0.00145534684436
1901,0.000858456508635
1902,0.00125196234444
1903,0.0124323143479
1904,0.00130240482101
1905,0.0
1906,0.0
1907,0.000922671959889
1908,0.000523140138864
1909,0.000647644456273
1910,0.0
1911,0.000532038523272
1912,0.0
1913,0.0
1914,0.000497337161285
1915,0.0
1916,0.000893358857408
1917,0.0
1918,0.00107891452264
1919,0.00117937161994
1920,0.000541296353835
1921,0.00126982984301
1922,0.000884005483845
1923,0.000674391509578
1924,0.00289773088344
1925,0.0
1926,0.0049105887306
1927,0.00107095118702
1928,0.00105730442664
1929,0.000545014474578
1930,0.0035851000518
1931,0.00223946566725
1932,0.00386501862451
1933,0.0
1934,0.00073337148031
1935,0.00452576199127
1936,0.000743427696627
1937,0.000786911904485
1938,0.0185669142224
1939,0.0
1940,0.000778192702202
1941,0.0
1942,0.00283380013283
1943,0.000667034839667
1944,0.0
1945,0.0113824962816
1946,0.00130882511677
1947,0.00068981873639
1948,0.0020596230186
1949,0.0
1950,0.000716068518772
1951,0.00536008855433
1952,0.000694646489497
1953,0.00516615414935
1954,0.000995836408396
1955,0.00127378945697
1956,0.00773899973081
1957,0.000248827270835
1958,0.00081689327846
1959,0.000760066391085
1960,0.0
1961,0.0
1962,0.00144797214307
1963,0.000757490704485
1964,0.0
1965,0.00480600331483
1966,0.0188510151494
1967,0.0201512297885
1968,0.00135895287721
1969,0.000682520718867
1970,0.0
1971,0.000686908565605
1972,0.00489666321789
1973,0.0
1974,0.000702944905083
1975,0.0
1976,0.00140774871249
1977,0.0
1978,0.0040562549179
1979,0.0011911099386
1980,0.00148345234717
1981,0.0
1982,0.0
1983,0.0
1984,0.00602580724347
1985,0.000233228062847
1986,0.0
1987,0.000815335768983
1988,0.000782418331968
1989,0.000840598207478
1990,0.0
1991,0.00213043795055
1992,0.00137117850384
1993,0.00188201335724
1994,0.000796575338499
1995,0.0
1996,0.00406176626114
1997,0.00469758086082
1998,0.0
1999,0.000860108394465
2000,0.000129457057893
2001,0.00135951260624
2002,0.0
2003,0.00806114955124
2004,0.0
2005,0.00473711415505
2006,0.000814922028698
2007,0.00185829612784
2008,0.00983490198137
2009,0.00076631046392
2010,0.00323935852298
2011,0.00167396205308
2012,0.000901363899221
2013,0.000859544433967
2014,0.000983675453234
2015,0.0
2016,0.00541058784673
2017,0.000819283051853
2018,0.000924156867744
2019,0.0
2020,0.00396524652819
2021,0.0023023032201
2022,0.0035017221295
2023,0.00116698403127
2024,0.000838625873989
2025,0.00115719734372
2026,0.00961016683983
2027,0.000933994229196
2028,0.0
2029,0.0
2030,0.0
2031,0.0
2032,0.00168532914104
2033,0.00229168585829
2034,0.00403105958451
2035,0.00096432749741
2036,0.0209323487333
2037,0.00201403732142
2038,0.0528199331092
2039,0.0
2040,0.00609741179256
2041,0.00176792401196
2042,0.0
2043,0.000874350666545
2044,0.0
2045,0.00207669960662
2046,0.00878348694572
2047,0.000121168742686
2048,0.0
2049,0.0236330243393
2050,0.000885200998535
2051,0.00814406736746
2052,0.00151790371703
2053,0.0108989707761
2054,0.000770607605508
2055,0.0
2056,0.00979474688218
2057,0.00124306448342
2058,0.00841264545064
2059,0.00127908430021
2060,0.00141598318575
2061,0.00382999091405
2062,0.00506612908022
2063,0.0
2064,0.01976220592
2065,0.0019897435402
2066,0.00152313855704
2067,0.0133388939332
2068,0.0019767593443
2069,0.0
2070,0.0
2071,0.00151630372194
2072,0.0
2073,0.00102259630099
2074,0.0105865069252
2075,0.00451666284581
2076,0.0
2077,0.000743845432404
2078,0.133392683172
2079,0.00088021495504
2080,0.000801072642238
2081,0.0124257756051
2082,0.00171309693139
2083,0.00359698105416
2084,0.0174820225068
2085,0.00460534117106
2086,0.0
2087,0.0356719793129
2088,0.00909542891661
2089,0.000162945108337
2090,0.0330247864201
2091,0.0102159874511
2092,0.0
2093,0.000680565437675
2094,0.0294074524153
2095,0.00113790305676
2096,0.00154184763186
2097,0.000613916086575
2098,0.00196593422623
2099,0.000778594875734
2100,0.0276911079951
2101,0.0
2102,0.00852345365506
2103,0.000508039131722
2104,0.000469878609827
2105,0.000796337774854
2106,0.00232551614902
2107,0.000654076684664
2108,0.00203820241913
2109,0.0
2110,0.0
2111,0.0
2112,0.00195019103542
2113,0.0271890711342
2114,0.000612046996185
2115,0.0247222848671
2116,0.0082915263618
2117,0.000459156993671
2118,0.00526232695
2119,0.00517419228497
2120,0.0011699288151
2121,0.00132858941411
2122,0.000422282921034
2123,0.00203913633372
2124,0.00103112009217
2125,0.000848850557973
2126,0.0
2127,0.0
2128,0.000413655699041
2129,0.0141476765695
2130,0.00248898250422
2131,0.00150608720151
2132,0.00277976750606
2133,0.00041726910686
2134,0.000830271661763
2135,0.00144907577165
2136,0.00314251222723
2137,0.0
2138,0.0
2139,0.0
2140,6.08593312652e-05
2141,0.00094057438115
2142,0.000897548542526
2143,0.0095702446884
2144,0.0014252263924
2145,0.000521113975242
2146,0.0130134580623
2147,0.0
2148,0.160298482728
2149,0.0
2150,0.000870507234369
2151,0.111780869365
2152,0.000747650485126
2153,0.00259318289867
2154,0.0
2155,0.00376479000631
2156,0.0
2157,0.00090601848569
2158,0.00124230445587
2159,3.92052500402e-05
2160,0.0264295213649
2161,0.000826072679952
2162,0.000596224447805
2163,0.00740377120611
2164,0.00884286864202
2165,0.0
2166,0.000376216160029
2167,0.0175839010897
2168,0.0
2169,4.18384006964e-05
2170,0.0
2171,0.0
2172,0.000524660505941
2173,0.0
2174,0.00193449944406
2175,0.000691983521167
2176,0.0
2177,0.000436964140443
2178,0.000696310323494
2179,0.00306362834226
2180,0.0
2181,0.0
2182,0.00151882691707
2183,0.000743535391199
2184,0.0119843399965
2185,3.92456166423e-05
2186,0.00125354261608
2187,0.00260875200714
2188,0.00301309044669
2189,0.0
2190,0.0
2191,0.0012518050012
2192,0.00172548219472
2193,0.0
2194,0.0
2195,0.00014929198763
2196,0.000746098594882
2197,0.0
2198,0.0
2199,0.0
2200,0.00159580962079
2201,0.0
2202,0.0
2203,0.0
2204,0.000602618353435
2205,0.00717282450249
2206,7.1972272714e-05
2207,0.0
2208,0.00627769598719
2209,0.000599069353041
2210,0.0
2211,0.00160086241838
2212,0.135463196149
2213,0.0
2214,0.000101729368225
2215,0.00485154808429
2216,0.0
2217,0.000592514474825
2218,0.0
2219,0.00147242672011
2220,0.000189683534661
2221,0.0
2222,0.000137253127979
2223,0.0
2224,0.000402443071278
2225,0.00658543478518
2226,0.000244007950705
2227,0.000804289977961
2228,0.000486902389823
2229,0.0850354763111
2230,0.00044482598214
2231,0.0329694904159
2232,0.0
2233,0.0057307500227
2234,0.000102669575881
2235,0.000393475277856
2236,0.0596164084403
2237,0.0
2238,0.00692473290586
2239,0.0013217101838
2240,0.000105604451516
2241,0.0168725484654
2242,0.00186743237237
2243,0.0
2244,0.0293880546252
2245,0.00275598380146
2246,0.000351673474638
2247,0.000102151933784
2248,0.000918078229758
2249,0.000595535261535
2250,3.92484610732e-05
2251,0.000105574073844
2252,0.0070408726291
2253,0.00644709694142
2254,0.00907941154388
2255,0.000268778578456
2256,0.00490475423527
2257,0.00400641051505
2258,0.00020686372273
2259,0.00055731489653
2260,0.0094705816576
2261,0.00202080772307
2262,0.0112559131155
2263,0.00445808306812
2264,0.000842075748491
2265,0.00173402159066
2266,0.000193102871239
2267,0.0
2268,0.000296583317744
2269,0.000206551217135
2270,0.0054866171228
2271,3.93136196313e-05
2272,0.000379759608877
2273,0.000314393040178
2274,0.0632889461499
2275,0.000386018469899
2276,0.000254193602649
2277,0.0
2278,0.00151221360706
2279,0.00138438065155
2280,0.00140834520524
2281,0.0
2282,0.0
2283,0.000292739052458
2284,0.0
2285,0.000499842937975
2286,0.00129418588332
2287,0.0
2288,0.000721067494345
2289,0.000744246081809
2290,0.068737394152
2291,0.000267420911766
2292,0.014196600654
2293,0.0
2294,0.00176111480031
2295,0.0
2296,0.00066738601198
2297,0.000770017595798
2298,0.0
2299,0.020339075289
2300,0.00388131577897
2301,0.0
2302,0.0432750077685
2303,0.00328430272986
2304,0.0
2305,0.0
2306,0.000322767737518
2307,0.0
2308,0.0
2309,0.000315668124164
2310,0.000398201920528
2311,0.0
2312,0.000155819594017
2313,0.000385275131304
2314,0.000246838136367
2315,0.00119080533098
2316,0.000137607113075
2317,0.0
2318,0.0
2319,0.0
2320,0.0
2321,0.0
2322,0.0
2323,0.0108470202526
2324,0.000229662917965
2325,0.00182573697044
2326,0.0
2327,0.0
2328,0.000445956946702
2329,0.0573507093917
2330,0.00253486799499
2331,0.0188235873901
2332,0.0
2333,0.000343580860287
2334,0.000442945628832
2335,0.0
2336,7.78711228655e-05
2337,0.00557794995447
2338,0.0
2339,0.0
2340,0.000615797826114
2341,0.00142346849887
2342,0.0
2343,0.0
2344,0.0010392978733
2345,0.00039550315321
2346,0.0
2347,0.00412017383967
2348,0.0128774511057
2349,0.000334785910403
2350,0.000375683256713
2351,0.00542607245776
2352,0.000677037897764
2353,0.000267618731304
2354,0.0
2355,0.00515607402063
2356,0.0
2357,0.0
2358,0.000659692840531
2359,0.0
2360,0.00141641562486
2361,0.000165474819398
2362,0.000524834600293
2363,0.000491349767086
2364,0.000555445602224
2365,0.031640962102
2366,0.00536797190301
2367,0.0
2368,0.00740843266266
2369,0.00184109070922
2370,0.00814900129482
2371,0.000740115245731
2372,0.0
2373,0.0127400833636
2374,0.000335147456378
2375,0.000728722478574
2376,0.000331033354886
2377,0.00484109038889
2378,0.00032486321035
2379,0.000112484726335
2380,0.0
2381,0.0
2382,0.000910639639494
2383,0.00158717588782
2384,0.00017162223661
2385,0.00362616405
2386,0.0
2387,0.000434711412389
2388,0.0
2389,0.0209613393691
2390,0.000493766643701
2391,0.000432891430454
2392,0.0134732511194
2393,0.0
2394,0.0219742842195
2395,0.00193781537037
2396,0.00172232455061
2397,0.0003644469478
2398,0.0136908496794
2399,0.0
2400,0.000394517869131
2401,0.00111741552555
2402,0.000800232049297
2403,0.00142940344074
2404,0.000116842854629
2405,0.0203191556672
2406,0.00498232449308
2407,0.0
2408,0.0526360835479
2409,0.000159988475739
2410,0.000590910672313
2411,0.000361286715876
2412,0.00222237686244
2413,0.0
2414,0.000849082184487
2415,0.00332968026206
2416,0.0
2417,0.0
2418,0.0344251986717
2419,0.00202150904659
2420,0.0
2421,0.000453885879351
2422,0.00199298712738
2423,0.0
2424,0.0023151705359
2425,0.00108583714542
2426,0.0
2427,0.00999902973635
2428,0.00107029744978
2429,0.0
2430,0.000256930412614
2431,0.00139135889487
2432,0.000191050940425
2433,0.0
2434,0.000435676499553
2435,0.000711939575537
2436,0.0
2437,0.000806892882587
2438,0.000454243939425
2439,0.00171912869438
2440,0.0
2441,0.0
2442,0.00126622208268
2443,0.000628096819682
2444,0.0
2445,0.000962775148048
2446,0.000454284843269
2447,0.00107048337183
2448,0.0261400261384
2449,0.0
2450,0.00379251495119
2451,0.000513878395038
2452,0.00233482480739
2453,0.000609104364274
2454,0.0
2455,0.0
2456,0.0188412293304
2457,0.0
2458,0.00327203044633
2459,0.00178291483049
2460,0.0
2461,0.0
2462,0.00141006471539
2463,0.00674199795058
2464,0.0
2465,0.0
2466,0.0
2467,0.000685422301093
2468,0.000276552694105
2469,0.000279958481023
2470,0.0
2471,0.0
2472,0.00730143326783
2473,0.000730728054962
2474,0.0028909394569
2475,0.000363281459483
2476,0.00123483894471
2477,0.0
2478,0.0708052706292
2479,0.0
2480,0.000986542338609
2481,0.000574406316725
2482,0.000599293627288
2483,0.00376199951893
2484,0.000693160495016
2485,0.000349751631426
2486,0.0
2487,0.00230165481477
2488,0.000562429986877
2489,0.000412502526958
2490,0.000661534330112
2491,0.000603177231929
2492,0.000715276050718
2493,0.000855680999833
2494,0.0
2495,0.0019827142953
2496,0.000376484581477
2497,0.0
2498,0.0
2499,0.0
2500,0.0
2501,0.0143952120144
2502,0.00410861591495
2503,0.000455564585394
2504,0.0
2505,0.00283557803711
2506,0.000696495891153
2507,0.000574261947405
2508,0.00314310083167
2509,0.0
2510,0.0004361495131
2511,0.0
2512,0.00436071616446
2513,0.0
2514,0.00331688952521
2515,0.008241771755
2516,0.000631528785219
2517,0.000666938163498
2518,0.000497108695481
2519,0.0
2520,0.00688525081181
2521,0.000858769906302
2522,0.00132027949486
2523,0.000704380875416
2524,0.00241683592922
2525,0.0
2526,0.000793026706313
2527,0.00274515626056
2528,0.00150810093537
2529,0.00312875490952
2530,0.00104778808736
2531,0.00501299574342
2532,0.000509991747281
2533,0.00155406760996
2534,0.0459950627719
2535,0.000622716660514
2536,0.00233934695023
2537,0.00958917014209
2538,0.00314773073526
2539,0.0
2540,0.00186431536145
2541,0.000650022424606
2542,0.000644978068455
2543,0.00138228815972
2544,0.0437375106876
2545,0.0202580366978
2546,6.31239182782e-05
2547,0.00230583716292
2548,0.00133408469186
2549,0.000580819948345
2550,0.014302921776
2551,0.00836030337408
2552,0.00691698573393
2553,0.0
2554,0.0785696830559
2555,0.00703741432979
2556,0.0
2557,0.00148168760195
2558,0.00018578973414
2559,0.000645753692337
2560,0.0
2561,0.000658943468342
2562,0.0
2563,0.0123018620564
2564,0.000206618103044
2565,0.0
2566,4.77425765961e-05
2567,0.000636672214446
2568,0.00372671576891
2569,0.000201015666142
2570,0.00146631606579
2571,0.0
2572,0.00063012041099
2573,0.0021159425945
2574,0.00131506381729
2575,0.00857861009306
2576,0.00250202327705
2577,0.0
2578,0.00257216025249
2579,0.0021316406222
2580,0.00375919016155
2581,3.91892275746e-05
2582,0.0023561393258
2583,0.000664343425101
2584,0.00108219760049
2585,0.0
2586,0.0
2587,0.0
2588,0.0
2589,0.0
2590,0.00140736992261
2591,0.0
2592,0.000706890143329
2593,0.000564826901905
2594,0.000299284280229
2595,0.00121101142035
2596,0.00198096529217
2597,0.00144872586274
2598,0.0323100627512
2599,0.000733231213374
2600,0.0174056952672
2601,0.00070493338481
2602,0.10489238202
2603,0.0
2604,0.000173616248841
2605,9.55704785364e-05
2606,0.0010903998608
2607,0.000572231514235
2608,0.0
2609,0.000115364138214
2610,0.000379377197693
2611,0.000210268548855
2612,0.000126873055107
2613,0.00027809984157
2614,0.000300750525434
2615,0.000829405054461
2616,0.000717927842937
2617,0.0954663317602
2618,0.000724482863033
2619,0.000113899629273
2620,0.0
2621,0.000207075623605
2622,0.0
2623,0.000592084589375
2624,0.000479775651498
2625,0.0
2626,0.001014328013
2627,0.00137098142379
2628,0.00159473972583
2629,0.000874208116145
2630,0.069589958604
2631,0.000221765480049
2632,0.00033170761226
2633,0.0
2634,0.0033271009504
2635,0.000233892539188
2636,0.000564665533809
2637,0.00025214772709
2638,0.000414845180011
2639,0.0
2640,0.00113695463769
2641,0.0
2642,0.0
2643,0.000506255382849
2644,0.00281819633559
2645,0.000302065344686
2646,0.000970628481533
2647,0.000406601348372
2648,0.000253068619847
2649,0.0
2650,0.00468111680079
2651,0.000517474145721
2652,0.000529073643677
2653,0.000523658361492
2654,0.00065163812529
2655,0.0
2656,0.0
2657,0.00244135428263
2658,0.000319863807071
2659,0.0148070948559
2660,0.0
2661,0.00105849217779
2662,0.00360688453086
2663,0.00545925579772
2664,0.0
2665,0.000327735612942
2666,0.0409064216342
2667,0.000588170556977
2668,0.0113842653336
2669,0.000525509341621
2670,0.0
2671,0.000258698921709
2672,0.000186791546843
2673,0.00131014702301
2674,0.000341662757946
2675,0.000126792888234
2676,0.000494157989691
2677,0.0029112318883
2678,0.0
2679,0.0
2680,0.0
2681,0.000332480864623
2682,0.000502496996667
2683,0.0
2684,0.00710504671163
2685,0.00671778883854
2686,0.000467976793501
2687,0.0
2688,0.00485518258024
2689,0.000420610835806
2690,0.00614228180403
2691,0.00635983109587
2692,0.0083746729034
2693,0.00592559207735
2694,0.000466301420236
2695,0.0166011007266
2696,0.0
2697,0.00978455487181
2698,0.0
2699,0.0
2700,0.000548159900949
2701,0.000193007308709
2702,0.000155790213038
2703,0.000580686107986
2704,0.0
2705,0.000450452335572
2706,0.000570636447013
2707,0.000422474542235
2708,0.0
2709,0.0
2710,0.00189741604263
2711,0.0
2712,0.0
2713,0.0278400343564
2714,0.00103997412133
2715,0.00148531180026
2716,0.000403633210643
2717,0.000449196804015
2718,0.0169096197475
2719,0.000762366419967
2720,0.000361732668724
2721,0.00988807845369
2722,0.000460868205963
2723,0.0
2724,0.000763982189295
2725,0.00115931878524
2726,0.00329996006823
2727,0.000490381518331
2728,0.000383082362898
2729,0.0013794773851
2730,0.00127946339988
2731,0.000865918142579
2732,0.000429054312463
2733,4.00662968225e-05
2734,0.0033757566648
2735,0.00055105462717
2736,0.0
2737,0.00968362660311
2738,0.0
2739,0.000462170012822
2740,0.00671696288325
2741,0.000493985084125
2742,0.0
2743,0.00393531812791
2744,0.0
2745,0.000432945799112
2746,0.0
2747,0.0139155620128
2748,0.00870307806635
2749,0.0
2750,0.00505664133687
2751,0.000475334057597
2752,0.000641117170157
2753,0.00279436942654
2754,0.0
2755,0.00201754836303
2756,0.00053383456242
2757,0.00178614662445
2758,0.00362667449905
2759,0.0
2760,0.00196219386205
2761,0.000532867614831
2762,0.000454568517605
2763,0.0390927923254
2764,0.000567879726782
2765,0.0
2766,0.00566353831198
2767,0.000460035259188
2768,0.0
2769,0.00056965555019
2770,0.00109027106114
2771,0.0
2772,0.0126295018168
2773,0.00100511671474
2774,0.0
2775,0.0469728885863
2776,0.00221967466837
2777,0.0374163818027
2778,0.0018155236396
2779,0.0
2780,6.11848597147e-05
2781,0.000299798500882
2782,0.000441186334425
2783,0.0056786289185
2784,0.00245668203378
2785,0.0235941038448
2786,0.0406026909899
2787,0.000332627280256
2788,0.000849207335974
2789,0.0
2790,0.0161122474836
2791,0.0178270560107
2792,0.000335309964758
2793,0.000413338770156
2794,0.000690246385205
2795,0.000326038345015
2796,0.000429316080118
2797,0.0
2798,0.000569257917142
2799,0.0184961792394
2800,0.000349270058556
2801,0.0
2802,0.0003100935822
2803,0.00315713558807
2804,0.0
2805,0.0
2806,0.0
2807,0.000584369319323
2808,0.000348664633371
2809,0.0115507582496
2810,0.0
2811,0.000264085255626
2812,0.0
2813,0.00477780567455
2814,0.00316170892192
2815,0.000152322119563
2816,0.0
2817,0.000874648199232
2818,0.0
2819,0.00488683663818
2820,0.0
2821,0.00100099201511
2822,0.0135558955669
2823,0.00224943153577
2824,0.0118297131423
2825,0.0
2826,0.0
2827,0.000278733366865
2828,0.000412651769131
2829,0.0
2830,0.000275330264132
2831,0.000315659406215
2832,0.000307918810188
2833,0.0
2834,0.0529421308511
2835,0.000954224160064
2836,0.000182924709895
2837,0.0238531948743
2838,0.000546164879949
2839,0.0
2840,0.00443894714495
2841,0.0
2842,0.000441465507926
2843,0.000223817442704
2844,0.000281355491647
2845,7.81032754196e-05
2846,0.000137492216322
2847,0.00288966054579
2848,0.0
2849,8.15263510012e-05
2850,0.00165408629679
2851,0.000323372499898
2852,0.000342308967126
2853,7.18834542379e-05
2854,0.000806762680107
2855,0.000860757129677
2856,0.0
2857,0.000960631086933
2858,0.00031518122678
2859,0.00205267500556
2860,0.000326879993354
2861,0.00118439479376
2862,0.000392922862768
2863,0.00162532326946
2864,0.0
2865,0.0
2866,0.000319054884018
2867,0.00050848909408
2868,0.0
2869,0.000370181378826
2870,0.00034610794062
2871,0.000359031916208
2872,0.000372138556624
2873,0.000822939053059
2874,0.0
2875,0.000695700297611
2876,0.0
2877,0.00108060491385
2878,0.0
2879,0.0
2880,9.26078499335e-05
2881,0.00044602297495
2882,0.000501963850674
2883,0.00429757872594
2884,0.0162527693137
2885,0.000359576049738
2886,0.0
2887,0.000389979358572
2888,0.0091293344349
2889,0.00510360769008
2890,0.00848994330885
2891,0.000860205166636
2892,0.00059141203726
2893,0.0
2894,0.00465118261846
2895,0.000445850794569
2896,0.0
2897,0.00506231219733
2898,0.00173130735273
2899,0.0
2900,0.0
2901,0.000647232204062
2902,0.0011116262876
2903,0.0
2904,0.000830462549919
2905,0.00174120283328
2906,0.000482910245297
2907,0.0229168082127
2908,0.0520473700963
2909,0.0
2910,0.0
2911,0.000104473977964
2912,0.0
2913,0.00320791492266
2914,0.0653512901009
2915,0.00156760258592
2916,0.000483939042447
2917,7.05071330818e-05
2918,0.0
2919,0.0
2920,0.0
2921,0.000438963971669
2922,0.00184748122001
2923,3.91335657306e-05
2924,0.0
2925,7.47362986648e-05
2926,0.0656287700276
2927,0.000510545522181
2928,0.000465765231572
2929,0.0
2930,0.00518715942903
2931,0.000160630706624
2932,0.000235116820967
2933,0.000323180429408
2934,0.000496222668749
2935,0.000897791455429
2936,0.0034636560777
2937,5.35393282854e-05
2938,0.000117929893992
2939,0.000329584088802
2940,0.000115176974583
2941,0.000164339582381
2942,0.000127495477878
2943,0.000241523734095
2944,0.000662390252611
2945,0.000899833916694
2946,0.00218647634508
2947,0.000612855373844
2948,0.0
2949,0.000197101473837
2950,0.000102414696793
2951,0.00017051964696
2952,0.0
2953,0.0
2954,0.0140459944732
2955,0.000247202263631
2956,0.000162575311871
2957,0.000126443010178
2958,0.0386164504323
2959,0.0
2960,0.000377671046889
2961,0.0
2962,0.0014555426836
2963,0.00090092855171
2964,0.0
2965,0.0
2966,0.000962691222811
2967,0.000399703152664
2968,0.0
2969,0.0
2970,0.000828381391873
2971,0.000492279699435
2972,0.000244914891967
2973,0.0
2974,0.000323249686941
2975,0.000460173070325
2976,0.0
2977,0.000635921964583
2978,0.00033198843286
2979,0.0
2980,0.000580051644913
2981,0.0212377043998
2982,0.000674142255253
2983,0.000462900295648
2984,0.0
2985,0.000574328653986
2986,0.00127014159821
2987,0.000329268525336
2988,0.0001495301276
2989,0.000486794358526
2990,0.000538445665741
2991,0.000182779391007
2992,6.34862541138e-05
2993,0.00169938605387
2994,0.00390815967082
2995,0.0
2996,0.000540605722619
2997,0.000687395100632
2998,0.000299063341723
2999,0.0
3000,0.000325536748012
3001,0.00338755135108
3002,0.013426938289
3003,0.00769043421547
3004,0.0208341520965
3005,0.00319989069061
3006,0.0013528027313
3007,0.00284905857653
3008,0.0017948228981
3009,0.000313915192964
3010,0.000319730813443
3011,0.0003288862103
3012,0.000556219876122
3013,0.0
3014,9.49867393452e-05
3015,4.56909547162e-05
3016,0.0
3017,0.0
3018,0.000382392571116
3019,0.0
3020,0.0
3021,0.0
3022,0.000795655533118
3023,0.0
3024,0.0
3025,0.00183679002663
3026,0.000244168865853
3027,0.000681100183317
3028,0.0
3029,0.000596356497588
3030,0.00089447166495
3031,0.000301013471922
3032,0.0
3033,0.0
3034,0.000329912513356
3035,0.0116308653005
3036,0.00128039956708
3037,0.000691729112932
3038,0.0
3039,0.0
3040,0.000361594006232
3041,0.000500956796969
3042,0.0030492203481
3043,0.0069501102083
3044,0.00337477866156
3045,0.000293835524019
3046,0.00182970512955
3047,0.0
3048,0.000524404036176
3049,0.000162046527353
3050,0.0
3051,0.00200698258736
3052,0.000370992365919
3053,0.0
3054,0.000338179041384
3055,0.0
3056,0.00181324240209
3057,0.0
3058,0.000362469944297
3059,8.78770720436e-05
3060,0.0
3061,0.000686280689849
3062,0.0
3063,0.00595379344744
3064,0.0
3065,0.00200050552309
3066,0.00828922071505
3067,0.00121698130426
3068,0.0106453779983
3069,0.000670739237561
3070,0.000573570201309
3071,0.000426678913306
3072,0.00332785246263
3073,0.00139392489625
3074,0.0108342951442
3075,0.00102013664075
3076,0.000531688054555
3077,0.000348956680292
3078,0.00521028573201
3079,0.0
3080,0.000350261622295
3081,0.000355989936505
3082,0.00925276172959
3083,0.00182397652362
3084,0.00135390423296
3085,0.000605528937733
3086,0.0
3087,0.000746249215896
3088,0.00145870409772
3089,0.000398535208839
3090,0.000397997757284
3091,0.00115662836805
3092,0.00298008129263
3093,0.0
3094,0.000484198474661
3095,0.000853309263257
3096,0.000601950523044
3097,0.000628925321339
3098,0.00157722427589
3099,0.00775005886738
3100,0.000931126211003
3101,7.02718879269e-05
3102,0.0010189098574
3103,0.0
3104,0.0252595616159
3105,0.0030801302026
3106,0.0025150868905
3107,0.00106595056337
3108,0.00357979961042
3109,0.0012304274019
3110,0.000478936490425
3111,0.000466518431152
3112,0.00125391047432
3113,0.0
3114,0.00115794495607
3115,0.0744306803497
3116,0.0
3117,0.000684005688091
3118,0.00276235435015
3119,0.000507123360397
3120,0.0705449004948
3121,0.000142595137185
3122,0.00515449542462
3123,0.000765786978992
3124,0.00096478006281
3125,0.0
3126,0.000137006113401
3127,0.0
3128,8.63940536355e-05
3129,0.000181215318605
3130,0.000123462252521
3131,0.00122400898141
3132,0.000690300716949
3133,0.00123992531127
3134,0.0
3135,0.00110934003902
3136,0.00195520773746
3137,0.00136441004317
3138,0.00557113722287
3139,0.000193260396902
3140,0.0
3141,0.0
3142,0.000713660941992
3143,0.0278506129486
3144,0.021937802136
3145,0.000144645754161
3146,0.000991941213652
3147,0.00328992551606
3148,0.00116136394547
3149,0.000622555932775
3150,0.0121144509282
3151,0.00251936633449
3152,0.000109570344585
3153,0.00290152068211
3154,0.0
3155,0.0001644042091
3156,0.000368325562146
3157,0.000981058815886
3158,0.000193827864714
3159,0.000364845288631
3160,0.0
3161,0.000392345879355
3162,0.000362242989322
3163,0.0133180356972
3164,0.00112439841136
3165,0.000264299228332
3166,0.000416052600694
3167,0.000418112587881
3168,0.000412257470074
3169,0.000300342456944
3170,0.0450982843286
3171,0.000888277312256
3172,0.000524725924501
3173,0.000280805763942
3174,0.00013289594142
3175,0.0
3176,0.000604544413902
3177,0.000393164634422
3178,0.0347958810233
3179,0.000311649867254
3180,0.00209155569139
3181,0.00120664948828
3182,0.000304168323404
3183,0.000305132466727
3184,0.0
3185,0.000327941227727
3186,0.0011162336631
3187,0.0013565905241
3188,0.00127084931258
3189,0.000379309745027
3190,0.000660955091295
3191,0.000927987119543
3192,0.0
3193,0.000422273258398
3194,0.000321738649951
3195,0.000418966559787
3196,0.000318876784889
3197,0.0
3198,0.0
3199,0.000366004716106
3200,0.0
3201,0.00138762732303
3202,0.00879483006204
3203,0.0
3204,0.0
3205,0.000702144560258
3206,0.000427599634365
3207,0.00479286495427
3208,0.000679349509235
3209,0.0
3210,0.00100249451341
3211,0.000483102702129
3212,0.000413516467243
3213,0.000755948364476
3214,0.011710101925
3215,0.000993312054968
3216,0.000367196872414
3217,0.00716964087311
3218,0.000513385845306
3219,0.000388519654132
3220,0.0058516746067
3221,5.70272545692e-05
3222,0.00264466161342
3223,0.000411758049358
3224,0.000395789007192
3225,0.0
3226,0.000666347890823
3227,0.000379246961081
3228,0.0
3229,0.0
3230,0.00126321200758
3231,0.00135886267975
3232,0.000423243422496
3233,5.04767375675e-05
3234,0.0116574473931
3235,0.000438517667909
3236,0.00815243202171
3237,0.0
3238,0.000994543461736
3239,0.0
3240,0.00284486363579
3241,0.00337456173929
3242,0.000448145117028
3243,0.0014353587177
3244,0.000767362857538
3245,0.000367051575619
3246,0.00129168243257
3247,0.0
3248,0.000408137101782
3249,0.0
3250,0.0
3251,0.000438575021701
3252,0.0
3253,0.000993773016719
3254,0.000411464346137
3255,0.00385439050895
3256,0.0
3257,0.0
3258,0.00146656263497
3259,0.0
3260,0.000504287354979
3261,0.0
3262,0.000501526308605
3263,0.0
3264,0.00140431424919
3265,0.00251956325283
3266,0.0109096626095
3267,0.00131903290189
3268,0.0
3269,0.00105613655431
3270,0.00042119648762
3271,0.0
3272,0.000525685975072
3273,0.0
3274,0.00670001351976
3275,0.0140144442452
3276,0.00040385563054
3277,0.0
3278,0.0121365181058
3279,0.0
3280,0.0
3281,0.0193725401047
3282,0.000818331841555
3283,0.0
3284,5.93522682224e-05
3285,0.0
3286,0.000496175547101
3287,0.00824099974636
3288,0.00163642136913
3289,0.00040814042779
3290,0.000445469495951
3291,0.0257419910204
3292,0.0
3293,0.00600859927335
3294,0.0567912827778
3295,0.000646531183036
3296,0.00148082122267
3297,0.000274222823212
3298,0.00180830406955
3299,0.0
3300,0.004488927078
3301,0.000124884697883
3302,0.000938812772119
3303,0.0
3304,0.000557103223116
3305,0.0355377887704
3306,0.0
3307,0.000847161975608
3308,0.0
3309,0.0
3310,0.000229069559884
3311,0.0
3312,0.000490014235298
3313,0.00274483927623
3314,0.0
3315,0.00432050836709
3316,0.0
3317,0.0
3318,0.000390265776752
3319,0.000266687408368
3320,0.000804078015788
3321,0.000214055928374
3322,0.0
3323,0.0
3324,6.49713192207e-05
3325,0.000413326589831
3326,0.0250811419062
3327,0.0
3328,0.00134628175894
3329,0.00388475523098
3330,0.00105760553629
3331,0.000809421673219
3332,0.000440100240187
3333,0.00156897257143
3334,0.000912479041055
3335,0.000939641491336
3336,0.000297246242956
3337,0.000762854809999
3338,0.0
3339,0.000262163558452
3340,0.0118473827426
3341,0.00223929364206
3342,0.00318717026544
3343,0.000730790211724
3344,0.0
3345,0.034639318544
3346,0.0049042499811
3347,0.0
3348,0.000350905771064
3349,0.00239754068016
3350,0.0017074575004
3351,0.000111928311048
3352,0.0
3353,0.000520168884271
3354,0.00114189776228
3355,0.000347676813
3356,0.000344014231162
3357,0.000325717504495
3358,0.0
3359,0.034334403636
3360,0.000413588671625
3361,0.0
3362,0.0
3363,0.0
3364,0.0
3365,0.0
3366,0.00328478417155
3367,0.0
3368,0.00046274567087
3369,0.000331665802731
3370,0.0
3371,0.0
3372,0.00814005255417
3373,0.0
3374,0.000411309169934
3375,0.000849867739431
3376,0.00110314822578
3377,0.000301108788612
3378,0.000310610562825
3379,0.00114508867971
3380,0.0
3381,0.000501973203694
3382,0.0
3383,0.0152819912435
3384,0.000880782886746
3385,0.000438790064568
3386,0.00115072807144
3387,0.0
3388,0.0
3389,0.00503472442843
3390,0.00330546844746
3391,0.00133350604684
3392,0.000389968519617
3393,0.0010296507976
3394,0.000400753344875
3395,0.000522524900278
3396,0.0024927890769
3397,0.000348216301725
3398,0.00034217994118
3399,0.00207028119623
3400,0.0
3401,0.0
3402,0.0123303144915
3403,0.00110189919751
3404,0.000442544616756
3405,0.0
3406,0.00549873021193
3407,0.000821911715651
3408,0.00521518102313
3409,0.0013964154548
3410,0.000474950825746
3411,0.00080074216228
3412,0.0111890338561
3413,0.000779311238619
3414,0.0
3415,5.76501788321e-05
3416,0.000551133619942
3417,0.0568525155732
3418,0.000454622226522
3419,0.000828254137561
3420,3.93778570529e-05
3421,0.00410384805156
3422,0.00041515653875
3423,0.0
3424,0.000515136192877
3425,0.000527348511173
3426,5.8275959395e-05
3427,0.000540251451523
3428,0.00323444360206
3429,0.00096025911223
3430,0.00830883397163
3431,0.0
3432,0.00043190520832
3433,0.00480661230863
3434,0.00248129267172
3435,0.000565460962035
3436,0.0
3437,0.0
3438,0.00246239246917
3439,0.00199473494284
3440,0.0126000077744
3441,0.00175167809657
3442,0.00033337816741
3443,0.0
3444,0.000536762604197
3445,0.000543315961792
3446,0.0
3447,0.0278048241354
3448,0.000158121262108
3449,0.000717030812951
3450,0.00539357908312
3451,0.00014070247466
3452,0.000811416633474
3453,0.000840444411337
3454,0.0412192400076
3455,0.00439489937607
3456,0.0
3457,0.00253964913221
3458,0.000410807913227
3459,0.000533839471875
3460,0.000585938100142
3461,0.0
3462,0.00066734389371
3463,0.00132161582932
3464,0.00765579281788
3465,0.0
3466,0.00127489488822
3467,0.0137266786667
3468,0.0211452178073
3469,0.0
3470,0.000241225104292
3471,0.000278056743545
3472,0.00024004224532
3473,0.000268862140876
3474,0.0
3475,0.0
3476,0.0
3477,0.0
3478,0.000601235798025
3479,0.000868052874813
3480,0.000629166480952
3481,0.0397603183637
3482,0.000635797044872
3483,0.000375595278137
3484,0.000281009563232
3485,0.0
3486,0.0
3487,0.00950293717259
3488,0.0
3489,0.000306316390119
3490,0.0
3491,0.00105834339936
3492,0.00326231887995
3493,0.000256301245058
3494,0.0
3495,0.000323456232084
3496,0.000388918174423
3497,0.000686433863352
3498,0.00031068709724
3499,0.0
3500,0.0392430035058
3501,0.013011150096
3502,0.0172297090861
3503,0.000280137918827
3504,0.000874660966648
3505,0.00057905955186
3506,0.00129458746323
3507,0.0390423341621
3508,0.0239756697652
3509,0.000336754348322
3510,0.000487148060777
3511,0.00360861558651
3512,0.000272673837244
3513,0.0
3514,0.0
3515,0.00240383262941
3516,0.0
3517,0.0
3518,4.44305445937e-05
3519,0.0
3520,0.000383717486589
3521,0.000537643958657
3522,0.000450035971689
3523,0.0
3524,0.00024530323142
3525,0.000271892220131
3526,0.00276634676066
3527,0.031075836491
3528,0.000320208303418
3529,0.000145489655625
3530,0.0
3531,0.00032963853968
3532,0.0
3533,0.00049246786189
3534,0.0
3535,0.000620099665769
3536,0.0
3537,0.000197586391237
3538,0.0109473929462
3539,0.0424115943816
3540,0.0
3541,8.5412745634e-05
3542,0.0
3543,0.000111971285516
3544,0.000167681376547
3545,0.00113243032575
3546,0.0
3547,0.000125067648619
3548,0.0
3549,0.000301756628896
3550,0.000146580792321
3551,0.00405661250091
3552,0.000271239812419
3553,0.000526033270379
3554,0.000352722961746
3555,0.0
3556,0.000136258365952
3557,0.00209241938459
3558,0.000372509534302
3559,0.000163694846017
3560,0.00467479817875
3561,0.0
3562,0.000144904409869
3563,0.0
3564,0.00118638403656
3565,0.000145281328304
3566,7.53976094132e-05
3567,0.00392048203663
3568,0.00112092089839
3569,0.000256944459696
3570,0.0
3571,0.000185642947177
3572,0.0
3573,0.0
3574,0.0
3575,0.000993876683223
3576,0.0
3577,0.00294148666745
3578,0.000108274499551
3579,0.000231160959823
3580,0.0
3581,0.00813123812759
3582,0.00023145206779
3583,0.0
3584,0.0
3585,0.000812858746146
3586,0.0
3587,0.00305256727778
3588,0.00128650606498
3589,0.000261237052899
3590,0.000417913811324
3591,0.0
3592,0.00439408381368
3593,0.000234990892346
3594,0.0
3595,0.000519383080418
3596,0.000287106104603
3597,0.0
3598,0.00910410234075
3599,0.000314355991851
3600,0.00100887756418
3601,0.00021365897158
3602,0.000475286585687
3603,0.00295827495862
3604,0.000376389291879
3605,0.00022302918169
3606,0.0
3607,0.000773169802823
3608,0.0
3609,0.00031266995589
3610,0.0
3611,0.000605184747542
3612,0.00068719673671
3613,0.000351751134497
3614,0.00100353883798
3615,0.000237584186651
3616,0.00798587030155
3617,0.0
3618,0.000294843734486
3619,0.0
3620,0.0015575507627
3621,0.000313670847924
3622,0.000766738454209
3623,0.000380910221772
3624,0.000349982109833
3625,0.000284353154883
3626,0.000538294570579
3627,0.000290872435093
3628,0.00484185090281
3629,0.0163727114875
3630,0.0
3631,0.00103592656785
3632,0.000103612553687
3633,0.00025073175674
3634,0.0
3635,0.00104318778099
3636,0.0
3637,0.000807507554505
3638,0.0196550871157
3639,0.00090631159191
3640,0.00331110133657
3641,0.0
3642,0.000716341410264
3643,0.0
3644,0.000900194274717
3645,0.00149982353084
3646,0.012433194879
3647,0.0
3648,0.000347161896538
3649,0.0
3650,0.000560442497025
3651,0.0
3652,0.000289955460168
3653,0.00524158205953
3654,0.000708868782513
3655,0.0
3656,0.0
3657,0.0
3658,0.000511993899753
3659,0.0
3660,0.000778533564627
3661,0.0135660174931
3662,0.00252316530965
3663,0.000726331758663
3664,0.0
3665,0.0
3666,0.000472456412584
3667,0.000246622382804
3668,0.000542616676515
3669,0.000345140423905
3670,0.00224610782755
3671,0.0
3672,0.000411989510922
3673,0.000625587332129
3674,0.0
3675,0.0
3676,0.0
3677,0.000358349906696
3678,0.0132669486327
3679,0.000359577526652
3680,0.000652553530641
3681,0.0260290986331
3682,0.0
3683,0.000367568045859
3684,0.0
3685,0.0
3686,0.000629917005975
3687,0.000569666655589
3688,0.000397274566181
3689,0.000320316780834
3690,0.000725621191785
3691,0.00066219428372
3692,0.00440307188231
3693,0.0208924656451
3694,0.00698179566102
3695,0.000364694045278
3696,0.000941507495683
3697,0.000340222477089
3698,0.00242259761239
3699,0.00130962169052
3700,0.000965540182402
3701,0.0
3702,0.000902226271972
3703,0.000404813705202
3704,0.0
3705,0.00110546088311
3706,0.000350287517951
3707,0.000779329529503
3708,0.000801393843088
3709,5.66944682721e-05
3710,0.000452602162521
3711,0.00168374299955
3712,0.0
3713,0.0
3714,0.0004270724677
3715,0.000395111053204
3716,0.0
3717,0.000422402828182
3718,0.0
3719,0.000778226129374
3720,0.00608536936509
3721,0.00832619314666
3722,0.000804586455191
3723,0.0620524029577
3724,0.00276061352676
3725,0.000798563627083
3726,0.000348375402901
3727,0.000412604227277
3728,0.0
3729,0.00094783165639
3730,0.0
3731,0.0966868653029
3732,0.00579282442064
3733,0.000141401853666
3734,0.000771586264523
3735,0.000189967094227
3736,0.0
3737,0.000420225712755
3738,0.000722013729202
3739,0.000108819695801
3740,0.000418302383974
3741,0.000114901031079
3742,9.75971353396e-05
3743,0.0
3744,0.000118409663139
3745,0.002907533321
3746,0.0
3747,0.000172852380147
3748,0.000341801860622
3749,0.0
3750,0.00155478327518
3751,0.0004321314748
3752,0.0
3753,0.000169300606603
3754,0.000256023575564
3755,0.000138393259572
3756,0.0
3757,0.00014256318917
3758,0.0219170407935
3759,0.0040341197436
3760,0.00333930307902
3761,0.000476080176457
3762,0.00049897799613
3763,0.000163587385034
3764,0.0
3765,0.0
3766,8.85305721732e-05
3767,0.000154780824202
3768,0.0
3769,0.00110482044204
3770,0.000260453273622
3771,0.0
3772,0.000461645942557
3773,0.0
3774,0.00086637166194
3775,0.000316601694633
3776,0.000124503061554
3777,4.58512167651e-05
3778,0.000333092870287
3779,0.0
3780,0.000385070549991
3781,0.0
3782,0.0
3783,0.000296907979002
3784,0.0
3785,0.000213908472323
3786,0.0
3787,0.000886600485258
3788,0.0
3789,0.000146013465394
3790,0.0
3791,0.018102490648
3792,0.00113962760357
3793,0.000452518171514
3794,0.000811564029982
3795,0.0
3796,0.0
3797,0.000674450118204
3798,7.00376098588e-05
3799,0.0
3800,0.0
3801,0.00140916946634
3802,0.000244762350678
3803,0.011445756618
3804,0.000385339199209
3805,0.0002852090193
3806,0.0
3807,0.0
3808,0.0
3809,0.00103941530246
3810,0.0
3811,0.000205019258099
3812,0.0121898309635
3813,0.0
3814,0.0
3815,0.0
3816,0.000882695181534
3817,0.000140498991187
3818,0.00114829341493
3819,0.00180069048797
3820,0.0
3821,0.0
3822,0.000755884192618
3823,0.000401926177472
3824,0.0
3825,0.000269018718754
3826,0.000110186271306
3827,0.000222935485775
3828,0.0108683529668
3829,0.000809196239207
3830,0.000468288487822
3831,0.0
3832,0.014446708749
3833,0.0115056230017
3834,0.0
3835,0.000323485434923
3836,0.00290049458704
3837,0.00166130236205
3838,0.000496913281608
3839,0.00209078279801
3840,0.0
3841,0.00066275945946
3842,4.15414102966e-05
3843,0.00643454114585
3844,0.000255029150626
3845,0.0
3846,0.000416336112826
3847,0.0
3848,0.00116941504422
3849,0.00446755829301
3850,0.0146097390351
3851,0.0
3852,0.0
3853,0.000337670333606
3854,0.000550827678
3855,0.000336642404581
3856,0.000303789001176
3857,0.00439627470157
3858,0.00029475294259
3859,0.000285830750136
3860,0.00679384346356
3861,0.000583437168288
3862,0.00131074479722
3863,0.0
3864,0.000253477979507
3865,0.0
3866,0.00123732277362
3867,0.000318961278007
3868,0.000319197740609
3869,0.000967847249983
3870,0.000333947030342
3871,0.00088261656862
3872,0.00538345063088
3873,0.000544061004208
3874,0.000309680325917
3875,0.0
3876,0.010678096105
3877,0.000296002994681
3878,0.00460110466244
3879,0.0
3880,0.000336919277009
3881,0.0
3882,0.000859915974091
3883,4.72285079849e-05
3884,0.0
3885,0.00102748125841
3886,0.0144871701273
3887,0.0883387105235
3888,0.000273628962889
3889,0.000137335639722
3890,0.000345082069123
3891,0.00618009590008
3892,8.05506347241e-05
3893,0.000372659517088
3894,0.000224756454329
3895,0.000415100751766
3896,0.0
3897,0.0
3898,0.000640364168607
3899,0.0
3900,0.000339426094038
3901,0.000388127945132
3902,7.91417663919e-05
3903,0.00117237840016
3904,0.000340807174187
3905,0.0
3906,0.00470632147361
3907,0.00364198904782
3908,3.94199503142e-05
3909,0.000716588611075
3910,0.00107367909575
3911,0.000122850336168
3912,0.000402066888371
3913,0.000119860862817
3914,8.59240129545e-05
3915,0.00141685502246
3916,0.0
3917,0.0130528028524
3918,0.0
3919,0.000842024395447
3920,0.000110869597025
3921,0.0245184395602
3922,0.000638522638416
3923,0.0160902432411
3924,0.000677258514723
3925,0.000322318698704
3926,0.00156867694576
3927,0.000770106795723
3928,0.0
3929,0.0
3930,0.0
3931,0.0
3932,0.000390216941353
3933,5.85943678066e-05
3934,0.0104912591941
3935,0.0
3936,9.56412863302e-05
3937,0.0
3938,0.035641929097
3939,0.0
3940,0.00238068312941
3941,0.0
3942,0.0225568482907
3943,0.000111162514785
3944,0.000188399402651
3945,0.000255575180728
3946,0.00032158021494
3947,0.00240595420866
3948,0.0001074789551
3949,0.000121330194382
3950,5.49524894375e-05
3951,0.000584243198032
3952,0.0046314369996
3953,0.000105118625232
3954,0.000111599197144
3955,0.000927044131221
3956,7.21997820383e-05
3957,0.000591666185957
3958,0.000670675195023
3959,0.000529096031514
3960,0.000397574102554
3961,0.00342140031132
3962,0.026301549391
3963,0.000165434122006
3964,0.00019150494991
3965,0.000472950431151
3966,0.00282194743269
3967,0.000526596171301
3968,0.00013644681996
3969,0.0103635236293
3970,0.000106417250612
3971,0.000971315044421
3972,0.00544666186281
3973,0.00584206559647
3974,0.000180471510409
3975,0.000251631017482
3976,0.0
3977,0.000164119814923
3978,0.0
3979,0.00594803851788
3980,0.00205790273298
3981,0.000143523244313
3982,0.000187987461299
3983,0.00144121791931
3984,0.0
3985,0.000171805624409
3986,0.00231526320112
3987,0.00017886348271
3988,0.000417862353328
3989,0.000433106082214
3990,0.00118233479383
3991,0.0
3992,0.000655269906574
3993,0.000507227008987
3994,0.000335432583319
3995,6.56835826933e-05
3996,0.000644004095479
3997,0.000504481882416
3998,0.000228051374407
3999,0.00140967282443
4000,0.00219959517398
4001,0.000550759033737
4002,0.00628606683243
4003,0.00484843879366
4004,0.000237192955154
4005,0.0
4006,0.00372767096706
4007,0.000478743991987
4008,0.0
4009,0.000797534790665
4010,0.0
4011,0.000233417995728
4012,0.000253206490529
4013,0.00349319832501
4014,0.000283958659137
4015,5.76228637614e-05
4016,0.000596257143951
4017,0.000537156165724
4018,0.000231659932862
4019,0.0
4020,8.30663512832e-05
4021,0.00207454489993
4022,0.000305821455225
4023,0.000846125084652
4024,0.000624932866538
4025,0.0
4026,0.00259076778778
4027,0.00628483743957
4028,0.00289381475108
4029,0.000505565164509
4030,0.000252912757725
4031,0.000228412395861
4032,0.00107114714587
4033,0.0011846103185
4034,0.000543069102807
4035,0.00031875164225
4036,0.0130119082843
4037,0.0
4038,0.00076643290919
4039,0.00259481574789
4040,0.00027294569379
4041,0.00261501105319
4042,0.000293546473901
4043,0.0
4044,0.0
4045,0.0
4046,0.000734606177327
4047,0.0
4048,6.54269310165e-05
4049,0.00058875682714
4050,0.0
4051,0.00352076376378
4052,0.00119353819709
4053,0.0570433531819
4054,0.000244180811055
4055,0.00028040212973
4056,6.03374353538e-05
4057,0.0
4058,0.000320973546041
4059,0.000628345959328
4060,0.000254721772281
4061,0.0
4062,0.00260733945643
4063,7.7657969654e-05
4064,0.000133726537288
4065,0.000249327556096
4066,0.0
4067,0.00609310712808
4068,0.00125726386367
4069,0.00288173420297
4070,0.00129607176599
4071,0.000371865751115
4072,0.000592195489011
4073,0.000275263146939
4074,0.0
4075,0.0
4076,0.0
4077,5.69006962414e-05
4078,0.00709702827952
4079,0.00455811882261
4080,0.000302317240534
4081,6.300477791e-05
4082,0.00139861087108
4083,0.0
4084,0.00151204702799
4085,0.0
4086,0.000317351955729
4087,0.00424558293177
4088,0.00612689292596
4089,0.0
4090,0.000317648844128
4091,7.00554805797e-05
4092,0.000333087797226
4093,8.71328344076e-05
4094,0.0
4095,0.0165341711403
4096,0.00014090995228
4097,0.000577332814089
4098,0.00244588304577
4099,0.0
4100,0.000781559672751
4101,0.0
4102,0.00938295538513
4103,0.0
4104,0.000645282812743
4105,0.0120626364381
4106,8.52038988284e-05
4107,0.000342668560365
4108,0.000312986768918
4109,0.0
4110,0.0
4111,0.000288808322281
4112,0.0
4113,0.000607092092494
4114,0.00219976101853
4115,0.000403957336137
4116,0.000161541930443
4117,0.00034977787145
4118,0.0
4119,0.0154117361094
4120,0.0
4121,0.00152770542716
4122,0.0
4123,0.0211785469134
4124,0.000467566156715
4125,0.0
4126,0.0
4127,0.000544832337864
4128,0.000480848797237
4129,0.000403745853333
4130,0.000261131284353
4131,0.000395682611197
4132,0.00520836220354
4133,0.000331917807703
4134,0.0
4135,0.000281895895211
4136,0.000235607716136
4137,0.000800702411329
4138,0.00023575344396
4139,0.0
4140,0.0
4141,0.00388712153528
4142,0.000790853787185
4143,0.000583658040791
4144,0.000521786740056
4145,0.000453059130309
4146,0.0
4147,0.00862746475986
4148,0.0
4149,0.00091361591188
4150,0.0
4151,0.000619598226694
4152,0.000334443323752
4153,0.000987778049956
4154,0.0
4155,0.000439564853964
4156,0.0
4157,0.0109406800337
4158,0.000598653842619
4159,0.0155289515655
4160,0.0
4161,0.000504128878014
4162,0.000373027150733
4163,0.00102662450975
4164,0.00724840999061
4165,0.0
4166,0.00963144814127
4167,0.0
4168,0.000270693025271
4169,0.000363595770064
4170,0.0
4171,0.00285814431219
4172,0.0238611052793
4173,0.0
4174,0.0
4175,0.00240952249747
4176,0.000300768471019
4177,0.0
4178,0.000306436614516
4179,0.000405266250063
4180,0.00762332711927
4181,0.000777830292049
4182,0.000388387072043
4183,0.00045875116951
4184,0.00020354636729
4185,0.0213424070144
4186,0.000226040212688
4187,0.000460148161618
4188,0.0338842036447
4189,0.000159049541276
4190,0.0
4191,0.00100912438212
4192,0.000505432882419
4193,0.00295516449828
4194,0.0
4195,0.000731339656896
4196,0.0
4197,0.000372768567027
4198,0.0
4199,0.000223558347762
4200,0.00135841643295
4201,0.0
4202,4.7060979492e-05
4203,0.000446673081297
4204,0.000227845841137
4205,0.0
4206,0.000603550858998
4207,0.000294621081106
4208,0.0
4209,0.00803443387325
4210,0.0112678967451
4211,0.00119705187922
4212,0.0
4213,0.000268649847983
4214,0.0
4215,0.000874129471974
4216,0.0047627329216
4217,0.0114741185373
4218,0.000680954602507
4219,0.00266591823482
4220,0.000618547430171
4221,0.0
4222,0.00114516981692
4223,0.00163543912612
4224,0.000242225259253
4225,0.00168933641207
4226,0.00185263766097
4227,0.000299319322459
4228,0.00165709481239
4229,0.000341157184371
4230,0.00662545359773
4231,0.000261858465739
4232,0.0
4233,0.00339577590474
4234,0.000490491235855
4235,0.00789417579973
4236,3.92753539078e-05
4237,0.0102758160589
4238,0.000263515620906
4239,0.0
4240,0.000307924214474
4241,0.0
4242,0.0119613180147
4243,0.000228609791898
4244,0.0
4245,0.00778433307792
4246,0.000266704722941
4247,0.00114097052838
4248,0.000228444475753
4249,0.0
4250,0.00634600869788
4251,0.0
4252,0.000254454771514
4253,0.00204038416522
4254,0.000275443783971
4255,0.000646230319322
4256,0.000458504182191
4257,0.00151876229694
4258,0.000455467656979
4259,0.000214263774646
4260,0.00041011781206
4261,0.0
4262,0.000918739301793
4263,0.00287915293232
4264,0.0149879460142
4265,0.000517711456513
4266,0.000252148697226
4267,0.00141306471615
4268,0.0
4269,0.000902772684344
4270,0.000492297566057
4271,0.000524987118191
4272,0.000257723154985
4273,0.000936758488265
4274,0.000548159121134
4275,0.0
4276,0.00123426449394
4277,0.000526270716633
4278,0.00489562106047
4279,0.00026343599533
4280,0.000360972640581
4281,0.000445275663915
4282,0.0011262339789
4283,0.0
4284,0.00605091170782
4285,0.000901302238014
4286,0.0
4287,0.000288304417424
4288,0.00145274684979
4289,0.000343358142366
4290,0.000306787629756
4291,0.000360603243357
4292,0.000302269896657
4293,0.00035513129225
4294,0.000366716461992
4295,0.0088417792866
4296,0.00131339965809
4297,0.00259380803168
4298,0.000578265095417
4299,0.00467904408271
4300,0.000276837627075
4301,0.0
4302,0.000335604387391
4303,0.010203356905
4304,0.0
4305,0.000381555323541
4306,0.000775978676624
4307,0.0405065078162
4308,0.00202557345514
4309,0.00028745437106
4310,0.000271191213159
4311,0.000741975537995
4312,0.0
4313,0.00234862467381
4314,0.0272481343913
4315,0.000301646088437
4316,0.000628180994076
4317,0.000360495339782
4318,0.000311206502819
4319,0.000312164073057
4320,0.0
4321,0.0160435903295
4322,0.000634944955697
4323,0.000121863625889
4324,0.000895559956525
4325,0.00463886161804
4326,0.000126001728515
4327,0.000114961364396
4328,0.0
4329,0.000324106346218
4330,0.000345293039917
4331,0.000499028206005
4332,0.000117762924412
4333,0.000404566658883
4334,0.0
4335,0.0053256735946
4336,0.000400539061876
4337,0.000567465445946
4338,0.000644792832612
4339,0.0
4340,0.000611750631861
4341,0.0
4342,0.000114860777062
4343,0.000308777148843
4344,0.0261916031193
4345,0.0
4346,0.00034970129086
4347,0.0347714439113
4348,0.0
4349,0.000379844195449
4350,0.0
4351,0.000355447911232
4352,6.28251894326e-05
4353,0.0
4354,0.0
4355,0.0
4356,0.0
4357,0.00377875998057
4358,0.000313556349207
4359,0.000172646083675
4360,0.00118229490133
4361,0.000496452392318
4362,0.00021178152874
4363,4.1839132185e-05
4364,0.0
4365,0.000244076075882
4366,3.92234855751e-05
4367,0.0135965963186
4368,0.0
4369,0.00244722607066
4370,0.0
4371,0.000592225285763
4372,0.00019959159645
4373,0.00406987345001
4374,0.0
4375,0.000929064521324
4376,0.00352100609466
4377,0.0
4378,0.0
4379,0.000304079043557
4380,0.0
4381,0.0118242402583
4382,0.0
4383,0.0
4384,0.0
4385,0.0
4386,0.00290146097087
4387,0.00194921555235
4388,0.0012770004227
4389,0.0309284128456
4390,0.000542809975501
4391,0.00045929378188
4392,0.000937195045466
4393,0.000211171961439
4394,0.000332494696516
4395,9.73160526225e-05
4396,0.000327174418106
4397,0.0
4398,0.0
4399,0.000359563409488
4400,0.000290835876819
4401,0.00152586251168
4402,0.0
4403,0.0115368449719
4404,0.000935319689397
4405,0.0
4406,6.19968019882e-05
4407,0.00392072731667
4408,0.00237754167837
4409,0.0127690927218
4410,0.000390847094664
4411,0.0
4412,0.000205813076666
4413,0.000224481780331
4414,0.000193597609532
4415,0.000205512897844
4416,0.00176442855622
4417,0.00299898998052
4418,0.000242272618316
4419,0.00144548179078
4420,0.00190361664513
4421,0.000771939706074
4422,0.00121470044229
4423,0.0
4424,0.0
4425,0.0023939149805
4426,0.000411202612643
4427,0.000249520477591
4428,0.000456872910371
4429,0.000771825073143
4430,0.00187438030956
4431,0.000285632490347
4432,0.0
4433,0.0
4434,0.00552437840629
4435,0.000664766563539
4436,0.0398825812378
4437,0.0524345681707
4438,0.0
4439,0.0553258410425
4440,0.000124746834899
4441,0.0
4442,8.50287331144e-05
4443,0.000123311462775
4444,0.00093726384072
4445,0.00032257492696
4446,0.00055227116494
4447,0.000552890792294
4448,9.61937390458e-05
4449,0.0
4450,0.0106219277606
4451,0.0
4452,0.00020648553038
4453,3.93111830399e-05
4454,0.0
4455,0.000183691702076
4456,0.0
4457,0.000186027564395
4458,0.0
4459,0.00210101052521
4460,0.0158055144407
4461,0.0123584304331
4462,0.00290037579088
4463,0.00340513702982
4464,0.000424866554455
4465,0.0
4466,4.12131026652e-05
4467,0.00210673339232
4468,0.00153410615094
4469,0.0
4470,0.000211190994998
4471,0.0
4472,6.32305274846e-05
4473,0.000220363105445
4474,0.000519140101925
4475,0.000145845365708
4476,0.0022019108686
4477,0.000253123668378
4478,0.0
4479,0.000147034453484
4480,0.000283101934335
4481,0.00177700949378
4482,0.000434703895133
4483,0.031121193808
4484,0.00140220797697
4485,0.0
4486,0.000119522884499
4487,0.000125782068563
4488,0.000444660707077
4489,0.0
4490,0.00325908056147
4491,0.000802984294431
4492,6.95183231447e-05
4493,0.000328509220356
4494,0.000214033203294
4495,0.000222048496416
4496,0.000156950328
4497,0.0
4498,0.000300539860748
4499,8.44074684281e-05
4500,0.0
4501,0.000174251123564
4502,0.00043185413016
4503,0.000142082571355
4504,0.0
4505,0.0
4506,0.000336108023765
4507,0.0
4508,0.0121189337675
4509,4.17293296828e-05
4510,0.000203067937701
4511,0.000512177817226
4512,0.00158794641402
4513,0.0140900098287
4514,0.0
4515,0.001783872089
4516,0.0
4517,0.000181993728027
4518,0.000602168950917
4519,0.000562400802592
4520,0.00151453966352
4521,0.000193867609331
4522,3.95284234336e-05
4523,0.000125015963643
4524,7.27904013678e-05
4525,0.0
4526,0.00295178686872
4527,0.00130502114418
4528,0.000680956873921
4529,0.000390224599163
4530,0.0
4531,0.000541281412334
4532,0.0
4533,0.000471478887134
4534,0.0140060825113
4535,0.000335972029496
4536,0.0
4537,0.000148539294019
4538,0.000239352282867
4539,0.0232513715218
4540,9.844525795e-05
4541,0.0
4542,0.000152858837973
4543,0.0
4544,0.000144439082718
4545,9.06959508629e-05
4546,0.000113201405484
4547,0.000116016007481
4548,0.0
4549,0.000495171234901
4550,0.000285913008534
4551,0.000225381668728
4552,0.000188028131208
4553,0.000113445690846
4554,0.000128663695618
4555,0.000586504705191
4556,0.0
4557,0.0
4558,0.000272453611167
4559,0.00375216086607
4560,0.0
4561,0.0
4562,0.000307077520874
4563,4.53396709341e-05
4564,0.0
4565,0.00043663039586
4566,0.000195394968231
4567,0.000256293627972
4568,0.0
4569,0.0
4570,0.0140987879893
4571,0.0
4572,0.000245905408918
4573,0.00076921892681
4574,0.000249021650503
4575,0.0
4576,0.0266834492517
4577,0.00184246978331
4578,0.000113295795373
4579,0.0147621474209
4580,0.00347570132725
4581,0.000480035329669
4582,0.000347888710613
4583,0.000209091341276
4584,4.94868907768e-05
4585,0.000180687204345
4586,0.0
4587,0.000408394083361
4588,0.000368030326107
4589,0.000161178604885
4590,0.000373215732917
4591,0.0
4592,0.0254481059757
4593,0.000429174162346
4594,0.0
4595,0.000241466948101
4596,0.000372845353189
4597,0.000713928551439
4598,0.000736841606754
4599,0.0
4600,0.0014723993901
4601,0.0
4602,0.000381486580147
4603,0.0
4604,0.0
4605,0.0
4606,0.0
4607,0.000792133851955
4608,0.0
4609,0.000722164585945
4610,0.0
4611,0.000695920427252
4612,0.000260429802216
4613,0.000393396928679
4614,0.000421037901404
4615,0.000222179892485
4616,0.00027252848155
4617,0.000622899754795
4618,0.000290732940311
4619,0.000291526888546
4620,0.000502542479858
4621,0.0
4622,0.00158779801041
4623,0.000244900511969
4624,0.000509982671919
4625,0.000314113114227
4626,0.0
4627,0.0116044440107
4628,0.000464731363466
4629,0.00737342366139
4630,0.0103154374822
4631,0.00638198345389
4632,0.0
4633,0.000823222950032
4634,0.000521421565901
4635,0.000693211141204
4636,0.0
4637,0.000289402943356
4638,0.00036014666445
4639,0.000216964006427
4640,0.00600803456613
4641,0.00027865711088
4642,0.0
4643,0.000387384217247
4644,0.000206362068152
4645,0.000328020232537
4646,0.00217454093704
4647,4.81624818924e-05
4648,0.0
4649,0.0
4650,0.000287217539568
4651,0.000834515008741
4652,0.000631650390762
4653,0.00283923549777
4654,0.0
4655,0.0
4656,0.00135923105318
4657,0.000327063183292
4658,0.000636685224702
4659,0.0
4660,0.00028560595663
4661,0.0
4662,0.0
4663,0.000264061897486
4664,0.0
4665,0.0
4666,0.00114958565098
4667,0.000794553252938
4668,0.000395155184783
4669,9.24274553191e-05
4670,0.00030388069877
4671,0.0
4672,0.0
4673,0.000124753159038
4674,0.000238211433859
4675,0.000346696058239
4676,0.000332308912035
4677,0.00155502103012
4678,0.000771771621899
4679,0.00608574618583
4680,0.000260567862093
4681,0.000582640734761
4682,0.0
4683,0.0
4684,0.00796731626861
4685,0.000843814630689
4686,0.000346943607741
4687,0.0
4688,0.00307871737871
4689,0.00390167630936
4690,5.96806802955e-05
4691,0.000355014794433
4692,0.000267068169901
4693,0.000888538718466
4694,0.0
4695,0.00394603202731
4696,0.000319036807921
4697,0.000965366614341
4698,0.000346269948814
4699,0.00537753124406
4700,0.000296133581474
4701,0.0
4702,0.000781735017791
4703,0.0
4704,0.0
4705,0.00140532331397
4706,0.00184992806089
4707,0.0
4708,0.000395259841808
4709,0.000593100745191
4710,0.000359478398331
4711,0.0066996516228
4712,0.000659619132905
4713,0.0014578555067
4714,0.00143438428178
4715,0.000417165023466
4716,0.0
4717,0.000655918381579
4718,0.00078670557858
4719,0.000884332146772
4720,0.000320733954236
4721,0.00179313428425
4722,0.00122901464217
4723,0.0105128540243
4724,0.000369076201354
4725,0.0
4726,0.0
4727,0.0
4728,0.000752291104399
4729,0.0
4730,0.00400301131131
4731,0.0164177176704
4732,0.000801900075151
4733,0.000372070512724
4734,0.00151499608023
4735,0.000382249107796
4736,0.0
4737,0.0
4738,0.0
4739,0.000432722043426
4740,0.0
4741,0.00322758062023
4742,0.000696645377233
4743,0.000405332255144
4744,0.000451941008812
4745,0.0
4746,0.000456584401067
4747,0.0
4748,0.0
4749,0.0
4750,0.000376351062902
4751,0.0
4752,0.0185561448634
4753,0.0
4754,0.000377449129726
4755,0.000721640251628
4756,0.000631047718035
4757,0.0
4758,0.000369483119496
4759,0.000373756948704
4760,0.000787300917249
4761,8.15741058875e-05
4762,0.00147660247137
4763,0.0
4764,0.000372052172608
4765,0.00112650354889
4766,0.000835457485634
4767,0.000384912814392
4768,0.00284555397425
4769,0.0
4770,0.018302706999
4771,0.0
4772,0.0
4773,0.00292593433419
4774,0.00343279451088
4775,0.0
4776,0.000475140036762
4777,0.0
4778,0.0
4779,0.0
4780,0.000885845742945
4781,0.0
4782,0.0
4783,0.00103487158479
4784,0.000443554448917
4785,0.000246840889567
4786,0.0367475870214
4787,0.000288921518454
4788,0.0
4789,0.0
4790,0.000109178941309
4791,0.0099762173033
4792,0.0
4793,0.000487313413133
4794,0.0
4795,0.000769332167248
4796,0.0
4797,0.000403461289529
4798,0.0
4799,0.00706387857916
4800,0.0
4801,0.00140087095801
4802,0.00775844153964
4803,0.0361674453034
4804,0.0191166322888
4805,0.000209801747565
4806,0.0
4807,0.00159613667743
4808,0.0028515430961
4809,0.000505662493798
4810,0.000237947714289
4811,0.00196867177407
4812,0.000225360202235
4813,5.13515292369e-05
4814,0.00097948024991
4815,0.0
4816,0.0
4817,3.9163093156e-05
4818,0.0
4819,0.000235629460997
4820,0.000220765304634
4821,0.0
4822,0.0307225248466
4823,0.00125032164427
4824,0.000532579352808
4825,0.00141559826979
4826,0.0
4827,0.00189173858108
4828,0.000243239430378
4829,0.000528542342983
4830,0.000395082933024
4831,0.000966589432333
4832,0.00029511139201
4833,0.00307652823435
4834,0.000240740505576
4835,0.0
4836,0.000834320280556
4837,0.000319066119276
4838,0.000402008402485
4839,0.000291522069448
4840,0.0004257400063
4841,0.000372504868243
4842,0.0
4843,0.0
4844,0.0
4845,0.01079896815
4846,0.0
4847,0.000359090913
4848,0.0
4849,0.00104290360413
4850,0.0
4851,0.000269068601201
4852,0.000510981642541
4853,0.000325936343586
4854,0.000365468634447
4855,0.0
4856,0.00103416310608
4857,0.00118293416976
4858,0.0
4859,0.000931347297743
4860,0.0
4861,0.00106570891653
4862,0.000321871084944
4863,0.00579665335289
4864,0.000375765654227
4865,0.000385868348963
4866,0.00502790807712
4867,0.000542714578756
4868,0.0
4869,0.000812902912056
4870,0.000372263149823
4871,0.0
4872,0.0
4873,0.0012334337259
4874,0.000309611717562
4875,0.000787763736089
4876,0.0
4877,0.0
4878,0.0107087702412
4879,0.00305424541553
4880,0.000310635707343
4881,0.000890760655727
4882,0.000340168065572
4883,0.00112858413098
4884,0.00108030329218
4885,0.0
4886,0.0
4887,0.00026144218922
4888,0.000377220850877
4889,0.0
4890,0.000599532080364
4891,0.00558402055219
4892,0.000430386398801
4893,0.000627760916783
4894,0.000918469898625
4895,0.0
4896,0.00174845529193
4897,0.000310147545041
4898,0.000408383880808
4899,0.000699309089615
4900,0.00828329181542
4901,0.000268582179114
4902,0.000382310778897
4903,0.000692169110888
4904,0.0
4905,0.0
4906,0.000586298958236
4907,0.000772782156402
4908,0.0
4909,0.000371838109718
4910,0.000731319400758
4911,0.000796109395087
4912,0.000614060691397
4913,0.000840144960661
4914,0.000675465688666
4915,0.00134464269466
4916,0.000347000362683
4917,0.0
4918,0.000401091380341
4919,0.00261510497691
4920,0.000770016262307
4921,0.000450451404402
4922,0.00140966948937
4923,0.000457328936846
4924,0.000402822374017
4925,0.000522706421325
4926,0.000436673607804
4927,0.00118965667706
4928,0.0
4929,0.00282501352853
4930,0.0
4931,0.000395733702038
4932,0.00237781533568
4933,0.0108379743311
4934,0.00413356883557
4935,0.000458100454741
4936,0.0
4937,6.88204124071e-05
4938,0.00124251197023
4939,0.0
4940,0.0
4941,0.0
4942,0.00032940886733
4943,0.0
4944,0.000710419673568
4945,0.00576575474251
4946,0.00086729269234
4947,0.0425230766478
4948,0.00270720350652
4949,0.00195481410299
4950,0.0
4951,0.00360033177072
4952,0.0002793462564
4953,0.0013954518444
4954,0.000444650611372
4955,0.000277278682308
4956,0.0
4957,0.0
4958,0.000251071304127
4959,4.18292598217e-05
4960,0.000629204265021
4961,0.000378230971678
4962,0.000538161790586
4963,0.000365849937576
4964,0.000216386818982
4965,0.000438411390019
4966,0.0
4967,0.0011349272797
4968,0.00112033569861
4969,0.000427714273076
4970,0.0
4971,0.000445901516007
4972,0.0168401870604
4973,0.00173603388191
4974,0.000566215600582
4975,0.0
4976,0.0
4977,0.0
4978,0.00190640432924
4979,0.000256798822773
4980,0.00067738437152
4981,0.000426134696823
4982,0.000604833421439
4983,7.75640870581e-05
4984,0.000310143971406
4985,0.000300424074887
4986,0.0
4987,0.000620509707882
4988,0.0
4989,4.5287814288e-05
4990,0.00548576718711
4991,0.00212462667344
4992,0.000833133851745
4993,0.00100341383359
4994,0.000367841017126
4995,0.00581030849079
4996,0.0011810277555
4997,0.000916865841901
4998,0.0
4999,0.000743121043295
