0,0.470855536037
1,2.88604434557
2,0.0
3,0.0833333333333
4,1.99173204503
5,0.0
6,0.0
7,0.0155356682817
8,0.0
9,12.374769428
10,0.479788207435
11,0.0
12,0.108749182933
13,0.0
14,1.03910299954
15,0.403840555225
16,1.92257771659
17,0.339055109824
18,17.5125618046
19,1.55428211647
20,0.0
21,0.740382525195
22,0.155537861211
23,1.18957305965
24,0.0
25,0.681426322216
26,3.14941729628
27,0.66184744505
28,0.101134488433
29,0.0
30,0.892434841121
31,0.00351786195238
32,0.0
33,0.0192218753312
34,0.0
35,0.604727127848
36,1.18441030493
37,0.0
38,0.00812084843799
39,0.0
40,0.631245727618
41,0.00375720195363
42,0.572860375298
43,0.107016115846
44,0.537023474569
45,0.790607573387
46,0.0
47,0.007502446264
48,0.00573711863545
49,0.00319629692832
50,0.0
51,0.787933466846
52,0.0914778389798
53,0.00150930181797
54,0.930764125974
55,0.0942265310182
56,0.431017129906
57,0.588747644231
58,0.291228240902
59,0.00526373234702
60,0.0130686425387
61,0.29088026009
62,0.244617910787
63,0.489737694074
64,0.837974850146
65,0.000461922631997
66,0.427590082748
67,0.0891923527113
68,0.000637540743209
69,0.0
70,0.00255578639369
71,0.0339955352295
72,0.00332925537919
73,0.0
74,0.108853978184
75,0.310756645753
76,0.196651235389
77,0.168742417256
78,0.0622913389006
79,0.0678506384866
80,0.0
81,0.214563624341
82,0.000336663359388
83,0.0
84,0.0258812842986
85,0.3036212095
86,0.069162782436
87,0.162852176113
88,0.15870689741
89,0.0823630061426
90,0.0
91,0.0
92,0.0
93,0.594904237218
94,0.00261385766619
95,0.0
96,0.0
97,0.0
98,0.00213208872413
99,0.0476089339326
100,0.0
101,0.0
102,0.00260024354888
103,0.0
104,0.123660970734
105,0.0
106,0.00338185481192
107,0.0
108,0.00466494474396
109,0.509450274537
110,0.292173715994
111,0.0
112,0.000475597016857
113,0.0
114,0.0317995069877
115,0.229380449171
116,0.126029874124
117,0.940399938881
118,0.266396882995
119,0.358318149574
120,0.0
121,0.00020608992425
122,0.0
123,0.0
124,0.67119261677
125,0.248989752328
126,0.061265793168
127,0.0
128,0.0
129,0.00302577664384
130,0.336072204514
131,0.000369642105477
132,0.106875601804
133,0.01701115191
134,0.000927900703163
135,7.96567677743e-05
136,0.117291885696
137,0.00637999624639
138,0.201845333214
139,0.108001598432
140,0.11545864331
141,0.000898224201933
142,0.00109358012216
143,0.000619017613909
144,0.00150620872415
145,0.00693444421244
146,0.277293560668
147,0.28340850003
148,0.218666483333
149,0.689169238227
150,0.0286939451411
151,0.000645417230706
152,0.053630018961
153,0.0269864253261
154,0.0263440055768
155,0.0815068237737
156,0.0447356705777
157,0.020571404368
158,0.00192690829985
159,0.0
160,0.100033208541
161,0.00953575187812
162,0.0
163,0.0838638363572
164,0.0106028552804
165,0.0647984045612
166,0.0152257470387
167,0.00055474247706
168,0.00126227564912
169,0.0
170,0.0134002304202
171,0.513018262277
172,0.0238093223451
173,0.0
174,0.000570563661682
175,0.23924227818
176,0.00136044961983
177,0.0
178,0.190811761495
179,0.0857626342483
180,0.119450685638
181,0.0
182,0.0894007638594
183,0.0273249853603
184,0.046597767732
185,0.0341097325874
186,0.000248299038826
187,0.000814875721858
188,0.00131499255367
189,0.0922639908138
190,0.0351218110404
191,0.0
192,0.0225625289427
193,0.0
194,0.059102772998
195,0.000919679088617
196,0.00176490365843
197,0.0
198,0.210519977581
199,0.00509840664227
200,0.000592792181557
201,0.00111686640986
202,0.0
203,0.0
204,0.150719010081
205,0.023411455776
206,0.00457997144361
207,0.0994091934669
208,0.0
209,0.0197825939502
210,0.038925108614
211,0.222754230565
212,0.0932711968028
213,0.16252153872
214,0.192385635759
215,0.520437479184
216,0.0190001148658
217,0.0257499733949
218,0.0385960622643
219,0.0
220,0.0
221,0.0753135483953
222,0.000219327987661
223,0.0
224,0.000246881228847
225,0.00503403338214
226,0.0
227,0.052312918757
228,0.0488947446606
229,0.0302633055219
230,0.0
231,0.0857690902517
232,0.0
233,0.0798141803064
234,0.1006877498
235,0.000330134987672
236,0.107188873902
237,0.0426703141259
238,0.0485111121438
239,0.0447767944941
240,0.00834159960797
241,0.00302579068482
242,0.00162312059354
243,0.0
244,0.00969450073902
245,0.0437882720467
246,0.104129437809
247,0.00359824407112
248,0.0
249,0.000231197532577
250,0.00169242057415
251,0.10687296547
252,0.0871451311579
253,0.057802229991
254,0.000180082688924
255,0.000190654884302
256,0.0107893717858
257,0.0
258,0.0
259,0.048951514518
260,0.10537496541
261,0.110077833974
262,0.0318026154835
263,0.000429235274344
264,0.0763030891482
265,0.0
266,0.101927306096
267,0.016923631449
268,0.0
269,0.11023928185
270,0.0
271,0.0269089419526
272,0.0773592359054
273,0.0404248564352
274,0.0
275,0.0108303564799
276,0.000369578636535
277,0.0
278,0.0545938262267
279,0.0
280,0.0611427310639
281,0.0
282,0.00754960880045
283,0.0444316641357
284,0.0156856903865
285,0.129057662471
286,0.0361609650752
287,0.0266438067647
288,0.000104657290018
289,0.000675149546784
290,0.000199642196465
291,0.000177819831729
292,0.000678074876594
293,0.0267153207014
294,0.00197380659634
295,0.0226179568943
296,0.0262423361507
297,0.00122429856256
298,0.0282160876616
299,0.0840901220733
300,0.000685229468072
301,0.0579709593708
302,0.228481293054
303,0.14075007073
304,0.00164495764546
305,0.0
306,0.0946453351805
307,0.000229043400195
308,0.0762093296901
309,0.0881018434198
310,0.0
311,0.147625801603
312,0.142035602539
313,0.0
314,0.0
315,0.00172565091792
316,0.0
317,0.0239371434975
318,0.0773980029174
319,0.0
320,0.0146987005701
321,0.0239734218613
322,0.000204055354752
323,0.0
324,0.0162401508715
325,0.000132696006949
326,0.0
327,0.0864153931488
328,0.0166629684336
329,0.0
330,0.0223134862894
331,0.063910065137
332,0.000819159796186
333,0.0
334,0.0161399456084
335,0.028217445734
336,0.0
337,0.0
338,0.0149871379143
339,0.000453771114956
340,8.43788842144e-05
341,0.0161794984053
342,0.000173594583281
343,0.138983260255
344,0.0798878688835
345,0.0
346,0.0878494613823
347,0.137946334797
348,0.0052361976005
349,0.0
350,0.000803497974264
351,0.00665173471541
352,0.0848427105296
353,0.00168192320745
354,0.0707571721155
355,0.108373544572
356,0.000799039098804
357,0.0584056212685
358,0.000403108818257
359,0.0
360,0.000968247888584
361,0.0
362,0.0
363,0.0479875093009
364,0.0
365,0.0240372640419
366,0.0
367,0.0103382295839
368,0.0173267003044
369,0.0
370,0.151392566863
371,0.512572852119
372,0.0
373,0.0
374,0.0
375,0.0500253450364
376,0.000197740331453
377,0.0485667461006
378,0.0169095388233
379,0.000265929416662
380,0.0114505173792
381,0.0854680427156
382,0.0
383,0.0181996910026
384,0.0
385,0.0
386,0.0632119219648
387,0.02859238039
388,0.0
389,0.0248937817437
390,0.0018506995602
391,0.000272942264924
392,0.0
393,0.00255084219184
394,0.0153842254015
395,0.0
396,0.0366979566131
397,0.0465522264431
398,0.128155466834
399,0.0236384155133
400,0.0
401,0.051982584261
402,0.0259840589678
403,0.0125096161784
404,0.0233570432256
405,0.0431270579964
406,0.00241935285151
407,0.0547125624775
408,0.00322379122094
409,0.035855807131
410,0.0216332064868
411,0.000160548764323
412,0.00606236022454
413,0.0337563211062
414,0.0
415,0.0
416,0.00027037420097
417,0.0481192005161
418,0.0252440669333
419,0.0
420,0.0
421,0.0
422,0.0
423,0.0104714717422
424,0.0586843004614
425,0.103862240792
426,0.0564000964396
427,0.0414105576316
428,0.0
429,0.0104010159993
430,0.0267513408617
431,6.33577434948e-05
432,7.20303013289e-05
433,0.000207578185579
434,0.0
435,0.0
436,0.000153375440322
437,0.0249236023359
438,0.000513355217861
439,0.0755554576937
440,0.0370040930664
441,0.0306409360229
442,0.0161314495237
443,0.0
444,0.0
445,0.000129445506187
446,0.0363388613759
447,0.107766074307
448,0.0327399749002
449,0.0126839432299
450,0.106082487031
451,0.000100833391084
452,0.0437314305594
453,0.0483847098882
454,0.0133278970808
455,0.000357349683005
456,0.0787157723888
457,0.0
458,0.0340344197409
459,0.0
460,0.0358468089752
461,0.0
462,0.000906332152076
463,0.0625988114524
464,0.0519818236289
465,0.0211481387311
466,0.00102382687082
467,0.0111889774306
468,0.0288818865447
469,0.00151297518295
470,0.00582526243173
471,0.0
472,0.0001176780339
473,0.0094182707476
474,0.0250599126837
475,0.00317918246772
476,0.000304621936568
477,0.0
478,0.00316593222887
479,0.0
480,0.029073382245
481,0.0540270731644
482,0.0
483,0.0
484,0.0590822217022
485,0.0
486,0.000461954673132
487,0.0
488,0.0126664712639
489,0.000871792089442
490,0.0
491,0.0721408311717
492,0.0607720803994
493,0.0
494,0.0301184385394
495,0.000218386157649
496,0.0
497,0.0444955344092
498,0.00823059504194
499,0.0
500,0.0
501,0.0689788863838
502,0.0238830418053
503,0.0163057085964
504,0.0243623396629
505,0.000240443117894
506,0.0182147545585
507,0.0329938099697
508,0.0
509,0.0532733545794
510,0.0
511,0.000205432298861
512,0.0
513,0.0536300145114
514,0.0
515,0.0118918698019
516,0.0265927773122
517,0.0
518,0.03385447017
519,0.0255098267052
520,4.23089909058e-05
521,0.00185218052029
522,0.0
523,0.0126012588331
524,0.00967178888229
525,0.0633933583758
526,9.7641421168e-05
527,0.0107821763268
528,0.0385533186498
529,9.27088465028e-05
530,0.0286887185434
531,0.000237715636576
532,0.057937454597
533,0.0
534,0.0113063352707
535,7.09638540823e-05
536,0.0321808849945
537,0.0626271404607
538,0.0562217036806
539,0.0152977182102
540,0.00120065829397
541,0.0
542,0.00981039962208
543,0.0
544,0.0142658438753
545,0.000165673093853
546,0.000141663411428
547,0.0380299976627
548,0.0
549,0.016573013793
550,0.0190746263342
551,0.000333207337826
552,0.0
553,0.0749274301511
554,0.000281257113153
555,0.000775951124032
556,0.0
557,0.00125087654911
558,0.0
559,0.0
560,0.000118951795474
561,0.000109875319791
562,0.121399587118
563,0.0
564,0.000459387182568
565,0.000888570849043
566,0.0
567,0.000284748217986
568,0.000116000705648
569,0.0730116975249
570,0.0157120940965
571,0.0646053682458
572,0.0231324227912
573,0.00687760876114
574,0.000350928932447
575,0.0
576,0.00232927297749
577,0.000516274037753
578,0.0728537931397
579,0.0608963224086
580,0.000230228017613
581,0.000343685284746
582,0.00927986801254
583,0.00893196457966
584,0.0636313011972
585,0.000542885081281
586,0.0
587,0.000247947920827
588,0.0
589,0.00112406393559
590,0.0333324353579
591,0.0
592,0.00574515394385
593,0.0503331129075
594,0.0427499162117
595,0.0197985617194
596,0.0
597,0.0290208057019
598,0.0177221346613
599,0.0
600,0.0
601,0.0112181310325
602,0.0419807747611
603,0.0032168683679
604,0.0466789590842
605,0.0121690753206
606,0.02230505553
607,0.0228081418524
608,0.000135756986989
609,0.0183408142195
610,0.0110514215102
611,0.0
612,0.00993609667306
613,0.0393128529467
614,4.27518947679e-05
615,0.0364865623539
616,0.0
617,0.00253694371487
618,0.000561303985849
619,0.00979879544189
620,0.0206213786908
621,0.0404810268818
622,0.0762632292718
623,0.00825832604961
624,0.000263940258379
625,0.0172250280755
626,0.0
627,0.00514841682076
628,0.0
629,0.0
630,0.0
631,0.06127288252
632,0.00948218374206
633,0.000202554395454
634,0.0
635,0.123905107666
636,0.0129538402346
637,0.0
638,6.39386447894e-05
639,0.000386054829844
640,0.020110324556
641,0.000113663969984
642,9.37077121796e-05
643,0.0
644,0.0561043814904
645,0.00921065633672
646,0.00887082118257
647,0.0
648,0.000139537494259
649,0.0343953863861
650,0.0146191079789
651,0.000307379904354
652,0.0135201187321
653,0.0251752583304
654,0.0
655,0.0689851529624
656,0.00867632754468
657,0.0118353590774
658,0.0
659,0.0079883075148
660,0.0063607467902
661,0.00116676049812
662,0.0
663,0.0
664,0.0364236875017
665,0.0
666,0.0
667,0.00217810847184
668,0.0520573024458
669,0.000172332585106
670,0.0233003765494
671,0.0730409739993
672,0.0518670088191
673,0.0206837334037
674,0.0273124797275
675,0.0590103327044
676,0.000194685323099
677,0.0124025679564
678,0.0
679,0.022774398132
680,0.0
681,0.00286565735018
682,0.0
683,0.000150420400921
684,0.0332313788899
685,0.00685528118901
686,0.0154841598375
687,0.0403417295086
688,0.00576837886882
689,0.0361341428732
690,0.00818520172517
691,0.0222145608532
692,0.0
693,0.0286714560775
694,0.0
695,0.0162092936923
696,0.0161556836448
697,0.0278708848175
698,0.0225382864621
699,0.00189285855982
700,0.0
701,0.0191797433822
702,0.00237864875982
703,0.0117712516976
704,7.87782177269e-05
705,0.0171912692393
706,0.00761581234978
707,0.0140860885176
708,0.0
709,0.00123165233845
710,0.053231679127
711,0.0109154499753
712,0.0662169677158
713,0.00680966524172
714,0.0107335786677
715,0.0
716,0.0208475577351
717,0.0290983507625
718,0.000966468919977
719,0.0385940156971
720,0.012277487637
721,0.0805141001854
722,0.0203937736897
723,0.018604546366
724,0.0102199795455
725,0.00468250085812
726,5.15591011849e-05
727,0.0
728,0.0117611057307
729,0.0102883071973
730,0.0278964631055
731,0.0080961793932
732,0.0329318206857
733,0.000126692576198
734,6.59734248507e-05
735,0.0
736,0.0
737,0.0185478827982
738,4.85530766698e-05
739,0.000182142149654
740,0.0
741,0.000841290245838
742,0.0216841327692
743,0.0207692180182
744,0.000557036594564
745,0.0606970676658
746,0.000322199783967
747,0.000145142917771
748,0.000295007756222
749,0.000381799875262
750,0.0
751,0.0
752,0.0585499710555
753,0.0231006102379
754,0.000468691176707
755,0.0
756,0.0
757,0.0
758,0.0
759,0.0130681523276
760,0.0275365063684
761,0.000742531112424
762,0.0198129130672
763,0.0
764,0.015902536744
765,0.00466542616893
766,0.0635450133717
767,0.000165195441908
768,0.0344936452654
769,0.0
770,0.00854115723414
771,0.0
772,0.0
773,0.0001297865563
774,0.0
775,0.046780864335
776,0.0
777,0.000217273663729
778,0.000186798811777
779,0.000258562427635
780,0.0338719597097
781,0.0
782,0.0
783,8.28438365525e-05
784,7.14992599544e-05
785,0.0219606206541
786,0.000333958561516
787,0.000525503876777
788,0.000596309945908
789,0.0501163227742
790,0.0
791,0.000900541930371
792,0.0
793,0.0
794,0.0
795,0.0
796,0.00141412685581
797,0.0588862697581
798,0.0271781538264
799,6.00482037267e-05
800,0.0205325035349
801,0.0129606175292
802,0.0
803,0.0118178517319
804,0.000703882920264
805,0.0405637834141
806,0.00934972688381
807,0.000242792311542
808,0.0194640531457
809,0.0108121946787
810,0.0111854137002
811,0.0242318396527
812,0.0
813,0.0
814,0.00770274370498
815,0.0168943456404
816,0.0078315743166
817,0.00027868880048
818,0.000937402641632
819,0.00371008198849
820,4.24089838122e-05
821,0.00551790347216
822,0.0
823,0.00198949710518
824,0.000165420222508
825,0.0308529141274
826,0.0144516767818
827,0.0157764129421
828,0.00934381841412
829,9.85453155771e-05
830,0.00746057620627
831,0.0
832,0.00290670286266
833,0.0113426685977
834,0.091412554692
835,0.00632754055988
836,0.0
837,0.000206559530119
838,0.00331587633844
839,0.000102112100835
840,0.025364869012
841,0.000267854907393
842,0.0127500347878
843,0.00626592220398
844,0.0244898713877
845,0.000624127323147
846,0.0
847,0.00893348619741
848,0.00588479772506
849,0.010283540735
850,0.00019630151343
851,0.0
852,0.000486193411996
853,0.0323394599639
854,0.0262611946965
855,0.021909342152
856,0.0257149917008
857,0.000153706936417
858,0.0186956636964
859,0.0133791566846
860,0.0269274280286
861,0.0
862,0.0
863,0.0447599474502
864,0.00649146618106
865,0.0254977435783
866,0.0
867,0.00340346848276
868,0.0
869,7.98244503395e-05
870,0.0197294352801
871,0.000263865153047
872,0.0
873,0.000301306741061
874,0.00014667350518
875,0.0397292057058
876,0.0226750052458
877,0.053384977372
878,0.00102169652827
879,0.0299321196724
880,0.00828760410563
881,6.34571628999e-05
882,3.88779982758e-05
883,0.0
884,0.0151833538696
885,0.0323838524962
886,0.0389676340088
887,0.0134962117828
888,5.47244508895e-05
889,0.00031709661119
890,0.0
891,0.0
892,0.0138577696195
893,0.0
894,0.0143393432921
895,0.00466066933164
896,0.00110173299811
897,0.000109235483559
898,0.0202842407467
899,0.0421910621012
900,0.0130887026629
901,0.0459589889266
902,0.0120197325336
903,0.0228343554907
904,0.00792746071346
905,0.00889263129706
906,0.0145676159863
907,0.00981145274898
908,0.0297472380642
909,5.02911461329e-05
910,0.018265799704
911,0.0171627054518
912,0.00981232203436
913,0.00820661788047
914,0.00449132984004
915,0.0
916,0.00658576566074
917,0.0259180418793
918,0.0
919,0.0274663343658
920,3.77642985767e-05
921,0.0478646502912
922,0.00727013058196
923,0.0157071606757
924,0.0
925,0.00837745495114
926,0.0
927,0.0484763223171
928,0.0
929,0.00337632375544
930,0.0254569332569
931,0.0078179586216
932,0.0079329341403
933,0.0343569132317
934,0.0108270859746
935,0.00813815534492
936,0.0
937,6.92391990351e-05
938,0.0209559631376
939,0.0
940,7.06911232689e-05
941,0.0232548015082
942,0.0623465841435
943,0.013932400261
944,0.00223822632434
945,0.0127795667572
946,0.000197768167293
947,0.0
948,0.000158852208611
949,0.0282823450138
950,0.0
951,0.000269047597507
952,0.0
953,0.0279108769145
954,0.00743874668774
955,0.00388410850269
956,0.000297579153037
957,0.0211208235215
958,0.028904579765
959,0.000686737526308
960,0.0356685138659
961,9.08572956249e-05
962,0.00599048144385
963,0.0031094983484
964,0.000457052656976
965,0.0
966,0.000195676887496
967,0.000318953718183
968,0.0215957880236
969,0.0
970,0.0
971,0.0441826875317
972,0.0128108600207
973,0.00399265316577
974,0.0
975,0.000483679971838
976,0.0615497515787
977,0.0590863024255
978,0.013622208169
979,0.010069122935
980,0.0172109360402
981,0.00735680358811
982,0.0
983,0.0
984,0.0151831491904
985,0.0137119818639
986,0.000130532625641
987,1.69714771561e-05
988,0.0499681145512
989,0.0
990,0.000284149276559
991,0.000107293124409
992,0.000782083260385
993,0.0279524968172
994,5.42599608848e-05
995,0.0
996,0.00357187829771
997,0.015646793684
998,0.00725532672291
999,0.00538207325338
1000,0.0
1001,0.00789455188235
1002,0.0887822580856
1003,0.00785338517313
1004,0.0197088794477
1005,6.43068557631e-05
1006,0.0190933612554
1007,0.000311836423627
1008,0.0
1009,0.0
1010,0.00033729653527
1011,0.0367689360798
1012,0.00490625582135
1013,0.0
1014,0.000776652134284
1015,8.56023601155e-05
1016,0.000223630996837
1017,0.0125669791738
1018,0.0
1019,0.000102728078631
1020,0.0268182220895
1021,0.00652654839074
1022,6.07312211764e-05
1023,0.00026962346739
1024,0.0
1025,0.000727182720262
1026,0.0126190192627
1027,0.000474999892218
1028,0.000778989687628
1029,0.0579346605554
1030,0.000224900707253
1031,0.0
1032,8.26728606391e-05
1033,0.0770825653659
1034,0.00855097479662
1035,0.000143767700123
1036,0.000176846076009
1037,0.0
1038,0.0184385141909
1039,0.0235146369697
1040,0.0207533635185
1041,0.0025476890529
1042,0.0
1043,8.67177069281e-05
1044,0.0154315453644
1045,0.000644046235288
1046,0.0398590376768
1047,0.0
1048,0.0
1049,0.00665845686483
1050,0.00316600034287
1051,0.00141115924313
1052,4.1629002494e-05
1053,0.020252606169
1054,0.0117101417114
1055,0.00667050412189
1056,0.000211380860998
1057,0.00212311402549
1058,0.0318997581636
1059,5.54027302542e-05
1060,6.12712474193e-05
1061,0.0252352381192
1062,0.00553653443169
1063,0.00910650752942
1064,0.000691978400813
1065,0.000198798306153
1066,0.0
1067,0.0
1068,9.286144142e-05
1069,7.6390672926e-05
1070,0.000565467748292
1071,0.0
1072,0.000117064755629
1073,0.000490424190751
1074,0.031558029712
1075,0.0
1076,0.0
1077,0.0141587661671
1078,0.0323949858106
1079,0.025183328469
1080,0.0149286159396
1081,0.0288366834893
1082,0.0103858844783
1083,0.0
1084,0.00645638858481
1085,0.00157412976869
1086,0.0158602258152
1087,0.00650586941983
1088,0.000129831029558
1089,0.0
1090,0.00678303535311
1091,0.0112420889795
1092,0.00180217965813
1093,0.00381070375023
1094,0.0
1095,0.000191927281993
1096,0.016407237641
1097,7.13235211878e-05
1098,0.0
1099,0.00575637042033
1100,0.000838669824292
1101,0.0144321162968
1102,0.0124622089841
1103,0.00623389092752
1104,0.0246602345172
1105,9.59497557758e-05
1106,0.0
1107,8.53301169039e-05
1108,0.0116961170138
1109,0.0122346284114
1110,9.59323164107e-05
1111,0.0119346248327
1112,0.00591830034242
1113,0.0186064747654
1114,0.00328488438615
1115,0.0
1116,0.00650298569136
1117,0.000120644941484
1118,0.0219386565644
1119,0.000116213931688
1120,6.24686212376e-05
1121,0.000192378402236
1122,0.03953538333
1123,0.000456010549927
1124,0.0137878022135
1125,0.0
1126,0.0103077858296
1127,0.0
1128,0.00106805370572
1129,0.052174791928
1130,0.0208667621802
1131,0.0
1132,0.0
1133,0.0535643971081
1134,0.0346084127154
1135,7.59117187861e-05
1136,8.78177346517e-05
1137,0.0234747962846
1138,0.0268223103105
1139,5.49261176905e-05
1140,0.0
1141,0.0
1142,0.000177984375811
1143,8.67325702201e-05
1144,0.0
1145,0.000664805219791
1146,7.53534510252e-05
1147,0.0
1148,0.0386519818007
1149,0.00597969806651
1150,0.0
1151,0.000266393628493
1152,0.031091520769
1153,0.0100340473892
1154,0.0
1155,0.0
1156,0.0203419693254
1157,0.000475680234922
1158,0.000229213248889
1159,4.61671760852e-05
1160,0.00504123881014
1161,0.0
1162,0.000164723278417
1163,0.0244467110442
1164,0.0
1165,0.00363134065894
1166,0.0224628515878
1167,0.0
1168,0.00444359853104
1169,3.74052277543e-05
1170,0.0
1171,0.00958569778008
1172,0.0182725483042
1173,0.00137993058516
1174,0.012398775521
1175,0.0102705046602
1176,0.000207353490331
1177,0.0162651391238
1178,0.0168077280609
1179,0.00367969137213
1180,0.0555704055182
1181,0.014538663316
1182,0.0110417781674
1183,0.0
1184,0.0108422847075
1185,0.000108207804726
1186,0.0106323622028
1187,0.0077800510098
1188,0.00179989966726
1189,0.00336917647549
1190,0.000101789492308
1191,0.0187000269459
1192,0.0219814687668
1193,0.0
1194,0.0256992039934
1195,0.00897912917272
1196,0.00753129025157
1197,0.000143036416549
1198,0.0
1199,0.0111721482504
1200,0.00338095216226
1201,6.23633235306e-05
1202,0.0
1203,0.00561678412928
1204,0.00743174797938
1205,0.000657297508971
1206,0.0
1207,0.000111047833032
1208,0.000158202386166
1209,0.0
1210,0.0164853453731
1211,0.000123575958491
1212,0.020839903407
1213,0.0217325285543
1214,0.00781538429719
1215,5.20793616849e-05
1216,0.00331708223116
1217,0.00760036202714
1218,0.000375568851688
1219,0.00774212521985
1220,0.000161602195087
1221,0.00130813446274
1222,0.000194141179417
1223,0.0
1224,0.0
1225,0.0506903591805
1226,0.002385414254
1227,0.00998777965242
1228,0.0
1229,0.000955426966226
1230,0.000161746096622
1231,7.86924330312e-05
1232,0.0
1233,0.0197295668379
1234,0.00821951371837
1235,0.0283911300165
1236,0.0144421118828
1237,0.00019037914895
1238,0.000149759344785
1239,0.0256413389292
1240,0.0251887990503
1241,0.00674102245111
1242,0.0
1243,0.00104741679952
1244,0.000135625013565
1245,0.0
1246,0.025057246804
1247,0.0306573172576
1248,0.0102230261627
1249,0.0
1250,0.00846852881975
1251,0.000167958162144
1252,0.0160564629392
1253,0.00463159515897
1254,0.00378548670121
1255,0.0
1256,0.00134292453752
1257,8.12461812161e-05
1258,0.0145206521847
1259,0.0
1260,0.0171344087299
1261,0.000213418671377
1262,0.0
1263,0.000101954531057
1264,0.0170201603959
1265,5.23184928194e-05
1266,0.0149933976448
1267,8.7071571397e-05
1268,0.0114819317458
1269,0.0134826140841
1270,0.0
1271,0.0109911609517
1272,0.000451126523655
1273,0.0152235796077
1274,0.0
1275,0.00908122604985
1276,0.00965552880523
1277,0.00661532061012
1278,0.0180294611115
1279,6.1260564558e-05
1280,6.81886537941e-05
1281,0.0201517845381
1282,0.0
1283,5.95687573517e-05
1284,0.0151023441373
1285,0.0075584484454
1286,0.0
1287,0.0
1288,0.0
1289,0.000864412775649
1290,0.0136004009864
1291,0.00565681437302
1292,3.35611145252e-05
1293,3.97981931415e-05
1294,0.0123685535453
1295,0.00011766745865
1296,0.00768967804072
1297,0.0
1298,0.0318908718408
1299,0.00534007899259
1300,0.000351393246303
1301,4.66672187942e-05
1302,0.0100968110954
1303,0.0
1304,0.0246502381364
1305,0.0
1306,0.0320059912061
1307,0.017426207359
1308,0.000141725564613
1309,0.000203859693111
1310,0.00893405808929
1311,0.0
1312,0.0
1313,0.0049560831946
1314,0.0
1315,0.0
1316,0.0
1317,0.022463229835
1318,0.0
1319,0.0
1320,0.00756251728628
1321,7.51630133897e-05
1322,0.0
1323,0.0
1324,0.000718281457539
1325,0.00783937180093
1326,0.0061000967394
1327,0.0128970005272
1328,0.00837813255476
1329,0.000658527955913
1330,0.00168480143113
1331,0.0199800336808
1332,0.0184615386697
1333,0.0
1334,3.3056487156e-05
1335,0.0
1336,0.0249338184239
1337,0.047824974123
1338,0.0
1339,0.0188258141536
1340,0.0
1341,0.00048737543637
1342,0.0112830079855
1343,0.00934292555159
1344,0.0
1345,0.00636934822104
1346,0.00558178202288
1347,0.00489517837048
1348,0.00783081393129
1349,0.000387147596296
1350,0.00984746157131
1351,0.00170409547844
1352,0.00666610634192
1353,0.0251615164615
1354,0.0102538400349
1355,0.0
1356,0.0163464976025
1357,0.000134633044455
1358,0.0
1359,0.0
1360,0.00019135540901
1361,0.0
1362,0.00199761191358
1363,0.0
1364,4.50913932459e-05
1365,0.0
1366,0.0
1367,0.00031466076075
1368,0.000157942205604
1369,0.0
1370,0.0111704000914
1371,0.0561946381128
1372,0.0279091663935
1373,0.0
1374,0.0263668692452
1375,0.0
1376,0.000195672075995
1377,0.00461151611263
1378,0.0
1379,0.0
1380,8.61279943751e-05
1381,5.05123034058e-05
1382,0.000193228807953
1383,0.000149445954876
1384,0.0421380144089
1385,0.0
1386,0.000276639350728
1387,0.0146611776158
1388,0.0
1389,0.0321087879746
1390,0.012509614766
1391,0.000324828473116
1392,0.0
1393,0.0147215788026
1394,0.0
1395,0.000467230335662
1396,6.13169707742e-05
1397,4.50441315287e-05
1398,0.0401480064761
1399,0.0
1400,0.00804450609212
1401,0.0
1402,0.00471959477451
1403,0.0550809344318
1404,0.0
1405,0.0136521488142
1406,8.08661004488e-05
1407,0.000170697689396
1408,0.0244017003191
1409,0.0
1410,0.00178758504609
1411,0.0131839546659
1412,0.0
1413,0.0
1414,0.00616476689089
1415,0.00743892542818
1416,0.00717394264273
1417,0.00661811009233
1418,0.000746856152631
1419,0.000946184026164
1420,0.000229359215959
1421,0.000130596957697
1422,2.58137938176e-05
1423,8.31073633183e-05
1424,0.0341383841125
1425,0.000563940533834
1426,0.0180184513981
1427,3.69913182725e-05
1428,0.0
1429,0.000193581512336
1430,0.000143255711026
1431,0.000829714412718
1432,0.0175405325857
1433,8.07611494769e-05
1434,0.0
1435,0.00214419460467
1436,0.0201813636779
1437,0.0
1438,0.0296448037882
1439,0.00589069899915
1440,0.0327896235936
1441,0.00824438771254
1442,0.00814245465554
1443,0.00029851066957
1444,0.0
1445,0.0
1446,0.00049921677225
1447,0.0116191421792
1448,0.000809364583966
1449,0.00024279263894
1450,0.0294506304568
1451,0.0
1452,0.0
1453,0.0
1454,0.0
1455,2.008977809e-06
1456,0.000299593440096
1457,8.7602630412e-05
1458,0.0283334975022
1459,0.0
1460,0.0389318651324
1461,0.00012610476055
1462,0.0276318121893
1463,0.0138155019393
1464,0.0
1465,0.0
1466,0.0
1467,0.00145708438479
1468,0.0
1469,0.00744618071581
1470,0.0138826033576
1471,4.30073820099e-05
1472,0.0135213840717
1473,0.000770926746744
1474,0.0025027835151
1475,0.00558152791071
1476,0.00430127271971
1477,0.0219034885899
1478,0.006950010805
1479,0.0001445667293
1480,0.044349522368
1481,0.0102463169372
1482,0.00916658368093
1483,0.0
1484,0.0160247617979
1485,0.0158547515798
1486,8.43559749653e-06
1487,0.0218395352739
1488,0.0115471289637
1489,0.0
1490,0.00475189590822
1491,0.00583560449535
1492,4.12231719484e-05
1493,0.0
1494,0.01492126795
1495,0.0
1496,0.0179732217492
1497,0.00872060630282
1498,0.0245421479492
1499,0.0184273511489
1500,6.21359718553e-05
1501,0.000101646172386
1502,0.0222815000352
1503,0.0183842078288
1504,0.0
1505,7.6818925792e-05
1506,6.37571101088e-05
1507,0.0137142644362
1508,0.0137543385488
1509,0.000131291699927
1510,0.00569387221363
1511,0.0167030813349
1512,0.0121725427075
1513,0.0221974602731
1514,2.13640541618e-05
1515,0.00800613726057
1516,0.000173199630912
1517,0.00127370367474
1518,9.08868716185e-05
1519,0.0
1520,0.0
1521,0.0
1522,0.000242942766947
1523,0.0396086320013
1524,0.0143457996302
1525,0.00340069190505
1526,2.97229750048e-05
1527,0.0351914146448
1528,9.81416477051e-05
1529,0.0
1530,0.00566662229636
1531,0.00883076203491
1532,0.0170971891329
1533,0.0
1534,0.0058740662498
1535,0.048455161772
1536,0.0165129839429
1537,4.30674088032e-05
1538,0.0149307224297
1539,0.0
1540,0.0102505338082
1541,0.00884938567866
1542,9.66522931454e-05
1543,0.0103939727968
1544,0.012587426422
1545,0.00402400304202
1546,0.00862427613311
1547,0.0
1548,5.52175384216e-05
1549,0.000291900267879
1550,0.015203148772
1551,0.0117049595347
1552,0.0
1553,0.0062444331658
1554,0.00789729004128
1555,0.0
1556,0.00432165008263
1557,6.82885235679e-05
1558,0.0176815789927
1559,0.000169031519871
1560,0.0
1561,0.0120866723113
1562,0.0
1563,0.0120017572948
1564,0.0
1565,0.000431603096067
1566,0.00381605842314
1567,0.000109321059945
1568,0.000145752666929
1569,0.000163854487912
1570,0.0217814663986
1571,0.0307873640415
1572,0.000318474433861
1573,0.00249985616546
1574,0.0196488941912
1575,0.00826570396108
1576,0.00854882364391
1577,0.0134719125933
1578,0.0130706667749
1579,0.00352519005861
1580,8.00487503949e-05
1581,0.000298591427829
1582,0.000202757514932
1583,0.00841408403733
1584,0.00105841804103
1585,0.0
1586,0.0174442467208
1587,0.0136747652582
1588,0.0126978343469
1589,0.0038524541882
1590,0.0058282258934
1591,0.0
1592,0.00882644824987
1593,0.0051933182119
1594,0.0299026970042
1595,0.0
1596,0.0
1597,0.0055688290271
1598,0.0
1599,0.0
1600,0.0203730303678
1601,0.00510870843752
1602,0.00462156340331
1603,0.00480077892648
1604,0.0
1605,0.0
1606,0.0108013320751
1607,0.000201962389543
1608,0.0081309553583
1609,0.0
1610,0.0314094984991
1611,0.0129713359225
1612,0.00762035426556
1613,0.0240034587617
1614,0.00562868676054
1615,0.00550609117831
1616,0.00422686087395
1617,0.000311775932821
1618,0.000196671679763
1619,0.000321210782627
1620,6.87085309057e-05
1621,0.00581542959527
1622,0.016900993092
1623,7.00042997366e-05
1624,0.0183328026944
1625,0.0140301113383
1626,0.0104594090099
1627,0.00440565208205
1628,0.0
1629,0.000112607943304
1630,0.0193169284737
1631,0.0221655150564
1632,0.0001516628655
1633,0.000105605557823
1634,0.000161736614764
1635,0.0027763859982
1636,0.0251622140399
1637,0.00762537709967
1638,0.0
1639,0.00705924660154
1640,0.0
1641,0.00629091192673
1642,0.0
1643,0.00333357835479
1644,0.000129912849191
1645,0.0
1646,0.00372628090038
1647,0.000242778908002
1648,0.0021361254465
1649,0.0238022726028
1650,0.0
1651,0.0231909201032
1652,0.0647346901089
1653,0.0409544676633
1654,0.0
1655,0.00737194092387
1656,0.043182451268
1657,0.0723316826568
1658,0.0
1659,0.0117185494749
1660,0.0
1661,0.00555835494957
1662,0.0435047238772
1663,9.69915947318e-05
1664,0.0
1665,0.0
1666,0.0
1667,0.0184134543192
1668,0.0239475122559
1669,0.000744746764542
1670,0.0109644141852
1671,0.00491171377313
1672,2.64000424965e-05
1673,0.00375798474597
1674,0.000136069143454
1675,0.0
1676,0.000153496531556
1677,0.0
1678,0.00468388043657
1679,6.59650621371e-06
1680,0.0106029698257
1681,0.00983791234072
1682,0.0
1683,0.0168428678803
1684,0.014119101899
1685,5.75427924496e-05
1686,0.00739320669707
1687,0.0262346025728
1688,0.0109031470333
1689,0.00510229558738
1690,0.0093887070236
1691,0.0
1692,0.0
1693,0.0
1694,0.00742451316315
1695,0.00716107146081
1696,0.00367497132346
1697,0.0
1698,0.0105782865755
1699,0.0
1700,0.0119047196964
1701,0.0120668931073
1702,3.58688148721e-05
1703,2.27147434972e-05
1704,0.0
1705,3.75783903666e-05
1706,2.25450846449e-05
1707,0.0
1708,6.90666479972e-05
1709,0.00419538718715
1710,0.0152264841027
1711,0.00858106540944
1712,0.0
1713,0.0115986238328
1714,0.00493521934615
1715,0.010962144785
1716,0.00739581942334
1717,0.0107815985961
1718,0.00490493855543
1719,0.0
1720,0.0112524914296
1721,0.000117855831478
1722,0.0
1723,0.00994704756256
1724,0.0
1725,0.00180305630421
1726,0.000153480230645
1727,0.0
1728,0.006082511264
1729,0.0180972478287
1730,0.000589605526005
1731,0.00336932422139
1732,0.0170887914178
1733,0.00012616586649
1734,0.0
1735,0.0
1736,0.0033981174261
1737,0.0151173660999
1738,0.00143508752576
1739,0.00524633723248
1740,0.0
1741,0.000462612387866
1742,6.42576825225e-05
1743,0.0175524571923
1744,0.00331081289876
1745,0.00552935514109
1746,4.11540475831e-05
1747,0.000615307528137
1748,0.00682369111454
1749,0.0
1750,0.0141682115428
1751,0.0
1752,0.0128752952795
1753,0.00075038532057
1754,0.0146833977432
1755,0.000127235587311
1756,0.0
1757,0.000835516600224
1758,0.0144549602601
1759,0.00705139697927
1760,0.00770827382064
1761,2.61920300484e-05
1762,0.00456348170285
1763,0.00272854596933
1764,0.00629483432821
1765,2.18138354002e-05
1766,0.00345440322171
1767,0.00665673492036
1768,9.570073194e-05
1769,0.00990214461481
1770,0.0
1771,3.31515529415e-05
1772,0.000962556928778
1773,0.00235432107621
1774,0.0
1775,0.0156694980203
1776,0.017456691394
1777,7.29954795786e-05
1778,9.8233432948e-05
1779,3.5679651043e-05
1780,0.0
1781,0.0133846858167
1782,0.0
1783,9.22243032346e-05
1784,0.00560131297945
1785,0.0
1786,0.00440149596653
1787,0.00212364043639
1788,0.0
1789,0.00016472168963
1790,0.0108463437764
1791,0.019536529293
1792,0.00696049409746
1793,0.0
1794,2.27181947348e-05
1795,0.0180302006799
1796,0.0
1797,0.0330834905662
1798,0.0
1799,0.0144385621111
1800,0.000238636981142
1801,0.00972868768283
1802,0.0
1803,0.00985744976472
1804,0.00110516657312
1805,0.0373111291283
1806,0.0
1807,3.5529432779e-05
1808,0.0103669419518
1809,2.36386181931e-05
1810,0.00264678328612
1811,0.00983013533635
1812,0.00770924647362
1813,3.51336577475e-05
1814,5.9028553629e-05
1815,0.0
1816,0.00304429660558
1817,2.41279949664e-05
1818,0.0
1819,0.0223029117404
1820,0.000709982755474
1821,0.0285442117534
1822,0.00432114712624
1823,0.000212078725833
1824,0.000190509272239
1825,0.00558270014238
1826,3.99862586726e-05
1827,0.00535373187056
1828,0.0
1829,0.0
1830,0.000161433416645
1831,0.0141468729276
1832,0.00260727987818
1833,0.00749799305252
1834,0.0
1835,0.00536759573743
1836,2.74493533201e-05
1837,0.000408680355819
1838,0.0
1839,0.00397244801428
1840,5.82186679465e-05
1841,0.016085432932
1842,0.0
1843,0.0
1844,0.0
1845,0.0
1846,0.00792968764371
1847,0.00468747677564
1848,0.000114786394087
1849,0.000296644944527
1850,0.0271802330379
1851,0.0
1852,0.000207216599942
1853,0.000264251504784
1854,0.0
1855,0.0492210722434
1856,0.0509459322943
1857,0.064350672375
1858,3.18138449367e-05
1859,0.0
1860,0.0
1861,6.26947795688e-05
1862,0.0
1863,0.0377951641142
1864,0.00633027226666
1865,0.0
1866,0.0
1867,0.00650844751323
1868,0.00423160669736
1869,5.27375030881e-05
1870,0.0
1871,0.0
1872,1.24281002858e-05
1873,8.2080287954e-05
1874,0.000515151770295
1875,0.0250265479237
1876,0.00703976889161
1877,0.000104866917021
1878,0.0187160622043
1879,0.0
1880,3.22177750198e-05
1881,0.000590091969962
1882,0.0142154556049
1883,0.008486498835
1884,0.0
1885,0.0
1886,0.00542817298615
1887,0.0086010246698
1888,0.0
1889,0.0
1890,0.0121158046225
1891,4.35008405377e-05
1892,0.0
1893,0.00301164549705
1894,0.00482705391621
1895,0.0
1896,0.0244707452631
1897,0.0
1898,0.00558592033971
1899,0.0
1900,4.30702279979e-05
1901,0.00497407805527
1902,0.000598091112979
1903,6.32967677703e-05
1904,0.0108163493951
1905,0.0114343065398
1906,0.0
1907,0.00736078084107
1908,0.00305274963302
1909,0.00185200120281
1910,0.0
1911,1.68452849314e-05
1912,0.00918148019352
1913,0.00238306168393
1914,0.000197081278048
1915,0.0168197471077
1916,0.0198300582222
1917,0.00142358995262
1918,0.00569598548895
1919,0.0
1920,0.0262747753125
1921,5.77575225975e-05
1922,0.00434121410404
1923,7.49348977749e-05
1924,0.00620570528195
1925,2.01210732049e-05
1926,0.0
1927,0.0
1928,8.60144284824e-05
1929,0.0
1930,0.00551512103982
1931,5.94466315014e-05
1932,0.0147416075916
1933,0.0287772545234
1934,0.00317756661355
1935,0.00441497232283
1936,0.0067978463269
1937,0.00950958741171
1938,0.000261950785296
1939,2.93578462442e-05
1940,0.0027987829409
1941,0.00808405341309
1942,0.0
1943,0.00182664366902
1944,6.32356307437e-05
1945,0.00357565233412
1946,0.0
1947,0.0075632093292
1948,0.000893962039004
1949,0.0
1950,0.0
1951,0.02557460867
1952,0.00353056337338
1953,0.0168287406764
1954,0.000675453601243
1955,0.0029516740843
1956,0.00131155536964
1957,0.00380152069198
1958,0.00510619422344
1959,0.00422652541146
1960,0.0088337973276
1961,0.0
1962,0.00862148777933
1963,0.0
1964,0.00509532729826
1965,3.57564710538e-05
1966,0.00875283015696
1967,5.88312375287e-05
1968,9.2749623898e-05
1969,0.000227781491946
1970,0.0
1971,0.0
1972,0.00365916513188
1973,0.00582023631942
1974,0.000127916954233
1975,0.000155321474751
1976,0.0
1977,5.99018305505e-05
1978,0.0121521558082
1979,0.000194233348854
1980,0.00346599657573
1981,0.0175900865613
1982,0.0119224456443
1983,0.0167963742321
1984,0.000464633307881
1985,0.000320570251733
1986,0.00059207491343
1987,0.0
1988,4.91914887122e-05
1989,0.000958552320224
1990,0.0
1991,0.0218086707632
1992,6.53811988549e-05
1993,0.0141731719829
1994,0.0
1995,0.0128204878722
1996,0.025636181993
1997,0.0127969132714
1998,0.00150541565812
1999,0.0106262700519
2000,0.0
2001,0.0133108072904
2002,0.0
2003,0.0111812647922
2004,4.42996057557e-05
2005,0.00321071847603
2006,0.00039866257561
2007,0.00569547433561
2008,0.00384352332782
2009,4.51634101806e-05
2010,7.26670660534e-05
2011,0.0
2012,0.00505210274631
2013,0.0
2014,0.0100901444542
2015,0.0109254223013
2016,2.34759633497e-05
2017,0.00794317244599
2018,0.000182481623388
2019,0.00468781575826
2020,0.011565178151
2021,0.00390470357534
2022,0.000307890379996
2023,0.0
2024,0.00685191151633
2025,0.0
2026,8.54382221527e-05
2027,0.0130316727861
2028,0.0012450478848
2029,0.000170845732324
2030,0.00436522808864
2031,0.00696424810666
2032,0.0217050396633
2033,2.5704061811e-05
2034,0.00493831783959
2035,0.0
2036,0.0
2037,0.0123432004856
2038,0.00374519800384
2039,0.000953613878007
2040,0.0142525304157
2041,0.00364963702773
2042,2.8306584229e-05
2043,0.00641912088412
2044,8.50453526775e-05
2045,0.000783675425174
2046,0.00385111897901
2047,0.0
2048,0.00840171074152
2049,0.00401215085138
2050,0.00422215131705
2051,0.00329522163671
2052,0.0
2053,0.00469790399481
2054,0.0
2055,0.0
2056,0.000116075351916
2057,0.0117999444892
2058,0.00594870383668
2059,0.00434550843965
2060,0.00388798403801
2061,0.0069198674325
2062,0.0
2063,0.008726158657
2064,0.00340106010588
2065,0.00548705520841
2066,0.0
2067,9.64701833648e-05
2068,0.000438441227743
2069,0.00596348587846
2070,0.013254839031
2071,0.00361682109884
2072,4.21068671228e-05
2073,0.0
2074,0.000352974263802
2075,8.39192909927e-05
2076,0.0
2077,0.0
2078,6.40375397514e-05
2079,0.0
2080,0.0104115824442
2081,0.0157965930498
2082,0.00886732908215
2083,0.00268440662242
2084,2.11042510805e-05
2085,0.00815067429117
2086,0.00390399053692
2087,0.0113974258554
2088,0.011193653938
2089,0.0
2090,2.76578297664e-05
2091,0.00537213722084
2092,0.0086653920012
2093,6.93829703113e-05
2094,1.83634972517e-05
2095,7.53165491578e-05
2096,6.77207204509e-05
2097,0.0194771055956
2098,0.0118481126498
2099,5.33893990915e-05
2100,2.14116430426e-05
2101,0.0118819570264
2102,0.00358550732642
2103,0.000318357187654
2104,7.99736719919e-05
2105,0.0
2106,0.0
2107,0.00857169603301
2108,0.00338292494797
2109,0.00443442703337
2110,0.00031424517835
2111,0.00498037201033
2112,0.0
2113,0.0115897949894
2114,0.00031940819686
2115,0.0
2116,0.00328312696721
2117,0.0
2118,0.00837412002407
2119,3.99246404217e-05
2120,0.0
2121,0.0111874680322
2122,0.0
2123,0.0
2124,7.64302182321e-05
2125,0.0186634842771
2126,0.000115471761689
2127,3.91320959525e-05
2128,0.0
2129,0.00399942285526
2130,2.1430150118e-05
2131,0.00644230588067
2132,0.000219278417711
2133,0.0216670059839
2134,0.0130575826704
2135,0.00251309508939
2136,0.000862402706882
2137,0.00389128593356
2138,0.0275277539549
2139,0.0066116352003
2140,0.00139908205364
2141,0.000879784930843
2142,0.0
2143,0.00165290595702
2144,0.0
2145,0.0
2146,0.00645928100757
2147,0.0
2148,0.00311102146317
2149,6.96492509e-06
2150,5.85395489048e-05
2151,0.0
2152,0.0146679910693
2153,0.0
2154,0.0
2155,6.68695207566e-05
2156,9.12900094376e-05
2157,0.000883828874889
2158,0.0
2159,0.0
2160,0.0
2161,0.000119079905808
2162,7.26506984656e-05
2163,0.0175642720552
2164,0.00912797536745
2165,0.0125521427547
2166,0.0115440149227
2167,0.031151887612
2168,0.0
2169,0.0
2170,3.75957904177e-05
2171,2.82147639736e-05
2172,0.00915481322347
2173,0.00551242987745
2174,0.000358561046672
2175,0.0
2176,0.0106287342506
2177,0.00852867185774
2178,0.0
2179,0.00490227845664
2180,0.0
2181,0.0
2182,0.0117694961935
2183,0.00537094280187
2184,0.0
2185,3.30310259566e-05
2186,0.00634683467137
2187,0.00860609511815
2188,0.00395732756009
2189,0.00760597577763
2190,0.0
2191,3.61109869567e-05
2192,3.26165312767e-05
2193,5.50981696006e-05
2194,0.0068847556683
2195,0.0
2196,0.00139061812252
2197,0.0
2198,0.00718991661616
2199,0.00672460371118
2200,0.000364267944127
2201,0.0093571038613
2202,0.0
2203,0.00388597271323
2204,0.00498030759656
2205,0.00577011251903
2206,0.0
2207,0.0
2208,0.0102434918193
2209,0.00401904813204
2210,0.00292791194626
2211,0.00289489246253
2212,0.0
2213,0.0
2214,0.0
2215,0.000691485440908
2216,7.64271779734e-05
2217,8.00288827589e-05
2218,0.0105893030334
2219,0.0
2220,3.83972697406e-05
2221,0.00347433095598
2222,0.0
2223,0.000180772158286
2224,0.00015122479655
2225,0.0127163808093
2226,0.0024569519941
2227,0.0204113973813
2228,0.0
2229,0.014694773774
2230,0.0129118232213
2231,4.89289822379e-05
2232,0.0023679370784
2233,0.0
2234,0.0001507901239
2235,0.0
2236,0.0
2237,0.0248947389447
2238,2.77225992154e-05
2239,0.0075405426162
2240,0.0050340626974
2241,0.0106463479814
2242,0.0
2243,0.00858897216061
2244,0.00395568307353
2245,0.00024318060542
2246,0.00405363423838
2247,0.00378601698067
2248,0.000170566334545
2249,0.0
2250,0.0102745237751
2251,1.69883693046e-05
2252,0.000212155269697
2253,0.0
2254,0.00589029027128
2255,0.00302138048729
2256,0.0
2257,0.00122684629893
2258,2.70838297958e-05
2259,0.0117178381815
2260,0.0105916292076
2261,0.00853686227293
2262,0.0
2263,0.00363417121559
2264,0.0
2265,0.0073433482355
2266,0.00156461176519
2267,0.00823504749739
2268,6.41978116342e-05
2269,0.00426941499657
2270,0.00510640326499
2271,0.00144858907744
2272,0.00396465022916
2273,1.73379198505e-05
2274,4.29160091588e-05
2275,0.00251286104652
2276,0.00522042739542
2277,0.00708270898162
2278,5.034524332e-05
2279,4.39625333835e-05
2280,0.0
2281,0.0154092221458
2282,0.00132609383927
2283,5.17845848851e-05
2284,0.000160295208226
2285,0.00933933269906
2286,0.0
2287,0.00366646190657
2288,0.00941061623076
2289,0.0155802235648
2290,0.0
2291,0.00701873219913
2292,0.0
2293,0.00718796646256
2294,0.0
2295,0.00256673246965
2296,0.00339404354704
2297,0.00284951955558
2298,4.25672387157e-05
2299,0.0
2300,1.98331018693e-05
2301,0.0
2302,0.00235881047265
2303,0.00654441217857
2304,5.46936993322e-05
2305,0.00915098263266
2306,0.0
2307,0.00729957045753
2308,7.35923565829e-05
2309,0.0
2310,0.0
2311,0.0
2312,0.0
2313,0.0191618224144
2314,0.0
2315,0.0
2316,0.011426620113
2317,0.0
2318,0.0
2319,0.00638005446852
2320,0.00221548514533
2321,0.0
2322,0.00647287225057
2323,0.000216551760107
2324,0.000107072172305
2325,0.00719645137804
2326,2.59274218544e-05
2327,0.0
2328,0.00714060230142
2329,4.45923500925e-05
2330,0.00391195326731
2331,7.51595043873e-05
2332,0.0
2333,0.0
2334,6.33366091867e-05
2335,0.00590501148317
2336,0.00177055876514
2337,0.0180960519822
2338,0.0126799738919
2339,4.76894850872e-05
2340,0.0
2341,0.0108224546657
2342,0.0227318580037
2343,0.000678391639811
2344,0.00863356809765
2345,3.42127537385e-05
2346,0.00323032602459
2347,0.0105446624613
2348,0.0153935940374
2349,0.00460803330013
2350,2.48327008445e-05
2351,0.0
2352,0.0
2353,0.0
2354,0.0
2355,2.52593136301e-05
2356,0.00496030486284
2357,0.00999964829263
2358,0.0
2359,5.40126312596e-05
2360,0.000101775568376
2361,0.00738746963856
2362,1.60813774133e-05
2363,0.013014242763
2364,0.0
2365,0.00832961681415
2366,0.0
2367,0.000217770865619
2368,2.3173405673e-05
2369,0.0152735966958
2370,0.00275079715457
2371,0.0
2372,0.000233268547409
2373,0.00236333112339
2374,0.000208156810621
2375,0.0
2376,0.0
2377,0.000247633748117
2378,0.000384643747261
2379,6.57662998735e-05
2380,7.47117056026e-05
2381,0.00331353577979
2382,0.000202389701943
2383,0.00559872909212
2384,0.0
2385,0.00747285676877
2386,0.00291046160011
2387,0.0133257492293
2388,0.000575166529765
2389,0.0
2390,0.0284400228071
2391,0.00473135465948
2392,0.0
2393,0.00740501181409
2394,3.62397538991e-05
2395,0.0015632764627
2396,2.11375790258e-05
2397,0.00459538387949
2398,0.0196582331885
2399,0.00359935259858
2400,0.00809496040897
2401,1.58553266236e-05
2402,0.00362153214559
2403,0.00374088350407
2404,0.0
2405,0.00594510386435
2406,0.00717629665763
2407,0.00578264619023
2408,0.000764703789017
2409,0.00286138707811
2410,0.0
2411,4.68514280176e-05
2412,6.9236791028e-05
2413,0.0122646146734
2414,0.00196745587919
2415,0.0243564676686
2416,0.0063656347567
2417,0.0
2418,0.00628757300792
2419,0.000241157529955
2420,0.00710343657403
2421,0.00295547968193
2422,0.00276452774012
2423,0.0072007181468
2424,0.0125885127616
2425,0.0
2426,0.00268373336691
2427,0.0173617741291
2428,0.0
2429,7.21323095263e-05
2430,0.00845422102423
2431,5.35483811364e-05
2432,0.0
2433,0.0
2434,7.69221551771e-05
2435,0.0
2436,0.0216008771243
2437,0.00770808114531
2438,0.00324393344032
2439,1.9860006844e-05
2440,0.00572980512777
2441,7.79529342885e-05
2442,0.0014492934221
2443,3.56017772223e-05
2444,0.0
2445,0.0
2446,0.000134193740025
2447,0.00279747999705
2448,0.011222341654
2449,0.00421894649872
2450,0.0
2451,0.014482785802
2452,0.000755728884773
2453,0.0
2454,0.0190447223071
2455,0.00840496648783
2456,0.0171859837533
2457,0.000117494190013
2458,0.000188073488629
2459,0.0
2460,0.0
2461,0.0
2462,0.00217746584276
2463,0.0
2464,0.00633821474918
2465,0.0151918595357
2466,0.000240554816906
2467,0.00904549324555
2468,0.00143423690401
2469,0.0191573451914
2470,0.0
2471,5.78567403373e-05
2472,0.0209546000668
2473,0.00448431718307
2474,0.00510633531059
2475,0.00470298590904
2476,0.0102225107869
2477,0.0
2478,0.00423164077788
2479,0.0
2480,0.000665308602935
2481,0.0
2482,0.00150880807666
2483,0.00514804909289
2484,0.0176651327716
2485,0.0
2486,0.0
2487,9.06994401229e-05
2488,0.00668713232079
2489,0.0319999281543
2490,0.00712542751786
2491,9.59715225943e-05
2492,0.0
2493,6.11671552924e-05
2494,0.000175536553783
2495,0.0
2496,0.00905469597491
2497,0.0
2498,0.00277494848653
2499,9.48387696691e-05
2500,0.0312827440119
2501,0.00132614063143
2502,0.0
2503,0.0
2504,0.0161984816396
2505,0.0
2506,0.00745094342599
2507,0.0171281253331
2508,0.0
2509,0.00369436374945
2510,0.00860950333412
2511,0.0132611662859
2512,0.00262392635216
2513,0.0
2514,0.00072721035439
2515,0.00629614746676
2516,9.83638512908e-06
2517,0.00269491656573
2518,1.81758661757e-05
2519,6.31002909923e-05
2520,6.27380305982e-05
2521,2.12798758876e-05
2522,0.00560446472143
2523,0.0
2524,0.0
2525,0.0
2526,0.000167766863422
2527,0.00232166279504
2528,0.000150301293038
2529,0.00952101320597
2530,0.000372956618312
2531,0.00317271409727
2532,0.0
2533,1.82891336382e-05
2534,0.0
2535,0.00534983816502
2536,0.00276754857205
2537,1.9798215249e-05
2538,0.000247904200914
2539,0.0
2540,0.0
2541,0.00509800671796
2542,0.00498210391118
2543,0.000464229993776
2544,0.0
2545,0.00273695426066
2546,3.14949338618e-05
2547,0.000210166507102
2548,0.00716431230445
2549,0.00131697130898
2550,2.14639935812e-05
2551,1.69779503287e-05
2552,0.0
2553,0.0050460761787
2554,0.0237614100669
2555,0.0
2556,2.02138152487e-05
2557,4.49318797227e-05
2558,0.00639117700783
2559,0.0254514523853
2560,0.000145059438172
2561,0.00886517514852
2562,0.0
2563,0.0104483113352
2564,0.0
2565,0.0
2566,0.000964556680008
2567,0.0103061164572
2568,0.0
2569,0.0115482263605
2570,0.0282182586411
2571,0.0
2572,0.0
2573,4.60017455941e-05
2574,0.000147583412708
2575,0.0
2576,0.00017437917392
2577,0.0131684700482
2578,0.0
2579,4.66312487495e-05
2580,0.0
2581,0.00338118068378
2582,0.00836897087079
2583,0.00747173696057
2584,3.04085594589e-05
2585,0.00384626196744
2586,0.0115549801312
2587,0.0
2588,0.00311454326614
2589,0.00519833019457
2590,0.0
2591,0.0
2592,0.0
2593,0.0051739339338
2594,0.0
2595,0.0116180481456
2596,0.0139736164986
2597,0.00698030825856
2598,0.00547209114387
2599,0.0
2600,0.0
2601,0.0035756597378
2602,0.00278417410147
2603,0.0
2604,0.00843323960643
2605,0.000102839558779
2606,0.0
2607,2.32442249737e-05
2608,1.90796078847e-05
2609,0.00249169967014
2610,0.000109783388133
2611,0.00948943064906
2612,0.0
2613,0.00170117121444
2614,0.0
2615,0.000296110038219
2616,4.30600229699e-05
2617,0.0
2618,0.0112658431341
2619,0.0060854916409
2620,5.77789220659e-05
2621,0.0
2622,0.00847644305336
2623,0.00594895445838
2624,2.19866514763e-05
2625,0.00697728103939
2626,0.00117279249146
2627,0.0
2628,0.00418670310765
2629,0.00794177556342
2630,0.000595965546696
2631,6.51540611201e-05
2632,0.0113402283892
2633,0.0117458521868
2634,8.43101826646e-05
2635,0.00192843322767
2636,0.0025076410257
2637,0.0134295119585
2638,0.000203520764787
2639,0.00269915122632
2640,0.000348948553341
2641,0.00319534818316
2642,0.00177897291545
2643,0.0
2644,0.0
2645,0.00671977552705
2646,0.0
2647,0.0
2648,0.000453953989075
2649,0.00874702433788
2650,4.50818726878e-05
2651,3.47176346511e-05
2652,0.002983367729
2653,0.0102405238222
2654,0.000214975911528
2655,0.00854701695009
2656,0.0145736306228
2657,0.00789643838024
2658,0.00278083304636
2659,5.14695092764e-05
2660,0.0165890225984
2661,0.0
2662,0.000112530641088
2663,0.00544855068725
2664,0.00896070407756
2665,0.0
2666,0.0140298402972
2667,0.0189361909406
2668,0.0102638689691
2669,0.0
2670,0.000974135357353
2671,0.00135200753379
2672,9.25452630893e-05
2673,0.0014097139815
2674,0.0131051442866
2675,0.00285159325334
2676,0.00187441212716
2677,0.000630681418496
2678,0.0
2679,0.00321003594811
2680,0.00286667664137
2681,0.000446322876171
2682,0.000233389537674
2683,0.0102103169828
2684,0.00244401532449
2685,0.0130585193955
2686,0.0
2687,0.0102450704844
2688,0.00326608573741
2689,1.80572872779e-05
2690,0.00365026729312
2691,3.89857454759e-05
2692,0.0116133059292
2693,0.0025547598537
2694,0.00462943424158
2695,0.0025167697871
2696,0.00444783536746
2697,0.0
2698,0.000141816993034
2699,6.65074426576e-05
2700,0.00032810133645
2701,0.0121000807011
2702,0.0
2703,3.94952361584e-05
2704,0.00329951630778
2705,0.0
2706,0.00594406672814
2707,0.00388995820522
2708,0.0
2709,0.000343739192988
2710,0.00293031700052
2711,0.00742044311512
2712,0.0
2713,0.00997456921301
2714,0.00280215818831
2715,0.0
2716,0.00415709023537
2717,0.00278097049716
2718,0.00255956808005
2719,0.0
2720,0.00228559928243
2721,0.00224350528612
2722,0.00676219221238
2723,2.23230930332e-05
2724,0.000137578756293
2725,0.00123021641119
2726,0.00327082766557
2727,0.0
2728,0.00029703326101
2729,0.00565277485323
2730,0.000163210561894
2731,6.75600950868e-05
2732,2.85030544154e-05
2733,0.00617923833017
2734,0.00450747034811
2735,0.0
2736,0.000684529366244
2737,0.0
2738,0.00958701960772
2739,0.0023290059458
2740,0.000200421831665
2741,8.26152559128e-05
2742,8.34486278052e-05
2743,2.14595668759e-05
2744,1.45463404553e-05
2745,0.0
2746,0.000111132930953
2747,0.00313446071411
2748,0.0
2749,0.0
2750,0.00604884468871
2751,0.000270733463289
2752,0.0
2753,0.000137927009983
2754,0.00109197720841
2755,0.0
2756,0.0
2757,0.0
2758,0.0
2759,0.000103815009265
2760,0.000396700600992
2761,0.0264776140686
2762,0.00484063539492
2763,0.0
2764,0.0
2765,0.0369567197383
2766,0.000671147695514
2767,4.86160178337e-05
2768,0.00226508454936
2769,0.0
2770,0.0237519871518
2771,3.39700956862e-05
2772,0.0
2773,0.0
2774,0.0
2775,8.48748464821e-05
2776,0.0
2777,0.0
2778,1.67097057626e-05
2779,0.0
2780,1.97274672811e-05
2781,0.0
2782,0.0286529740511
2783,0.0
2784,0.0
2785,0.00459954852839
2786,9.32624121344e-05
2787,0.00342875910028
2788,0.00772387960989
2789,0.0
2790,0.0
2791,0.000190264122276
2792,0.0
2793,8.88357895694e-05
2794,0.00136022675779
2795,6.22530838696e-05
2796,0.012906053642
2797,0.00771283124929
2798,0.0
2799,0.0104626378271
2800,0.00340507604266
2801,0.0100359288922
2802,9.34457243118e-05
2803,0.0
2804,0.00869945353534
2805,0.00291381110508
2806,4.29669592568e-05
2807,0.00889147565216
2808,0.0123925856399
2809,0.0
2810,1.40994765356e-05
2811,8.31660008336e-05
2812,0.00426040308889
2813,0.00124079505343
2814,0.00153577675341
2815,0.00679203032057
2816,0.00713814254808
2817,0.0
2818,0.0
2819,2.27177548076e-05
2820,0.014868525533
2821,0.00511930037076
2822,1.5454495792e-05
2823,0.00146651740116
2824,0.0
2825,0.0
2826,0.00461575593932
2827,0.0109758467427
2828,8.00892967714e-05
2829,3.7418300836e-05
2830,0.00225566989438
2831,0.00744961160364
2832,0.0
2833,0.00145246321678
2834,0.00200853554195
2835,0.0
2836,0.0
2837,2.19294152948e-05
2838,0.0
2839,0.011285609557
2840,0.0
2841,2.47754463594e-05
2842,0.00189838394316
2843,0.00375435072462
2844,0.0
2845,0.0157690332087
2846,0.000742016361559
2847,0.0
2848,0.0
2849,0.00478925005121
2850,7.33598945639e-05
2851,0.00136612345274
2852,0.000105303451127
2853,7.37084561568e-05
2854,0.000132525865593
2855,0.0
2856,0.0100464017467
2857,0.014311188234
2858,0.0
2859,0.000166070683214
2860,0.00898325675375
2861,0.00476386745074
2862,0.000164413322739
2863,1.5729352834e-05
2864,0.00272060297358
2865,0.033161204785
2866,0.000133757192937
2867,0.0
2868,0.0
2869,0.00353809666546
2870,0.00201827691476
2871,0.00756892225493
2872,0.000676788507827
2873,0.00768994346772
2874,0.0
2875,0.00631643197852
2876,0.0
2877,0.0
2878,0.0
2879,0.0
2880,0.000114928098701
2881,0.000134057486167
2882,0.00561890995469
2883,0.00436437880258
2884,0.0
2885,6.6418761381e-05
2886,0.0113660889092
2887,0.0
2888,0.000791354866617
2889,0.00535778934254
2890,0.00480261757021
2891,0.0
2892,0.0014699752364
2893,0.0
2894,0.0120279209633
2895,0.0
2896,0.00720366614668
2897,0.0
2898,0.00464455781155
2899,0.0
2900,0.00631854732981
2901,0.0
2902,0.0
2903,0.000123218830872
2904,0.00621449227022
2905,0.00647064123558
2906,0.0175259099745
2907,1.49249428376e-05
2908,0.0173865554769
2909,0.00102744866902
2910,0.0
2911,6.63191219674e-05
2912,0.00542922883642
2913,0.000134978199751
2914,0.0137583297806
2915,0.0
2916,0.00312548071069
2917,0.0
2918,1.95986051921e-05
2919,0.00012292748202
2920,0.00584785078466
2921,0.0
2922,0.0
2923,0.00294226617304
2924,0.00742829829037
2925,0.00717948490816
2926,0.00658935557426
2927,6.04451102117e-05
2928,0.0
2929,0.0
2930,0.00446933784728
2931,0.0103998340363
2932,0.0142131113071
2933,0.00991633736231
2934,0.00288456260372
2935,0.00310336691292
2936,0.00066537848461
2937,2.23543413096e-05
2938,0.00170397880122
2939,0.00837925074712
2940,3.97259511233e-05
2941,0.0147555664583
2942,0.000782839368357
2943,0.000685964258276
2944,0.00416207902029
2945,0.00998219457525
2946,0.0
2947,0.000246174904942
2948,0.00231285260312
2949,5.59106430087e-05
2950,0.00341070879671
2951,0.0
2952,0.00670414733943
2953,0.000765180553029
2954,0.000195273796973
2955,1.49138013699e-05
2956,0.0
2957,0.00238664397424
2958,0.0
2959,0.0
2960,0.0292605245856
2961,0.0
2962,0.0
2963,7.93291229515e-05
2964,0.00950040300657
2965,0.00243814444925
2966,1.93707901217e-05
2967,0.0
2968,0.0209976231574
2969,0.00016618064756
2970,0.0
2971,0.000755169331703
2972,0.00717283769932
2973,0.000125430033199
2974,0.00235667828015
2975,0.0219737318217
2976,0.000848078985818
2977,1.99899120226e-05
2978,0.00451410865125
2979,0.00807203292763
2980,0.0076143242956
2981,0.0
2982,0.00483719085584
2983,0.0064896596484
2984,0.00381242969769
2985,0.00228178202318
2986,0.00118402373982
2987,0.00205934567837
2988,0.0
2989,0.00645344242846
2990,0.00451360538775
2991,0.00253343896082
2992,0.00357174699961
2993,8.17925116352e-05
2994,0.00706120280575
2995,0.000568995870351
2996,1.75119618766e-05
2997,0.00750642095765
2998,0.0
2999,0.0142968604576
3000,1.30635965983e-05
3001,0.00267691309882
3002,2.97700952698e-05
3003,3.00951659038e-05
3004,2.60997379802e-05
3005,0.0131292761607
3006,0.0
3007,0.00744908842079
3008,0.00467250549598
3009,0.00100660552424
3010,0.016887864086
3011,0.0227645385915
3012,3.4052951686e-05
3013,0.00581841808602
3014,0.0
3015,0.00108345211196
3016,0.0
3017,0.0
3018,0.0
3019,0.0
3020,0.0180712395301
3021,0.00658485750665
3022,0.00131999949334
3023,0.00443508494093
3024,0.0129909003549
3025,0.00100167473289
3026,0.0023637172863
3027,0.00044649083849
3028,0.0
3029,0.0
3030,0.0
3031,0.0
3032,0.0
3033,9.92823269286e-05
3034,0.00562770340865
3035,0.00368442955131
3036,1.41951679171e-05
3037,0.00549948853328
3038,0.00680672351689
3039,0.0153039073978
3040,0.00385042695768
3041,3.41928530063e-05
3042,0.0
3043,0.00732764512948
3044,0.0128403207141
3045,0.000186256476526
3046,0.00698117803273
3047,2.6854699517e-05
3048,5.61339232852e-05
3049,0.000326856091598
3050,0.0
3051,0.00652224130812
3052,0.0220565294992
3053,0.00402786983719
3054,2.07757203086e-06
3055,0.00217205055017
3056,0.000102532081572
3057,2.73298478728e-05
3058,0.0
3059,0.0
3060,0.00389371918407
3061,0.00111589355204
3062,0.00376438392944
3063,0.0063476822164
3064,0.0
3065,0.0
3066,0.0060326109549
3067,0.000145642308186
3068,0.0210820381187
3069,2.24536151272e-05
3070,0.0130130859378
3071,0.0
3072,0.0056010973094
3073,0.0
3074,0.00743362782866
3075,0.00524169553003
3076,0.0015878179281
3077,0.00458238178708
3078,0.0
3079,0.0
3080,0.00204441056394
3081,0.0037727641187
3082,0.0136219376512
3083,0.00546910807568
3084,0.0
3085,0.0
3086,0.00328574920702
3087,0.000657009787345
3088,1.37748101547e-05
3089,0.0
3090,0.0
3091,0.00325927045662
3092,0.0
3093,0.00130153005102
3094,0.00520231585178
3095,0.0
3096,0.00692273379391
3097,0.0175558878435
3098,0.0
3099,0.00316662841701
3100,0.0141269320996
3101,0.00204548688386
3102,1.71839573695e-05
3103,0.00188434087426
3104,0.00998714371718
3105,3.5438550094e-05
3106,0.0
3107,0.0
3108,0.0
3109,3.97165323798e-05
3110,5.70332439844e-05
3111,0.013016779892
3112,0.0
3113,0.00486822178962
3114,0.00195602759183
3115,1.43950554725e-05
3116,0.00592660700114
3117,0.00523245273079
3118,0.0
3119,0.000130447767922
3120,0.0
3121,9.00209820589e-05
3122,0.0132684395505
3123,0.00220766836963
3124,0.00216618876766
3125,0.00646455375572
3126,0.00209214196551
3127,1.37557519331e-05
3128,0.000287385034362
3129,1.66882207719e-05
3130,0.0
3131,3.68323655362e-05
3132,0.0
3133,0.0
3134,0.00203813358551
3135,0.00852009337712
3136,1.26477057201e-05
3137,6.42347284256e-05
3138,0.0140067231378
3139,0.00129441305367
3140,0.0152722648579
3141,0.0
3142,0.000159705706932
3143,5.8241392642e-07
3144,0.0
3145,0.00628741468667
3146,0.00290652150366
3147,0.000757294557213
3148,2.23979518648e-05
3149,0.0
3150,0.00384771933551
3151,0.00137881549504
3152,2.63766523494e-05
3153,0.00542962541582
3154,0.0077558614659
3155,7.5369922667e-05
3156,0.00168531836114
3157,0.000333524224856
3158,3.21002810075e-05
3159,6.17982217812e-05
3160,1.4331926339e-05
3161,0.0116606235431
3162,0.00592677371737
3163,0.00373778421045
3164,0.00387484555589
3165,0.00267744743534
3166,0.00400044688566
3167,1.9838753186e-05
3168,0.0
3169,0.00288807377704
3170,0.0
3171,0.0
3172,0.0185169937237
3173,0.001501713064
3174,2.79520163566e-05
3175,3.24423757392e-05
3176,5.03489349497e-05
3177,0.0152015859611
3178,0.0
3179,0.000127824238231
3180,0.0204501277857
3181,0.00265343212835
3182,0.00222145755578
3183,0.000974228259404
3184,7.65613831191e-05
3185,5.5508603964e-05
3186,0.000476851628999
3187,3.59149179876e-05
3188,0.00744954821064
3189,0.0
3190,0.000590614015011
3191,0.00344096252005
3192,0.0051567653236
3193,0.00634299624527
3194,2.60799261436e-05
3195,7.79955252463e-05
3196,0.0
3197,0.00459000664951
3198,4.28465055076e-05
3199,0.0
3200,0.0163175138171
3201,0.00482741740972
3202,0.00289916101399
3203,4.86564859701e-05
3204,1.75219000087e-05
3205,0.000447188823663
3206,0.00534472318236
3207,0.000326054313449
3208,0.00015049240701
3209,9.31060864171e-05
3210,0.000103161691943
3211,0.0
3212,2.40566064957e-05
3213,0.0199153087316
3214,0.00558238994361
3215,0.0
3216,9.61878680705e-05
3217,0.000135509224767
3218,0.00815146524179
3219,0.00295793223806
3220,0.000171748390443
3221,0.0018710065205
3222,0.0
3223,0.0
3224,1.96484031343e-05
3225,3.21124607194e-05
3226,0.00382544278191
3227,5.49428035836e-05
3228,0.00611041482582
3229,0.000327825743279
3230,0.00589456222226
3231,0.00262173994657
3232,0.0
3233,3.67443747895e-05
3234,0.000136594289927
3235,0.0
3236,0.000599365454817
3237,0.0
3238,0.00409312087358
3239,0.0
3240,0.00265475827467
3241,0.0177735396312
3242,0.0
3243,0.00948978035948
3244,0.00500346654173
3245,0.00122574551028
3246,5.15178481506e-05
3247,0.00979679531047
3248,0.0
3249,0.0
3250,0.00377903997287
3251,0.0
3252,0.0
3253,0.0
3254,0.0103682641618
3255,8.44888398368e-05
3256,1.44198057583e-05
3257,0.0
3258,0.00534235424965
3259,0.00281322407162
3260,0.0
3261,0.0
3262,3.39028645433e-05
3263,3.37953310439e-05
3264,0.0
3265,0.00270971637967
3266,0.00394468956108
3267,0.00381777609109
3268,0.00255573650983
3269,0.0
3270,0.00258563022078
3271,0.0
3272,0.0
3273,0.00975610001472
3274,0.00569131530414
3275,0.00268901783181
3276,0.0129555007261
3277,0.00436860887827
3278,0.0
3279,0.00754645809265
3280,0.00305197010693
3281,7.516994991e-05
3282,1.31285863545e-05
3283,3.54070953597e-05
3284,7.64022765556e-05
3285,0.0
3286,0.0
3287,0.0
3288,0.00985596763497
3289,0.00305619031159
3290,0.00927141331138
3291,0.00205291222555
3292,0.0
3293,0.00511531849937
3294,0.00575507006033
3295,0.0
3296,0.00045981422149
3297,0.00203859296377
3298,0.000141873407356
3299,6.63527161699e-05
3300,0.00593089957966
3301,5.1049019496e-05
3302,0.000158349343168
3303,0.0
3304,4.25512818358e-05
3305,0.0
3306,0.00697298054223
3307,0.0152894990722
3308,0.00388667521528
3309,0.0
3310,0.000595911865118
3311,0.000145855824221
3312,0.00256811834982
3313,0.0
3314,0.00369790366693
3315,0.00106963327707
3316,0.0
3317,0.00486233612391
3318,2.63445204505e-05
3319,3.56416215364e-05
3320,0.00343837099518
3321,4.3424423414e-05
3322,4.72998702383e-05
3323,0.010148444259
3324,0.00255002535071
3325,0.0
3326,0.0
3327,6.6047183696e-05
3328,0.0
3329,0.00597283221395
3330,0.00569175562991
3331,0.0
3332,0.0201509261254
3333,0.00259907694762
3334,0.00739515614514
3335,0.0
3336,0.0
3337,0.0
3338,0.000371634031735
3339,0.0104807538185
3340,0.00834423614564
3341,0.00191348062595
3342,4.53959813713e-05
3343,0.0
3344,0.0
3345,0.0
3346,0.00185134739009
3347,0.0
3348,0.0
3349,0.00915710817851
3350,1.81375247625e-05
3351,0.00196799598647
3352,0.00289323953604
3353,0.0041124389189
3354,0.00394862982574
3355,0.00459640630698
3356,0.0148385503378
3357,0.00206538697536
3358,8.09603593033e-05
3359,0.0
3360,0.0
3361,0.00447697680449
3362,0.00409428710319
3363,0.00610169576534
3364,0.00380886322174
3365,0.000809055499964
3366,4.28175289131e-05
3367,0.00383119540351
3368,0.00551089723566
3369,0.00273599913704
3370,0.00895958342515
3371,0.00614461572169
3372,0.0
3373,0.0
3374,0.000103399463877
3375,0.00535011989558
3376,0.000298135360935
3377,0.0
3378,0.00412707596783
3379,1.29913164604e-05
3380,0.00160269476205
3381,0.0
3382,4.45693818443e-05
3383,0.0
3384,1.85850326972e-05
3385,0.00359614012381
3386,0.0
3387,0.0
3388,0.00388774017633
3389,0.00116325048585
3390,0.0
3391,0.00439256199054
3392,0.0022476830952
3393,0.00860636017268
3394,0.0
3395,0.0095218347222
3396,0.000105609222662
3397,0.0
3398,0.000116343214646
3399,0.000132069160027
3400,0.0241161976465
3401,0.0
3402,0.00479178761986
3403,0.000104843699722
3404,0.0
3405,0.0
3406,0.00374676501211
3407,0.000159156144257
3408,0.0078027337706
3409,0.00820535865121
3410,0.00277699374603
3411,0.00262964667551
3412,1.4132042149e-05
3413,2.83390111191e-05
3414,2.87711248257e-05
3415,7.93450873755e-05
3416,7.34297302678e-05
3417,0.00465435749725
3418,0.00917707256587
3419,0.0
3420,0.00758997330566
3421,0.000219669612972
3422,0.0
3423,0.0
3424,0.0
3425,0.00798098792559
3426,0.0
3427,0.0
3428,2.78867055372e-05
3429,0.00708552884628
3430,0.0
3431,0.00580824753281
3432,3.54268657428e-05
3433,0.00724360582895
3434,0.00251416318789
3435,0.0
3436,3.81849984952e-05
3437,0.00806317314034
3438,0.00352560006591
3439,0.0052954076912
3440,0.0
3441,1.7507519404e-05
3442,3.52516892614e-05
3443,0.00200291979022
3444,0.00451714234266
3445,0.00479440658902
3446,0.0
3447,0.00647198173021
3448,0.00272136383351
3449,2.49610504217e-05
3450,0.00724608506674
3451,0.00741557511271
3452,0.00119933029915
3453,0.000627753605729
3454,0.0035557804894
3455,0.000127689922455
3456,7.87956650288e-05
3457,0.0
3458,0.0
3459,0.00294468077719
3460,0.0059746006967
3461,1.19483809651e-05
3462,5.03375941641e-05
3463,0.0103727459812
3464,0.0
3465,0.0
3466,0.00188082374863
3467,5.84753995163e-05
3468,0.0115796844588
3469,0.0
3470,0.00223289824189
3471,0.00199065204209
3472,0.0105907477601
3473,0.00203341539354
3474,0.0
3475,0.0
3476,0.00495236447987
3477,0.00307343670495
3478,4.42422048295e-05
3479,0.0
3480,0.0
3481,0.000455513750892
3482,0.00752927870018
3483,7.81487665504e-05
3484,3.26821817365e-05
3485,0.00607595791588
3486,0.0
3487,1.74157026964e-05
3488,0.0
3489,0.00411130594636
3490,0.0
3491,0.00289708354439
3492,0.00369586508877
3493,0.00191724131115
3494,0.00514474565413
3495,0.00587352625361
3496,0.00257966765444
3497,3.65708283447e-05
3498,0.00865499116044
3499,0.0
3500,0.0
3501,0.000845820157419
3502,0.0
3503,0.0
3504,0.000372580671666
3505,0.00344085978708
3506,0.0
3507,0.00742612093716
3508,0.0
3509,0.00810070451271
3510,0.0
3511,1.15852572913e-05
3512,0.0
3513,0.0196972265437
3514,0.00160506146212
3515,0.0036099169568
3516,0.0116749201862
3517,0.000456953194434
3518,0.00275245813894
3519,0.00202370077415
3520,0.0126341757714
3521,0.00306604999586
3522,0.00441413030541
3523,0.00170421813832
3524,0.000467409473317
3525,0.0018506670927
3526,1.56805490454e-05
3527,0.00134575483933
3528,0.00609518768748
3529,0.0
3530,0.0
3531,0.00697736278154
3532,4.58350077062e-05
3533,0.00356039786314
3534,0.00182214343417
3535,0.00288794042086
3536,0.00261480377771
3537,4.84544898494e-05
3538,0.0
3539,0.00350071932088
3540,2.28026558147e-05
3541,9.22688453726e-05
3542,0.00694660775552
3543,0.00013086597312
3544,0.0
3545,0.00314202957339
3546,0.0141344515991
3547,3.20052706506e-05
3548,0.000285697440098
3549,0.0202834278411
3550,6.39706525392e-05
3551,0.00257437366206
3552,1.68340261362e-05
3553,0.0
3554,0.0186468308644
3555,0.00184820843002
3556,0.00186881057235
3557,0.0
3558,0.00287062085254
3559,0.0083533224189
3560,0.000104591575324
3561,0.0023623374109
3562,0.00431526215228
3563,1.82798903778e-05
3564,0.00496672324322
3565,0.0
3566,0.000593473643456
3567,0.0
3568,0.0
3569,0.00540185338451
3570,0.000197664189262
3571,0.0
3572,0.00131640453663
3573,9.07724665979e-05
3574,0.0
3575,0.0027005310892
3576,1.22997683962e-05
3577,0.00430127653812
3578,0.00238162083569
3579,0.0
3580,0.00135054919451
3581,3.20108621108e-05
3582,0.00717609617501
3583,5.06172123504e-06
3584,0.0
3585,0.000103605558146
3586,4.72316073346e-05
3587,0.000489833088563
3588,0.0
3589,0.000443039667007
3590,0.000127709890871
3591,1.23277485518e-05
3592,0.0047636098062
3593,6.75968560504e-05
3594,0.00735040843196
3595,0.00327857699904
3596,2.4414917029e-05
3597,0.00184533535196
3598,0.00547741208127
3599,0.00230475404202
3600,0.0
3601,0.0145374378927
3602,2.32449130713e-05
3603,0.0
3604,0.0
3605,3.34277814256e-05
3606,0.00369683698642
3607,0.0
3608,0.000181743540689
3609,2.13009261616e-05
3610,0.0279877646633
3611,0.0
3612,0.00172915438394
3613,0.00236132581859
3614,2.78884035501e-05
3615,0.00022867670886
3616,0.0
3617,0.00231720229903
3618,0.000200263030978
3619,3.63835908215e-05
3620,0.0
3621,0.000271496814163
3622,6.16841138013e-05
3623,0.0
3624,7.28438662421e-05
3625,0.0121991556164
3626,0.0
3627,0.00182511132695
3628,0.000511633052969
3629,9.97310355939e-05
3630,0.00471295190538
3631,0.0
3632,5.30450356839e-05
3633,7.32338762992e-05
3634,0.00998986226687
3635,0.000768518352816
3636,0.0028042848842
3637,6.77494633257e-05
3638,0.000447180016724
3639,0.0158960257086
3640,0.000271503625162
3641,0.0050915707414
3642,0.00314119960344
3643,3.2082635137e-05
3644,0.00262697178813
3645,0.00380878981326
3646,0.00027892998826
3647,2.62784216822e-05
3648,1.50970296247e-05
3649,0.00284978211618
3650,0.00351223122732
3651,0.0
3652,0.000577913205476
3653,0.0
3654,2.53902242906e-05
3655,0.0
3656,0.0201264799442
3657,0.0
3658,3.58046270033e-05
3659,0.0072957747113
3660,0.00205563397102
3661,0.0
3662,0.00086583687132
3663,0.0
3664,0.000147320074534
3665,0.00225576788555
3666,0.00319597544757
3667,0.00629387470454
3668,0.00734744843806
3669,0.0
3670,0.0
3671,0.00471935395804
3672,0.0
3673,0.00669053533753
3674,0.00175719041266
3675,2.16671168278e-05
3676,0.000157380976582
3677,0.00044215304093
3678,0.00019348613857
3679,0.0
3680,0.0
3681,0.0
3682,0.00232874725163
3683,0.00111078958548
3684,0.00351483928544
3685,0.00470481375116
3686,0.00985334664933
3687,0.0
3688,0.0026621908475
3689,0.00229279844388
3690,0.00857764810846
3691,0.0069436356695
3692,0.0
3693,3.51361490485e-05
3694,0.0
3695,0.0
3696,0.00524896838269
3697,0.00176936103051
3698,0.00789661823836
3699,0.000176686794963
3700,1.22414337178e-05
3701,0.0
3702,0.000104879756682
3703,0.0
3704,0.0
3705,0.0
3706,0.00548455900096
3707,0.00670125632781
3708,0.00264512222974
3709,3.62790171655e-05
3710,0.0
3711,0.0
3712,0.00233100433393
3713,0.00543973466994
3714,0.00365540994946
3715,0.00467597242678
3716,3.33916373561e-05
3717,0.00299677648102
3718,0.000615076635715
3719,0.00752679946798
3720,0.00344296064946
3721,0.0052705739264
3722,0.00241670814367
3723,0.00180344187764
3724,0.0
3725,0.00259205383944
3726,0.00824404204717
3727,0.00237309670479
3728,0.0
3729,3.29800863246e-05
3730,9.31559783504e-05
3731,0.00244928431305
3732,0.00448877666025
3733,0.00187042060425
3734,0.000333984957928
3735,0.00341863498862
3736,0.0120799600134
3737,0.000363621310493
3738,0.000841258436032
3739,0.00868306615168
3740,9.2611471699e-05
3741,0.00486670532404
3742,0.0
3743,0.00197252521796
3744,0.0
3745,0.00023871829782
3746,0.00199222437654
3747,4.13571445064e-05
3748,4.56969060787e-05
3749,0.0
3750,0.0
3751,0.00704415432349
3752,8.10480012929e-05
3753,3.13341599405e-05
3754,0.00536822481874
3755,0.00566418487213
3756,0.000182792133229
3757,0.00155756380009
3758,0.0
3759,0.0104680216709
3760,0.000302909429308
3761,0.00245775812593
3762,0.00236506135886
3763,0.00238058562878
3764,0.0
3765,6.78174378388e-06
3766,0.00172056056276
3767,0.00730086050209
3768,2.44738911421e-05
3769,0.0
3770,0.00603021808626
3771,0.0
3772,0.00908009768518
3773,0.0010922293405
3774,0.00307967317206
3775,3.44588998198e-05
3776,0.010133815354
3777,7.13841888751e-05
3778,0.00466939732149
3779,0.0
3780,0.00258380438275
3781,3.00599578944e-05
3782,0.00191401085083
3783,0.000887918188303
3784,0.00308013719715
3785,0.0
3786,0.0
3787,0.000190466869703
3788,3.09488684658e-05
3789,0.0
3790,0.000396730234326
3791,0.0
3792,2.39407907721e-05
3793,0.0164045662479
3794,0.00110296590082
3795,0.0
3796,0.0
3797,0.00288490052141
3798,0.00280258298755
3799,0.0108596026599
3800,0.006920735437
3801,0.00305577799411
3802,0.00850471313857
3803,0.00020440211011
3804,0.00456077460666
3805,0.00224057818431
3806,0.00271151938314
3807,0.00169440776357
3808,0.0
3809,0.00909320208331
3810,0.0
3811,0.0
3812,9.81178386765e-05
3813,0.0070064476656
3814,0.00302318970086
3815,0.00165761917555
3816,0.00243554843231
3817,0.00183067062125
3818,6.92685007015e-05
3819,0.000641600920426
3820,0.00188775713711
3821,0.000425366907621
3822,0.00107054275511
3823,0.0124704037289
3824,1.89864082456e-05
3825,0.0
3826,3.2686114142e-05
3827,0.0
3828,0.0
3829,0.0012040381773
3830,0.00274266474963
3831,0.0
3832,0.00485206236617
3833,0.00196793778014
3834,0.0
3835,4.08890350272e-05
3836,0.0
3837,0.00701505781917
3838,0.00183044253509
3839,0.000882651787523
3840,0.0152798424009
3841,5.63463976495e-05
3842,0.00235264899257
3843,8.90013442496e-05
3844,1.6032149341e-05
3845,0.00205889198957
3846,0.00305470554986
3847,0.0103112160903
3848,0.00541954182945
3849,0.00521899375607
3850,0.00018029432022
3851,8.23320989785e-06
3852,2.18657096172e-05
3853,9.53146217353e-05
3854,0.0105872548373
3855,5.13653181291e-05
3856,0.00419458259863
3857,0.0127985087738
3858,6.16396166242e-05
3859,0.000687103225801
3860,0.000156772451992
3861,0.026138114686
3862,0.0
3863,0.00349505757971
3864,0.00746848948973
3865,0.00391783172124
3866,0.00377019625691
3867,2.6889242235e-05
3868,0.00109208921134
3869,0.00895357591196
3870,0.000277429869282
3871,0.0006923463934
3872,0.00367773270779
3873,0.000743575849792
3874,0.00800210019382
3875,0.0112692958441
3876,0.00349925805446
3877,0.00334739232895
3878,0.00168645736453
3879,0.0120301895348
3880,1.13759583162e-05
3881,1.58367413094e-05
3882,0.00807688689111
3883,0.0
3884,2.37116961732e-05
3885,0.0
3886,0.0
3887,0.00401879104616
3888,0.0
3889,3.02929582841e-05
3890,0.00282687210314
3891,1.40807955451e-05
3892,2.57932963992e-05
3893,0.00431947278807
3894,0.0
3895,1.44222408309e-05
3896,0.0
3897,0.0
3898,0.0103988014445
3899,0.00419977325922
3900,0.00438574191262
3901,0.000331447572931
3902,2.32655131263e-05
3903,0.00631578198578
3904,0.0
3905,0.0
3906,0.0005404127224
3907,0.000585628660307
3908,0.0
3909,0.0
3910,0.0
3911,0.000115410264938
3912,0.00911303843978
3913,0.0
3914,1.67018452579e-05
3915,0.0
3916,0.0
3917,0.00442902436268
3918,0.0
3919,0.00316866612368
3920,4.47198309335e-05
3921,0.0071212496001
3922,0.0
3923,0.0
3924,0.0
3925,4.73720165006e-05
3926,0.0
3927,0.00257076976292
3928,1.4256915907e-05
3929,0.0116429164925
3930,1.43970092008e-05
3931,0.00302848261953
3932,0.0
3933,0.0114536652661
3934,0.0124298775044
3935,0.0
3936,2.38205066037e-05
3937,0.0
3938,0.0
3939,5.59614532216e-05
3940,0.00102303637079
3941,4.67872456826e-05
3942,1.1046375922e-05
3943,0.00281992993866
3944,0.00298759129628
3945,0.0
3946,0.00605110781881
3947,0.0
3948,0.0
3949,2.12603231247e-05
3950,0.00490169310828
3951,0.0
3952,6.53222118814e-05
3953,0.000187897744877
3954,0.00199771272682
3955,0.0
3956,0.00185491767025
3957,3.33171814102e-05
3958,0.015591461621
3959,0.00174105392742
3960,0.00868120060092
3961,0.000127375379761
3962,1.68817412858e-05
3963,0.00385471998569
3964,0.00335142422369
3965,0.00633993603972
3966,1.13347573341e-05
3967,0.0
3968,0.0
3969,0.00977345447
3970,0.0
3971,3.31164775451e-05
3972,0.0
3973,0.0
3974,0.00773474154383
3975,0.00380452958168
3976,0.0186269848991
3977,0.0
3978,0.00167303892151
3979,0.0
3980,0.0
3981,0.000371624078259
3982,0.00428763127636
3983,0.00213845796941
3984,1.04865595736e-05
3985,0.00161952228952
3986,2.90613837346e-05
3987,0.00177676868823
3988,0.000204881773362
3989,0.00441000974856
3990,0.000735154560879
3991,0.0
3992,0.00117726980971
3993,0.0
3994,0.0
3995,0.00489670933495
3996,0.00559088343262
3997,0.00201182097238
3998,0.0
3999,0.0
4000,1.64412858208e-05
4001,0.0
4002,0.0016507224032
4003,0.00458837077934
4004,0.00712216860092
4005,7.57755154308e-05
4006,0.00207439946585
4007,0.0
4008,0.000106760144004
4009,0.00645371921397
4010,1.31792522557e-05
4011,0.00230686271461
4012,2.37264164231e-05
4013,5.41353080421e-05
4014,0.00155192304103
4015,6.73012356351e-05
4016,0.0
4017,0.0153969469659
4018,0.00203035096727
4019,1.02375319484e-05
4020,0.00402134139222
4021,9.34936408661e-05
4022,3.08315723383e-05
4023,0.000840036457592
4024,0.00866194143027
4025,0.00287808500228
4026,0.00161935920339
4027,0.00243162055842
4028,0.00238945381765
4029,0.00119936504297
4030,2.72097359102e-05
4031,0.0015286418519
4032,8.03187227598e-05
4033,0.00160862687104
4034,0.0122762342401
4035,1.12352745227e-05
4036,0.0
4037,0.0120411966342
4038,0.0131657058934
4039,0.0
4040,0.0023078712373
4041,0.00401800825806
4042,9.409169897e-06
4043,0.0
4044,0.000166665513783
4045,0.00497675403847
4046,0.00171541772477
4047,5.80178750367e-05
4048,4.37565737368e-05
4049,2.1058585657e-05
4050,0.00966400000672
4051,0.00304039643642
4052,0.0
4053,0.00542599525267
4054,4.94779751357e-05
4055,0.00309865555722
4056,1.39438612443e-05
4057,0.00301977077158
4058,0.0
4059,0.000301493539152
4060,5.78399232958e-05
4061,0.0
4062,0.00297707369606
4063,0.0
4064,0.0
4065,0.0
4066,4.18033672549e-05
4067,0.00449084677689
4068,5.09191242428e-05
4069,0.0134798578327
4070,0.00730390276795
4071,0.000149426378727
4072,0.00423958389714
4073,0.00374753666999
4074,0.0
4075,1.03526322301e-05
4076,0.00458974697662
4077,0.0184740140945
4078,0.00356080501043
4079,0.00162101543598
4080,0.00230901146289
4081,0.00401299976335
4082,0.0
4083,2.14279879431e-05
4084,0.00427132508021
4085,0.00288663224178
4086,0.00488273111467
4087,0.000132876237388
4088,2.74989875892e-05
4089,0.0
4090,0.00354904838244
4091,1.38880364773e-05
4092,0.00666583708511
4093,0.00634877431142
4094,2.31840049123e-05
4095,0.00200720931015
4096,0.00489862068378
4097,0.00198417589861
4098,0.0
4099,3.0802732744e-05
4100,0.00542372365164
4101,0.00148267348384
4102,2.50347183015e-05
4103,0.0
4104,0.00300059235975
4105,0.00561500725094
4106,0.0
4107,0.000862235206278
4108,5.00831891395e-05
4109,0.00351713709461
4110,0.00383332822119
4111,0.00105850801969
4112,0.0
4113,0.00185963455437
4114,0.00501309622716
4115,0.0
4116,0.0
4117,0.0045443520881
4118,0.00051390687479
4119,0.0
4120,0.00206508238583
4121,7.56554291002e-05
4122,0.00248014212444
4123,0.00184807146859
4124,0.0110643723159
4125,2.53252014732e-05
4126,0.0
4127,0.0056278106937
4128,0.00788884991936
4129,0.0
4130,0.00558449760506
4131,0.00769342913684
4132,0.00157420886639
4133,0.000429297291797
4134,0.00586970520421
4135,1.04727554331e-05
4136,0.0044235168976
4137,0.0
4138,0.00602430067963
4139,0.028647513592
4140,0.00372935033326
4141,0.00300191646127
4142,0.0
4143,0.0
4144,9.95362350498e-06
4145,0.00364292331389
4146,0.0
4147,0.00152540455166
4148,0.0002380473444
4149,0.0031703215964
4150,0.00463788178596
4151,0.00605248588464
4152,0.0
4153,0.00252679018044
4154,0.00224699162195
4155,0.0
4156,2.60893546415e-05
4157,5.86171588255e-05
4158,0.00227639118994
4159,0.00407845374223
4160,0.00508080710555
4161,0.0
4162,0.00214731218983
4163,0.00190010632367
4164,3.63398077066e-05
4165,0.00118796631648
4166,6.40641820633e-05
4167,0.00528295901235
4168,0.00808912670056
4169,1.60584104316e-05
4170,0.00157052723654
4171,3.06246572954e-05
4172,0.0
4173,1.4324742537e-05
4174,0.0
4175,0.00638962955047
4176,0.0
4177,0.0
4178,0.0
4179,0.0
4180,1.0480392592e-05
4181,4.53141502366e-05
4182,0.00646710794249
4183,0.00386551558197
4184,0.00484467372137
4185,0.000275189321203
4186,0.00748747590715
4187,0.00227603064863
4188,0.0
4189,0.0
4190,0.00506285434977
4191,0.00379544050956
4192,0.002687515269
4193,0.000547524707062
4194,0.0
4195,3.06956069647e-05
4196,2.84450686729e-05
4197,0.0
4198,0.0
4199,0.0
4200,0.00236640415807
4201,0.0
4202,0.00035398267963
4203,0.00493110610165
4204,0.0
4205,9.18690789655e-05
4206,0.00457214954675
4207,0.0
4208,0.0
4209,0.0
4210,0.0
4211,0.0
4212,0.00450887855873
4213,0.0128813100047
4214,1.54563576964e-05
4215,0.0
4216,0.0
4217,2.80759778124e-05
4218,0.00468378298793
4219,0.0136532499674
4220,0.000331542897852
4221,0.0
4222,0.0042710725577
4223,1.01714024763e-05
4224,0.0
4225,0.0
4226,1.42780627641e-05
4227,9.79219471287e-06
4228,0.0
4229,0.0
4230,0.00199417064922
4231,4.51775967858e-05
4232,0.00531946190815
4233,0.0
4234,0.00309538803231
4235,0.00947564744852
4236,0.00290902251404
4237,0.00436781861365
4238,0.00218896547848
4239,0.0
4240,0.0
4241,0.00780506317078
4242,0.00358821314537
4243,0.000198641020095
4244,0.0
4245,0.000467655713605
4246,0.00149525126266
4247,0.00220517984791
4248,0.00208126473601
4249,0.00629054067115
4250,0.00443533642176
4251,0.00345393252716
4252,0.000231554048908
4253,0.0
4254,0.00299067056425
4255,0.00162595257899
4256,0.000689870774292
4257,0.00210578957403
4258,0.00840763064378
4259,0.0101939495585
4260,0.00215125977519
4261,0.00204990069984
4262,0.00471851185758
4263,0.0102748375051
4264,0.0
4265,0.00266699043395
4266,0.00209486393627
4267,0.00414268250343
4268,0.000281883923286
4269,0.00204817912341
4270,0.00333017669174
4271,0.0
4272,0.00217868349873
4273,0.00232960715664
4274,0.000160573073
4275,2.95352142254e-05
4276,9.40640821709e-05
4277,1.10226111172e-06
4278,0.0
4279,0.00687977383323
4280,0.000213759648267
4281,0.00617838932368
4282,0.0
4283,0.0
4284,0.00373113360127
4285,0.0
4286,0.0001747634997
4287,0.00952417683985
4288,0.00357072013434
4289,1.10059106855e-05
4290,0.00178635870213
4291,0.00153656039837
4292,0.0
4293,0.00172724650978
4294,0.00559229961843
4295,0.000166131790387
4296,0.00605807602278
4297,4.83470387622e-05
4298,4.76368612952e-05
4299,0.00274458009653
4300,0.0045693771694
4301,0.00229707645679
4302,0.0
4303,0.00448877299237
4304,0.00210749657681
4305,0.0014501939741
4306,8.94675726526e-06
4307,0.0025395267346
4308,0.00195744399583
4309,0.0
4310,0.0020769620074
4311,0.0
4312,0.0
4313,5.80846332396e-05
4314,2.9475452068e-05
4315,0.00254637559402
4316,0.00287134662191
4317,0.00388638145397
4318,5.65066024962e-05
4319,0.00458093773723
4320,0.000172941939776
4321,0.00210280695595
4322,0.0
4323,0.000153170696421
4324,0.0
4325,0.0
4326,0.00478517997092
4327,9.48769973914e-05
4328,3.66340786311e-05
4329,0.0
4330,0.00479159753159
4331,0.000236254017697
4332,0.0022502947738
4333,1.85606542376e-05
4334,1.84263380305e-05
4335,0.00224005805396
4336,0.00415602660261
4337,0.0
4338,0.00645075949773
4339,0.0
4340,0.00545643417041
4341,0.0
4342,0.00549450208003
4343,0.00436745234653
4344,5.63407885386e-05
4345,9.25582669207e-05
4346,0.0
4347,0.0
4348,0.0
4349,0.0
4350,0.000122400982763
4351,0.0
4352,0.00305970321463
4353,0.0
4354,0.010990936437
4355,0.000915543330441
4356,3.31083019751e-05
4357,0.00806430195672
4358,0.0168934882815
4359,1.2124033296e-05
4360,2.51931894879e-05
4361,0.0
4362,0.000100971619264
4363,0.00823076394995
4364,0.0
4365,0.0
4366,0.0
4367,0.0034986402991
4368,4.87389669757e-05
4369,0.0
4370,0.0
4371,6.30141790134e-05
4372,0.00430420157172
4373,0.00278190677446
4374,6.50815019068e-05
4375,0.0
4376,1.40021832808e-05
4377,0.0
4378,0.00486652991892
4379,0.00509444275691
4380,7.85846085547e-05
4381,0.00141938439793
4382,0.0081780016625
4383,0.0
4384,0.0103980845771
4385,3.13701469814e-05
4386,7.71769267067e-05
4387,0.0
4388,0.00136502563946
4389,0.00148261204467
4390,0.0
4391,4.5485913621e-05
4392,0.0
4393,0.00193073799927
4394,0.00668783040786
4395,0.00173942367047
4396,0.0
4397,9.2460327616e-05
4398,0.0
4399,4.08300540911e-05
4400,0.0
4401,0.00386429698689
4402,0.000248294869062
4403,0.00590172584016
4404,0.00568377561743
4405,2.69024901045e-05
4406,0.0128135398894
4407,9.75446633156e-06
4408,1.36985763159e-05
4409,0.000900732138772
4410,0.00159252700812
4411,0.000804190244167
4412,2.40209029263e-05
4413,0.00962918893282
4414,9.34801931596e-06
4415,4.38371481288e-05
4416,3.73068852375e-05
4417,1.63206340984e-05
4418,0.00837313710967
4419,0.0
4420,5.53039137241e-05
4421,0.0141393632584
4422,0.00429754707281
4423,0.00493025886178
4424,0.0
4425,0.0
4426,0.000121170976934
4427,0.00443313284518
4428,0.0
4429,1.35095842619e-05
4430,0.000325343568103
4431,9.30168047106e-05
4432,0.00305729161644
4433,0.0
4434,0.0170632875111
4435,0.00167186659176
4436,0.00140536764589
4437,0.00431581254003
4438,0.0
4439,0.0
4440,9.64868514131e-05
4441,0.0
4442,3.41613538781e-05
4443,0.0
4444,0.000180868597377
4445,5.5583297931e-05
4446,4.21896508755e-05
4447,0.0169752296406
4448,0.0
4449,0.00253560121764
4450,0.0015538019207
4451,0.00277952828757
4452,0.0
4453,0.00815722424863
4454,0.0
4455,0.00149980450508
4456,3.58932545135e-05
4457,8.37784799268e-06
4458,0.00515939378524
4459,0.00022614041348
4460,0.00260739060997
4461,0.00726894420771
4462,0.0126551268515
4463,0.0
4464,0.00782049617993
4465,0.0
4466,0.00285058461398
4467,0.00186715876949
4468,0.0125192754445
4469,0.000207585115203
4470,3.75944677793e-05
4471,1.98251160084e-05
4472,0.00923117491779
4473,0.0
4474,1.27624404218e-05
4475,9.09938366789e-06
4476,0.00188743898274
4477,1.95970680319e-05
4478,0.00456226000709
4479,0.0
4480,0.00202373644896
4481,1.88763402056e-05
4482,0.00454167035243
4483,0.0
4484,0.00017290218816
4485,0.00619579804391
4486,0.00345444261259
4487,2.84616357868e-05
4488,3.25750249175e-05
4489,0.00017669801725
4490,0.00841400911022
4491,1.92012984681e-05
4492,0.0
4493,7.26696601645e-05
4494,0.0
4495,0.0115299933095
4496,0.00249024046278
4497,0.00278369541834
4498,0.0
4499,0.00215025024644
4500,0.0
4501,0.00040905619161
4502,0.00144081455829
4503,0.00229334871016
4504,4.29803551714e-05
4505,5.37040221777e-05
4506,0.00156772701002
4507,0.0
4508,0.00907804298658
4509,0.011731224797
4510,0.0132885629729
4511,0.00216961255305
4512,0.000118461166509
4513,5.84717535435e-05
4514,0.00576962816327
4515,0.000500245752872
4516,0.00576220103648
4517,8.14280049477e-06
4518,0.00014147711159
4519,0.00449851568765
4520,0.0
4521,0.00286914676897
4522,0.0
4523,0.0
4524,0.00273213100878
4525,0.00658092673324
4526,4.9714998696e-05
4527,0.00553342517267
4528,0.00274596838296
4529,0.0
4530,0.0
4531,0.000785157311168
4532,0.00087062645756
4533,0.00382130843123
4534,0.0
4535,0.0
4536,0.0021418897919
4537,0.000312418446323
4538,0.00460232197704
4539,0.00135745433788
4540,0.0
4541,0.00482813241958
4542,7.92805982082e-05
4543,0.00695153053082
4544,0.0
4545,0.0
4546,0.00857142407799
4547,4.6635388725e-05
4548,0.0
4549,0.00521620913712
4550,0.00318029073088
4551,0.00262514597209
4552,0.000364052954533
4553,0.000994743055605
4554,0.00392091609413
4555,0.00288151630865
4556,0.00420384529558
4557,0.00173140019452
4558,0.0013519056303
4559,0.00631981595326
4560,0.0014249838463
4561,0.0
4562,0.00526720373003
4563,4.71860343292e-05
4564,0.00416978989592
4565,0.00564155686342
4566,3.41934440624e-05
4567,0.0
4568,0.00210219877319
4569,8.20132759585e-05
4570,0.00774499240922
4571,0.00177553334934
4572,0.00142351842397
4573,0.00230538942633
4574,0.00309198230348
4575,0.00116334748139
4576,0.00197123800634
4577,0.0079094858545
4578,0.0095766486801
4579,0.0
4580,0.00463281660986
4581,0.0021931527285
4582,0.000985603309491
4583,0.00220264526432
4584,0.0134085620096
4585,0.00190182390039
4586,0.0128363110087
4587,0.00140005627021
4588,0.00177807306234
4589,0.0
4590,0.00280473999134
4591,1.76878664955e-05
4592,1.13559196269e-05
4593,0.0
4594,0.0
4595,0.0
4596,0.000212584104351
4597,0.00422243310919
4598,0.00172547947608
4599,0.00252477781289
4600,0.00858263722266
4601,0.0
4602,0.000527129125654
4603,0.00264786164324
4604,0.0
4605,1.28296798421e-05
4606,6.06137255019e-05
4607,0.0
4608,0.0
4609,0.0026446477821
4610,0.00625362255213
4611,2.34863830291e-05
4612,0.0
4613,0.0
4614,0.0
4615,3.51876697957e-05
4616,0.0
4617,0.000907924046727
4618,0.00325737732231
4619,0.00470670443259
4620,0.003116878986
4621,0.00280948659259
4622,0.0
4623,0.00641224554635
4624,0.00267271677132
4625,0.00280593305089
4626,0.0
4627,1.35793485714e-05
4628,0.0
4629,0.00419857536103
4630,0.00366100181613
4631,0.00177872144432
4632,0.00264247156125
4633,0.0
4634,0.00139963821797
4635,0.00152064362727
4636,1.22320734373e-05
4637,1.94542535801e-05
4638,0.000257008639669
4639,4.09358991611e-05
4640,0.0
4641,0.00225622667155
4642,0.00399396349555
4643,0.00781151547368
4644,0.00789608013134
4645,0.00634870954464
4646,0.0
4647,0.00154156721769
4648,0.0
4649,1.24089587459e-05
4650,0.00543480753302
4651,1.50613744481e-05
4652,0.0
4653,0.00153372548864
4654,0.0010070579095
4655,1.28439893206e-05
4656,0.00241519154793
4657,2.5016355889e-06
4658,4.83400934899e-05
4659,2.01173618848e-05
4660,0.0177901223259
4661,3.47443526825e-05
4662,0.0
4663,6.03398189307e-05
4664,0.000156889489857
4665,0.000289919371158
4666,0.0
4667,0.00427379323842
4668,0.00414697939599
4669,0.000715078635859
4670,2.81186368483e-05
4671,0.0
4672,0.00764859058957
4673,1.30305865542e-05
4674,0.0
4675,0.000132328014009
4676,0.0135766171543
4677,0.00791980013974
4678,0.00198142087607
4679,1.86044109665e-05
4680,1.65527220468e-05
4681,0.00290549327825
4682,0.0
4683,0.000267751251078
4684,0.000257835450693
4685,0.00379607336742
4686,1.22963082507e-05
4687,0.000657175371193
4688,8.0525804186e-05
4689,0.00375487959211
4690,0.000104613582542
4691,0.0
4692,0.0
4693,0.0
4694,0.0
4695,0.00060198597439
4696,0.0186876082675
4697,0.000412716836438
4698,4.82810591236e-05
4699,1.21748895476e-05
4700,0.00357533442657
4701,2.41900209246e-05
4702,0.0105826517142
4703,0.0
4704,0.0
4705,0.002591014438
4706,0.00380864509634
4707,0.00177229454356
4708,0.0
4709,6.44526398164e-06
4710,0.00224054511326
4711,0.00104629899481
4712,0.00600946507392
4713,0.00204018804284
4714,0.00218003317743
4715,3.01457234171e-05
4716,1.68805137224e-05
4717,4.26737396335e-05
4718,0.00496853948792
4719,0.000648731016663
4720,0.0
4721,0.0
4722,0.00272020210796
4723,0.00337588908089
4724,0.0
4725,0.00271350532293
4726,0.00362464470572
4727,0.0
4728,0.0
4729,6.59718905673e-05
4730,0.00771968501994
4731,0.00248518463241
4732,0.00454718496214
4733,4.82076470947e-05
4734,0.0
4735,0.00653353402281
4736,7.02333585521e-05
4737,0.00675940076895
4738,0.00384098123771
4739,0.0
4740,0.0153474698499
4741,0.00299734713773
4742,9.22300683062e-05
4743,0.00524175653056
4744,0.0016885541333
4745,0.0053009831209
4746,0.00168528862578
4747,0.00145029369983
4748,0.00517429339563
4749,0.000183168609222
4750,0.00253572163522
4751,0.00572265681887
4752,0.00179283832682
4753,0.00025973021396
4754,0.0
4755,0.0
4756,0.0
4757,1.48257970256e-05
4758,0.00224664030916
4759,0.00146710921493
4760,0.00983488646941
4761,0.0021870147644
4762,9.2498401568e-05
4763,0.00262184860854
4764,0.00222524347798
4765,0.00365237921273
4766,8.87052144005e-06
4767,1.16896126259e-05
4768,0.00353741713713
4769,0.00632840742246
4770,0.0
4771,0.0
4772,0.000127315212274
4773,0.00401927396223
4774,0.00204038611008
4775,0.0
4776,0.0
4777,0.0
4778,0.00892814785046
4779,8.46859050885e-06
4780,0.0
4781,0.00323987798096
4782,0.00134480057201
4783,0.00205756551672
4784,0.00138412864334
4785,0.00029577978774
4786,0.0042998697909
4787,0.0
4788,0.0
4789,0.0
4790,0.00210006592858
4791,0.00286272880697
4792,0.0
4793,0.000954167518038
4794,4.08815361728e-05
4795,0.00267240865309
4796,8.70428942257e-06
4797,0.0
4798,8.8153342261e-05
4799,0.0046579809
4800,0.0
4801,3.27387860146e-05
4802,0.00134721083825
4803,0.00890609613259
4804,0.00199573822523
4805,0.00388252931369
4806,0.0019358367261
4807,0.00132335174559
4808,0.0028470094444
4809,4.03158128486e-05
4810,0.00169726281953
4811,0.0
4812,0.0
4813,0.0
4814,0.000556472045981
4815,0.00267910758546
4816,2.68017912801e-05
4817,0.00138959905356
4818,0.00110847552468
4819,0.00203079573579
4820,0.0
4821,0.00465206336209
4822,0.00954372126338
4823,0.0
4824,0.000215434330717
4825,0.00276749067945
4826,0.00397077179898
4827,0.0
4828,0.00391417891041
4829,9.47199457904e-05
4830,0.0
4831,0.0019301166149
4832,0.00260969964671
4833,0.00484261234477
4834,4.74341494727e-05
4835,0.00382839649263
4836,0.0
4837,0.000129417657017
4838,0.00505530910253
4839,0.0
4840,0.0
4841,0.0
4842,0.00399631554848
4843,0.00284646422276
4844,0.00506960922907
4845,6.73858031899e-05
4846,2.51223160563e-05
4847,3.76497735748e-05
4848,0.00276764361162
4849,0.00128540683423
4850,0.0
4851,8.79484843308e-06
4852,0.0
4853,0.00227933138946
4854,0.000512305230337
4855,0.000616755546822
4856,0.0101797421493
4857,0.0
4858,2.09464536303e-05
4859,0.0
4860,0.00550314510986
4861,0.0
4862,0.0
4863,0.000160304387392
4864,0.0
4865,0.00304815259985
4866,0.000229952591968
4867,0.00288185608403
4868,0.0
4869,0.00818114518247
4870,0.0
4871,0.0
4872,0.0
4873,0.00163811043916
4874,5.69277270821e-05
4875,0.00181104805396
4876,0.00518990297261
4877,0.0116341630686
4878,0.00182212015385
4879,0.0
4880,6.52222949662e-05
4881,5.327619811e-05
4882,0.00158075393246
4883,0.0
4884,0.00205369280774
4885,0.0
4886,0.0
4887,0.0113425448465
4888,3.09892322869e-06
4889,0.000269133047169
4890,0.0
4891,3.78337195532e-05
4892,0.000190129965277
4893,0.00266752719403
4894,4.1424909397e-05
4895,0.00291667610493
4896,0.00141147151212
4897,0.000131656551951
4898,0.0
4899,0.0
4900,0.00253665894327
4901,0.000402429967205
4902,6.39149833845e-05
4903,0.00318180090771
4904,0.0107519742696
4905,0.00355750402557
4906,0.000814267742583
4907,0.0
4908,4.88826006775e-05
4909,0.0
4910,0.00389650153286
4911,0.00194708162552
4912,0.0
4913,0.000426991024568
4914,0.007658773013
4915,0.0
4916,0.0
4917,0.0
4918,0.0027803767834
4919,0.000146877226909
4920,4.70581341312e-05
4921,0.00022940353925
4922,0.0
4923,1.74983575221e-05
4924,0.00402018650151
4925,0.0175026650937
4926,1.2642534331e-05
4927,3.17508445717e-05
4928,1.24513061497e-05
4929,0.0
4930,8.68673873597e-05
4931,0.0
4932,0.000509610496194
4933,6.62985554838e-05
4934,0.00307798340835
4935,0.0117024391539
4936,0.0
4937,8.63141756424e-06
4938,0.00691589726891
4939,9.73358586278e-05
4940,0.0
4941,0.0
4942,0.00891410498387
4943,0.00324783964186
4944,0.00340000732575
4945,0.000100563300882
4946,0.0
4947,0.0
4948,8.87930788274e-06
4949,0.0
4950,0.0
4951,0.000875103954488
4952,0.00247784522257
4953,0.00883443921694
4954,0.00156867634653
4955,0.000772671586201
4956,0.00231414524538
4957,2.88134818804e-05
4958,0.0
4959,0.00358806798221
4960,0.0
4961,0.000190481826612
4962,0.0023917754557
4963,0.00428899077032
4964,0.00456570675596
4965,0.00186020387685
4966,1.29483059137e-05
4967,0.00141063402215
4968,0.0
4969,0.00362202245475
4970,0.0
4971,0.00477573158516
4972,0.00298557669371
4973,0.00142394410054
4974,0.0
4975,1.89871559408e-05
4976,0.00171324009528
4977,2.21505629532e-05
4978,0.00538627127313
4979,0.00466921246093
4980,0.00024171570765
4981,0.00236064641942
4982,0.0
4983,0.00914640303844
4984,1.09686673597e-05
4985,0.000201326218624
4986,0.000285648496029
4987,0.00246469291969
4988,0.00206569134275
4989,0.000215292704738
4990,3.43581563493e-05
4991,0.0
4992,0.00287799337446
4993,3.27043396928e-05
4994,4.91378813328e-05
4995,0.0038906571535
4996,9.34643375539e-06
4997,0.0
4998,7.24652968307e-05
4999,0.0
