0,0.0
1,0.0
2,0.104227031518
3,0.0256414754436
4,0.73663879252
5,0.0893323786363
6,0.00400191440307
7,0.0
8,0.0202604913594
9,0.583900440058
10,0.0538030761256
11,0.044779176868
12,0.0125103636136
13,1.36818230505
14,0.0438087617486
15,0.020873104687
16,0.359718173018
17,0.0593584331843
18,0.690694411438
19,0.0253215019015
20,0.142699916372
21,0.0772857808865
22,0.000837488076738
23,0.0164968910538
24,0.136182783904
25,0.0
26,0.00581796381633
27,0.00710771924265
28,0.33627370461
29,0.0
30,0.00437104517659
31,0.0
32,0.0
33,0.0260275732163
34,0.0
35,0.0
36,0.0228974479817
37,0.065015463821
38,0.0
39,0.191476158215
40,0.0424180697549
41,0.0247529544685
42,0.0360825091784
43,0.0177903984286
44,0.0430617232835
45,0.0
46,0.0148327170879
47,0.0
48,0.191392367481
49,0.0378527860759
50,0.237429593262
51,0.00573963365752
52,0.195327025816
53,0.00418649476512
54,0.197766825885
55,0.0209095074315
56,0.0133940837438
57,0.0
58,0.0149182585221
59,0.0812783439868
60,0.0505091236549
61,0.0210188008827
62,0.0
63,0.0361041024741
64,0.00831554133448
65,0.0
66,0.0
67,0.0
68,0.00450066921579
69,0.0489194642037
70,0.0341786688597
71,0.0232070425982
72,0.0137894844
73,0.175303132
74,0.0471813137715
75,0.0
76,0.00368312391381
77,0.00476826022771
78,0.00212482302909
79,0.0
80,0.0695253561865
81,0.00469224643039
82,0.0
83,0.0
84,0.000952819526709
85,0.0
86,0.0122530394217
87,0.175483995619
88,0.0
89,0.321947636906
90,0.0314140750991
91,0.141868405135
92,0.00712957498088
93,0.0356646246716
94,0.0
95,0.0140296573062
96,0.0
97,0.176904974735
98,0.0261002140635
99,0.0996806896313
100,0.0995202338347
101,0.0183665863194
102,0.0
103,0.0103802457298
104,0.00920381980585
105,0.00147357636662
106,0.0317147279121
107,0.0199241473247
108,0.306967113109
109,0.529217556716
110,0.0
111,0.0
112,0.0434225531117
113,0.00300921026522
114,0.12710816549
115,0.263904577392
116,0.0564348014706
117,0.0121565319075
118,0.11475674959
119,0.0
120,0.0511765996232
121,0.0360684268526
122,0.0
123,0.408584379881
124,0.103401477529
125,0.0
126,0.665698635422
127,0.0
128,0.00466774881932
129,0.0166701115306
130,0.0281764488565
131,0.016862355283
132,0.0
133,0.00263805508596
134,0.0
135,0.151819831
136,0.0
137,0.00414572162481
138,0.0229053540099
139,0.145465063711
140,0.0137942786082
141,0.0238030262096
142,0.0
143,0.048219501182
144,0.010857291826
145,0.00619975343487
146,0.348966323577
147,0.0
148,0.0211284903095
149,0.00569617236572
150,0.0
151,0.00323316321449
152,0.0
153,0.0453844053121
154,0.224286622314
155,0.0206314828613
156,0.1494862139
157,0.0596375029822
158,0.00538629918492
159,0.0
160,0.0
161,0.0309867439189
162,0.0
163,0.263321457754
164,0.193578761079
165,0.150129847595
166,0.0
167,0.0944243074679
168,0.127147225803
169,0.0191807257298
170,0.0277801741062
171,0.274594595158
172,0.0165355342256
173,0.0701522363236
174,0.0242941284653
175,0.0
176,0.00375034278571
177,0.317449456505
178,0.0
179,0.0260870443012
180,0.0
181,0.000124867833239
182,0.0188363388992
183,0.0218969633618
184,0.0190023547097
185,0.0221769331067
186,0.0
187,0.0
188,0.0
189,0.0124553952796
190,0.377269123284
191,0.00315598019379
192,0.13700226476
193,0.00985189301252
194,0.0329826889201
195,0.0
196,0.0254730257381
197,0.04573201399
198,0.116899913768
199,0.00200684371871
200,0.0157663611514
201,0.0193612640011
202,0.0
203,0.0
204,0.0422244668888
205,0.00183828758071
206,0.0113360472558
207,0.0339345406776
208,0.0130465748047
209,0.0203023506538
210,0.0351000231592
211,0.0
212,8.95608952232e-05
213,0.0438819709491
214,0.035888672221
215,0.0229995320782
216,0.0027219943842
217,0.000402210849292
218,0.00237594933225
219,0.0
220,0.0
221,0.0
222,0.00218743417833
223,0.0810227508201
224,0.0191639888333
225,0.00680768307328
226,0.0188837503901
227,0.13327193973
228,0.0014162879285
229,0.00775655959589
230,0.0210079256714
231,0.0
232,0.00242241531391
233,0.0417974150623
234,0.0
235,0.689721191249
236,0.00128755192541
237,0.0
238,0.0844133138687
239,0.0
240,0.0
241,0.0
242,0.0705430906856
243,0.0
244,0.00106688865996
245,0.244962678683
246,0.00246344608066
247,0.0189802213414
248,0.00350719618956
249,0.087911377359
250,0.0
251,0.0367808927154
252,0.0793379395062
253,0.0119219836589
254,0.0
255,0.062966718602
256,0.0
257,0.0224734590634
258,0.0258448186285
259,0.00655068806035
260,0.0
261,0.105633586327
262,0.000761673821681
263,0.00674332585057
264,0.387729954288
265,0.0523726615336
266,0.0283297204514
267,0.0142160182818
268,0.0
269,0.00963588205565
270,0.0
271,0.0171643242465
272,0.0
273,0.0099643527165
274,0.00583071951308
275,0.0298779054927
276,0.0139804339965
277,0.0264542602526
278,0.0
279,0.180943718247
280,0.00252388581331
281,0.0135260152505
282,0.0321645171354
283,0.0357676255372
284,0.00830675998546
285,0.12675640685
286,0.0134744677863
287,0.0331469708322
288,0.0
289,0.0371943096352
290,0.0
291,0.0
292,0.03170492304
293,0.00698741338491
294,0.0184689035527
295,0.000444185523979
296,0.0189097174062
297,0.00120441606879
298,0.0313641403533
299,0.000835886149497
300,0.00329977984858
301,0.0700793593945
302,0.0584597560254
303,0.00616239924573
304,0.0601214027166
305,0.0875611968848
306,0.0142338738725
307,0.0
308,0.0103084813733
309,0.064565703494
310,0.000536962140966
311,0.0
312,0.170111519426
313,0.0183034024723
314,0.00918646386614
315,0.000393998831575
316,0.0184951850531
317,0.0
318,0.111277399253
319,0.00669317281211
320,0.0262042081998
321,0.0202446838441
322,0.000782115911359
323,0.0319069055338
324,0.0230356701676
325,0.0653656631953
326,0.0845212754118
327,0.0
328,0.0
329,0.0155429586253
330,0.0124424236247
331,0.011963665199
332,0.019726547234
333,0.00106656751913
334,0.000388174923125
335,0.0522260888417
336,0.0219822093757
337,0.10218950717
338,0.00106234906132
339,0.0010980725304
340,0.00207088277075
341,0.0260014316536
342,0.00058335235952
343,0.0385067235253
344,0.0323189568085
345,0.00861785904663
346,0.00125758575577
347,0.047267665036
348,0.0
349,0.0537447271872
350,0.000675000540472
351,0.0635326992057
352,3.93524814835e-05
353,0.0216111407144
354,0.419845792245
355,0.0945956685599
356,0.000829396214274
357,0.150051577768
358,0.057432175382
359,0.0
360,0.027644614146
361,0.0517410172628
362,0.000270949532862
363,0.0957586516159
364,0.000648511801048
365,0.030629386886
366,0.000222954123771
367,0.000693353993181
368,0.119923587601
369,0.063945749301
370,0.0010028778426
371,0.018079333184
372,0.00715957405445
373,0.113023915096
374,0.000698961619725
375,0.000805135064397
376,0.0701322637818
377,0.153073977268
378,0.00239033906525
379,0.0382777896132
380,0.00483345873396
381,0.0154647873537
382,0.050392672482
383,0.00176189604253
384,0.0399439672484
385,0.0397990323894
386,0.0409756474069
387,0.0
388,0.0
389,0.108362523422
390,0.0
391,0.0
392,0.0
393,0.0069426916211
394,0.00627163086177
395,0.175611665169
396,0.0
397,0.000190452435268
398,0.0
399,0.105929557347
400,0.000499081655199
401,0.0
402,0.0
403,0.0928890715587
404,0.0157484698492
405,0.0
406,0.0605178104825
407,0.0122954051522
408,0.102607257158
409,0.019906833014
410,0.0
411,0.258348635047
412,0.01753842899
413,0.0101969293172
414,0.007318144943
415,0.0
416,0.0117112421417
417,0.0390126043399
418,0.000764985746336
419,0.0
420,0.0207528813282
421,0.00924150542734
422,0.0169663270237
423,0.0605810731257
424,0.0
425,0.00466759225847
426,0.0154232332416
427,0.00910501393619
428,0.021839364845
429,0.0759630434377
430,0.074616879988
431,0.145728024275
432,0.0113821263171
433,0.050020626027
434,0.0
435,0.0368783539949
436,0.0
437,0.0296308419177
438,0.0155313107804
439,0.018563147104
440,0.0260868598559
441,0.000377926340885
442,0.00893140082411
443,0.0
444,0.0198522716182
445,0.0912600963765
446,0.0267672073662
447,0.0133229614158
448,0.0187813993254
449,0.000948269467268
450,0.0271025334428
451,0.0
452,0.0117607982567
453,0.00568484433216
454,0.0150835128717
455,0.000463541919716
456,0.0307501839541
457,0.017686396967
458,0.0373760230214
459,0.0190171632181
460,0.0
461,0.00848556834766
462,0.0
463,0.0328881736899
464,0.0757451973356
465,0.00456685832196
466,0.0682609564508
467,0.0647723058054
468,0.0133610858308
469,0.0163934214566
470,0.0
471,0.0940086698705
472,0.0
473,0.095626152498
474,0.0
475,0.0
476,0.000601956072736
477,0.263830489577
478,0.0180945499609
479,0.0723177760171
480,0.0345845433921
481,0.0
482,0.0126840953276
483,0.0172163922452
484,0.0156192777021
485,0.000404190141395
486,0.0175755191305
487,0.0
488,0.00844257563895
489,0.0313218380331
490,0.0
491,0.0053919626737
492,0.0133038772099
493,0.19761697968
494,0.0323589704
495,0.043525286035
496,0.0131134792471
497,0.000517493375453
498,0.000474199847405
499,0.011264915233
500,0.0
501,0.0718375665185
502,0.0625564426236
503,0.0640606783791
504,0.00865317019899
505,0.0520643015935
506,0.184365924838
507,0.140634055848
508,0.000799051736234
509,0.0
510,0.0
511,0.0
512,0.0292522271593
513,0.00410406219171
514,0.0
515,0.000888870282901
516,0.0
517,7.51519839302e-05
518,0.0134011305916
519,0.00403131953694
520,0.00345726537081
521,0.0171407846431
522,0.0
523,0.00523858649687
524,0.0
525,0.0
526,0.0
527,0.0430202895962
528,0.0
529,0.130939978618
530,0.000171980522431
531,0.239128681636
532,0.000482450439681
533,0.0566369540847
534,0.0
535,0.0156694878944
536,0.0370587716067
537,0.0130900473508
538,0.00354822059407
539,0.012572039441
540,0.0107630275079
541,0.00835265628241
542,0.0218209684681
543,0.0119860396396
544,0.00418554642615
545,0.0581476673965
546,0.00398305560441
547,0.0
548,0.0
549,0.0126002671444
550,0.154006672251
551,0.00995440101776
552,0.000487189293815
553,0.0485014420788
554,0.0
555,0.0147845186275
556,0.0
557,4.67742946264e-05
558,0.0
559,0.0493541155356
560,0.0362512757704
561,0.0
562,4.54898328309e-05
563,0.0
564,0.0077255232803
565,0.00794887283665
566,0.0491181349624
567,0.0207843431182
568,0.00635913098425
569,0.0157701698014
570,0.0149843630757
571,0.00973079516833
572,0.0571121837325
573,0.0
574,0.0705238986634
575,0.085593489362
576,0.0150296429212
577,0.00751332382207
578,0.00320797552779
579,0.0130560127614
580,5.62576085258e-05
581,0.0
582,0.0337121838922
583,4.53816157242e-05
584,0.0196884881264
585,0.0455532729895
586,0.0250029680306
587,0.0295154099351
588,0.00026774637667
589,9.90637856833e-05
590,0.0215467749348
591,0.0
592,0.00950643861595
593,0.00761962372177
594,0.0038381342921
595,0.0
596,0.0
597,0.0246336866407
598,0.0541639994472
599,0.000634829375983
600,0.000375778891019
601,0.0207878963609
602,0.0119925126159
603,0.0150299724304
604,0.00931867703439
605,0.00382830516767
606,0.0
607,0.0230708240792
608,0.00397275745
609,0.000125177399848
610,0.0055706016738
611,0.00724315180537
612,0.00537270030574
613,0.0
614,0.0176258855846
615,0.0
616,0.0
617,0.0257258240145
618,0.00381608273075
619,0.0
620,0.0
621,0.000562100029898
622,0.00970863705112
623,0.0118228457906
624,0.0039706117868
625,0.0542943018632
626,0.000158431885712
627,0.014204093216
628,0.0102868527846
629,0.0199088834541
630,0.0242521217836
631,0.000495869935
632,0.0102379648463
633,0.000287045884056
634,0.0
635,0.0
636,0.000113207507494
637,0.0
638,0.0147447695005
639,0.0
640,0.0271660997612
641,0.200193216377
642,0.0136678257627
643,0.0
644,0.0204648674141
645,0.012967528957
646,0.00581776987324
647,0.136905761574
648,0.0
649,0.00966147397321
650,3.97251920645e-05
651,0.0
652,0.0
653,0.0135425715297
654,0.0
655,0.0322065803934
656,0.0372113810643
657,0.0290728912274
658,0.0
659,0.000359108924707
660,0.0004921510861
661,0.00754981197869
662,0.0896396125434
663,0.0
664,0.0
665,4.88342705085e-05
666,0.0
667,0.0
668,0.01917028496
669,0.000451601622039
670,0.0113764464352
671,0.00410021840855
672,0.0119382708109
673,0.00466149033902
674,0.0
675,0.0713725357593
676,0.0
677,0.0059279199978
678,0.0148354457921
679,0.00367790550525
680,0.0231841203626
681,0.0
682,0.0
683,0.0063871133754
684,0.0
685,0.0
686,0.00037479646515
687,0.0294602424968
688,0.0129662897919
689,0.0139699044468
690,0.000162864678092
691,0.0505892826419
692,0.0201892695614
693,0.138847473652
694,0.00432689037566
695,0.0630586500438
696,0.000217404947939
697,0.0
698,0.0497965136371
699,0.00493787657462
700,0.0131769512937
701,0.0
702,0.0382972006577
703,0.000278455589234
704,0.0295615346484
705,0.0143585544164
706,0.000200222211714
707,0.0289805589848
708,0.00729582645659
709,0.0721435186298
710,0.196890632459
711,0.0296254792836
712,9.77211404382e-05
713,0.0140613144096
714,0.0148665947687
715,0.022240081763
716,0.000811123952645
717,0.0
718,0.0
719,0.0420711434464
720,0.0181797665426
721,0.0163666934239
722,0.00747865745978
723,0.0
724,0.04349058671
725,0.0
726,0.00724196343753
727,0.0
728,0.0225476354896
729,0.0124804665169
730,6.42193390252e-05
731,0.0
732,0.165748893295
733,0.0101366730207
734,0.00381771062557
735,0.034714236559
736,0.0314302437749
737,0.00349628730747
738,0.0431554191994
739,0.036050159761
740,0.0230316702867
741,0.00343289246271
742,0.0
743,0.0402872268
744,0.0407154804778
745,0.0126204073869
746,0.0
747,0.0467075496781
748,0.00683741183662
749,0.000580017597497
750,3.92449509872e-05
751,0.00475807064762
752,8.51622883165e-05
753,0.0415541393818
754,0.0170757426593
755,0.0
756,0.0475636967165
757,0.00697114244384
758,0.00803463185142
759,0.0
760,0.00610308664243
761,0.00747267562217
762,0.000124747234372
763,0.00024097582639
764,0.0883900456524
765,0.11813783677
766,0.00347663254121
767,0.0267623486154
768,0.0
769,0.0915073895107
770,0.000156884325258
771,0.0248793774816
772,0.0
773,0.000201654988635
774,0.0127630535584
775,0.0
776,0.000155912283197
777,0.0119135288805
778,0.0130371522484
779,0.0263984575762
780,0.00350992222103
781,0.0154595274579
782,0.0121583444278
783,0.0259327885129
784,0.00446694793784
785,0.0338357307074
786,0.0222072866801
787,0.0189036676408
788,0.0214962212202
789,0.0
790,0.0
791,0.000145167809563
792,0.0627947411669
793,0.000223278674123
794,0.0278542821803
795,0.012379966088
796,0.0254184304799
797,0.000609076481416
798,0.00758122549546
799,0.0209942370207
800,0.0381175420823
801,0.00712773679917
802,6.67892506848e-05
803,3.97578820516e-05
804,0.0
805,0.0113779320574
806,0.0975879303025
807,0.00701753256796
808,0.00734375202717
809,0.0
810,0.0
811,0.00302095858638
812,0.0180408778204
813,0.00441554351296
814,0.0732073476331
815,0.0199118352778
816,0.0337884030014
817,0.00599492282597
818,0.0231364042962
819,0.0168202574528
820,0.0
821,0.0
822,0.0261679751066
823,0.0150774858476
824,0.00761825029979
825,0.0231947842113
826,0.0308765401535
827,4.54421670202e-05
828,0.0139939854023
829,0.000207111275237
830,0.00304357016654
831,0.0160229000304
832,0.0
833,0.00430968997965
834,0.0109423233539
835,0.0136212574561
836,0.0251972562584
837,0.0
838,0.0
839,0.130371938126
840,0.00274430876703
841,0.00496379403333
842,0.00274099489966
843,0.025806243452
844,0.00690939853502
845,0.000197040731082
846,0.00949026188499
847,0.0
848,0.0
849,0.0
850,0.0179905382351
851,8.47823558441e-05
852,0.000433455979644
853,0.00287148551835
854,5.5075680731e-05
855,0.0107964618897
856,0.0
857,0.00591596552303
858,0.0119628735683
859,0.0
860,3.92680529342e-05
861,0.00559528540124
862,4.15995462673e-05
863,0.0
864,0.0
865,0.000425155150429
866,0.0
867,0.00504766244321
868,0.0
869,0.0
870,0.000855010362684
871,0.0
872,0.0149593990332
873,0.00512595819884
874,0.145001525265
875,0.000270386006862
876,0.0
877,0.137669896695
878,0.0
879,0.0124195719594
880,0.00970532021822
881,0.00283832808613
882,0.0526071163037
883,0.0360551449625
884,0.000366719953988
885,0.0379671322406
886,0.0511834891011
887,0.0330100646739
888,0.000167507944665
889,0.0202754246142
890,0.108847536706
891,0.00759083270242
892,0.0371766386051
893,0.0191778737773
894,0.0
895,4.43411061046e-05
896,0.0
897,0.00864603728256
898,0.000100407994918
899,0.0
900,0.00652370487466
901,0.0179337363281
902,0.0462174227328
903,0.0092099973923
904,0.00589987430637
905,0.0
906,0.0
907,0.00472945514519
908,0.0135889352554
909,0.0234751981174
910,0.0455448906792
911,0.0153121944695
912,0.0295259469964
913,0.00599750698654
914,9.13240372461e-05
915,0.000328818237508
916,0.00474041674869
917,0.00416517264791
918,0.0109160567961
919,0.0115436666044
920,0.0373080945798
921,0.0
922,0.0
923,0.00229913779504
924,0.0240963546902
925,0.0189302365639
926,0.0236231549569
927,0.0175001965743
928,0.00822754811614
929,0.0
930,0.0339822930681
931,0.00881657690487
932,0.00724752624137
933,0.032170655368
934,0.0
935,0.00702783080611
936,0.000557707844073
937,0.0241105892274
938,0.00677542689299
939,0.00903807077899
940,0.00926888361559
941,0.0
942,0.0
943,0.0088352871744
944,0.00421829781232
945,0.000367476488468
946,0.000116962239145
947,0.00654080060208
948,0.0
949,0.000137067304091
950,0.0
951,0.00516519164226
952,0.0
953,0.0
954,0.0276045109412
955,0.0
956,0.0
957,0.0
958,0.00728984960909
959,0.0146036799039
960,0.0
961,0.0
962,0.0181503965
963,4.62148628461e-05
964,0.00670385311611
965,0.0
966,0.0
967,0.0
968,0.0138489096968
969,0.043839906597
970,0.0359909572996
971,0.0
972,0.0
973,0.0043787393138
974,0.00322276914344
975,0.122765602685
976,0.0808205153827
977,0.000191976428178
978,0.017190343362
979,0.0
980,0.000521232616566
981,0.0
982,0.00916095840025
983,0.0228861759015
984,0.00234511575603
985,0.000704675753546
986,0.0422980295841
987,0.0
988,0.0
989,0.00684242263044
990,0.00650498695605
991,0.0347935266416
992,0.00509830089535
993,0.0
994,0.00416363374694
995,0.00915812424128
996,0.00604417681241
997,0.0493780617095
998,0.000727259504511
999,0.0
1000,0.0064113008007
1001,0.0298668171108
1002,0.0
1003,0.0
1004,0.0125640183203
1005,0.0
1006,0.0592561001112
1007,0.00620677433124
1008,0.0200201413122
1009,4.20404175175e-05
1010,0.0621936322988
1011,0.00859094708789
1012,0.000386468879287
1013,0.0135127935489
1014,0.00740859673041
1015,0.0117033383378
1016,0.0
1017,0.0
1018,0.0215940055091
1019,0.00561994082969
1020,0.0127150578433
1021,0.000105163683361
1022,0.102535945691
1023,0.00208270190344
1024,0.052254617534
1025,0.0267786629956
1026,0.027237983053
1027,0.0253952604672
1028,0.00522517899705
1029,0.0177783869196
1030,0.0
1031,0.0
1032,0.0078639848266
1033,0.00636475076427
1034,0.0
1035,0.0
1036,0.00216245902365
1037,0.00812417077978
1038,0.0
1039,0.00403384675926
1040,0.0646980252794
1041,0.0315283924464
1042,0.0678663790653
1043,0.00978413846993
1044,0.0
1045,0.0260841503811
1046,0.000679277051409
1047,0.0
1048,0.00980250509033
1049,0.000218315547255
1050,0.000260386581016
1051,0.0266293899679
1052,0.0117177928602
1053,0.00513382764011
1054,0.00341904487225
1055,0.0311765294043
1056,0.00497342760413
1057,0.007416015248
1058,0.0174297013724
1059,0.0
1060,0.0155714627171
1061,0.0105446833184
1062,0.000128407926912
1063,0.00688914275169
1064,0.0259709602344
1065,3.93852270157e-05
1066,3.94200771848e-05
1067,0.0
1068,0.0
1069,0.00974337074601
1070,0.0167088485418
1071,0.0410821159672
1072,0.0621587548594
1073,0.0162891887467
1074,9.98251977448e-05
1075,0.00224952058913
1076,0.000186295484547
1077,0.021993784236
1078,0.0115981481921
1079,0.0
1080,9.75932809863e-05
1081,0.0038830227654
1082,0.0305489128363
1083,0.0
1084,3.94484890027e-05
1085,0.001906981296
1086,0.0284993182863
1087,0.000105097478979
1088,0.00537795317454
1089,0.00877644978179
1090,0.00358119414939
1091,0.0993557879684
1092,0.000575901997741
1093,0.000735449840478
1094,0.0826740124814
1095,0.00969266393215
1096,0.0428707589131
1097,0.0117673708295
1098,0.0
1099,0.0449128916382
1100,0.000265081848912
1101,0.0459624272398
1102,0.0191715482242
1103,0.00497125342102
1104,0.0187048395537
1105,0.0585547080929
1106,0.0
1107,0.010785011456
1108,0.00862927798511
1109,0.00167473406544
1110,0.000979191286447
1111,0.0280116913749
1112,0.0417743452027
1113,0.0
1114,0.00282804346694
1115,0.0106344067981
1116,0.18705836317
1117,0.0
1118,0.010679819856
1119,0.0121209540213
1120,0.0196125127439
1121,0.0
1122,0.00940956233116
1123,0.0
1124,0.0109302963981
1125,0.0118785306813
1126,0.0
1127,0.0
1128,0.0133640171105
1129,0.0
1130,0.000124930462837
1131,0.0
1132,0.00843879698684
1133,0.0
1134,0.00950076135663
1135,0.00137181950379
1136,0.0
1137,0.0
1138,0.00101962332191
1139,0.0
1140,0.00584360011031
1141,0.0
1142,0.0391770885477
1143,0.029728190861
1144,0.017381663738
1145,0.00527733951995
1146,6.6857201187e-05
1147,0.00110742062157
1148,4.48486352048e-05
1149,0.0192744665426
1150,0.0
1151,0.00147866379122
1152,4.47227737762e-05
1153,0.0307714047395
1154,4.18827459182e-05
1155,0.0
1156,0.0
1157,0.0
1158,0.0
1159,0.0120763522434
1160,0.0277853871169
1161,0.0
1162,0.00473682934391
1163,0.012428115946
1164,0.0
1165,0.00265908320177
1166,0.00413911503286
1167,0.027722914109
1168,0.00730202313732
1169,0.0
1170,0.0
1171,0.00199051348434
1172,0.018811070288
1173,0.00377781540364
1174,0.06665582921
1175,0.0124701479436
1176,6.23384142365e-05
1177,0.00710506292194
1178,0.00574839024115
1179,0.0380178246153
1180,0.0252767523172
1181,0.0132017919021
1182,0.0
1183,0.0122605780442
1184,0.00561016725353
1185,0.0569925659134
1186,0.0024016382421
1187,0.0
1188,0.020326872015
1189,0.0146578788637
1190,0.00152333899567
1191,0.0106198760174
1192,0.0
1193,0.0141657822374
1194,0.00476445132408
1195,0.0
1196,0.021957819693
1197,0.0311965883434
1198,0.00171310062274
1199,0.0
1200,0.0116682810044
1201,0.0431507050185
1202,0.00547422362588
1203,0.0106514337038
1204,0.106251558643
1205,0.00571093606926
1206,0.0
1207,0.000141431004606
1208,0.0
1209,0.0117869407313
1210,0.0
1211,0.029133628048
1212,0.0274001998689
1213,4.17707367167e-05
1214,0.0112621981572
1215,0.00216938823427
1216,0.0125703563796
1217,0.00113031235963
1218,0.000758588787532
1219,0.0120700498609
1220,0.00614740057464
1221,0.0404972183916
1222,0.0019380807743
1223,0.0759430447749
1224,0.0
1225,0.0
1226,0.013984389107
1227,0.00285992702635
1228,0.00184908844905
1229,0.0124950245459
1230,0.0
1231,0.0109833534853
1232,0.0
1233,0.000712775611931
1234,0.0521564686202
1235,0.0
1236,0.0
1237,0.0122760261155
1238,0.0108270906191
1239,0.0205435648851
1240,0.00856056494784
1241,0.00218622828019
1242,0.00125679280341
1243,0.0107650580959
1244,0.0254202284309
1245,0.0242185114526
1246,0.00624756810311
1247,0.0222893701732
1248,0.0
1249,0.0425159269326
1250,0.0325777906473
1251,0.0012926291262
1252,0.0322042079814
1253,4.16270811131e-05
1254,0.0936039092865
1255,0.0446615147042
1256,0.0262051702576
1257,0.0103132981208
1258,0.0
1259,0.000206054679292
1260,0.0
1261,0.0686764947108
1262,0.0
1263,0.0140408154055
1264,3.95281214243e-05
1265,0.0
1266,0.00364715500957
1267,0.0335314399683
1268,0.0170239706749
1269,9.70304099021e-05
1270,0.0
1271,0.0489225518249
1272,0.0341409958707
1273,0.0286135876967
1274,0.044473272143
1275,0.0154019793584
1276,0.00988812865823
1277,0.0
1278,0.00796500913434
1279,0.00790771229059
1280,0.00143345346897
1281,0.0103249025304
1282,0.0
1283,0.00361338663634
1284,0.0
1285,0.00170981977182
1286,0.0499297517881
1287,0.0323606940989
1288,0.0
1289,0.0575512851167
1290,0.0118457358683
1291,0.0
1292,0.0232533957327
1293,0.0
1294,0.00635469811881
1295,0.02093914673
1296,0.0
1297,0.00121233337508
1298,0.0422245170298
1299,0.0247480474548
1300,0.0127490959606
1301,0.0174350838264
1302,0.0173011594347
1303,0.000292297240156
1304,0.00232297776891
1305,0.00555022335629
1306,0.0313715251842
1307,0.0224029011601
1308,0.00131028260571
1309,0.00131512018402
1310,0.0236212477581
1311,0.0119866095444
1312,0.0488799920458
1313,5.37641592014e-05
1314,0.0348637660199
1315,6.71974103723e-05
1316,0.320798898178
1317,0.00698279489486
1318,0.0672173240617
1319,0.0212905177258
1320,0.00449964098606
1321,0.000257401789031
1322,0.00667610240249
1323,0.0
1324,0.00549688354836
1325,0.0341552124848
1326,0.00595710444852
1327,0.0171474056496
1328,0.0594844963725
1329,0.00373264830134
1330,0.0234901301367
1331,0.00386573867206
1332,0.0241087105128
1333,0.0
1334,0.000176050144559
1335,0.029005425585
1336,0.00108759299124
1337,0.0178225684474
1338,0.0434157456225
1339,0.000362860946851
1340,0.0
1341,0.00102341930559
1342,0.0
1343,0.0
1344,0.0224109196096
1345,0.0155919969569
1346,0.0140192481576
1347,0.00015191022353
1348,0.013453844655
1349,0.0
1350,0.0519249641884
1351,0.0
1352,0.0
1353,0.0162513182183
1354,0.0050147709621
1355,0.0
1356,0.0
1357,0.0114343408667
1358,0.0
1359,0.0134309922079
1360,0.00393125792332
1361,0.0
1362,0.0102419257026
1363,0.0
1364,0.012259733621
1365,0.0038930385336
1366,0.000852994042597
1367,0.0
1368,0.04293883162
1369,0.0119259374042
1370,0.00200196440814
1371,0.00938382837337
1372,0.0
1373,0.0522688561741
1374,0.00784601243587
1375,0.0165115386941
1376,0.0220849738337
1377,0.00130888736895
1378,0.0
1379,0.0215681262383
1380,0.0
1381,0.0
1382,0.00103153800472
1383,0.0
1384,0.00321248227908
1385,0.0250144147564
1386,0.000442408577675
1387,0.0299481927597
1388,0.0123843865525
1389,0.0
1390,0.00111509235876
1391,0.000566923050072
1392,0.00776332759397
1393,0.0134929004238
1394,0.00470688466011
1395,0.0951809483229
1396,0.000352985529168
1397,0.00112356204925
1398,0.0
1399,0.00772254242194
1400,0.00988550904226
1401,0.035218585664
1402,0.0136847065734
1403,0.000260610900977
1404,0.0880221858688
1405,0.0
1406,0.0268547543933
1407,0.0
1408,0.000130342778725
1409,0.00787933106685
1410,0.0
1411,0.00887012690568
1412,0.00691535381501
1413,0.0
1414,0.0129995037047
1415,0.0
1416,0.0
1417,0.00132074366368
1418,0.0117147693951
1419,0.00343210732346
1420,0.000248784025276
1421,5.57052338749e-05
1422,0.00751577500685
1423,0.00149238601761
1424,0.0594504051768
1425,0.00308408394806
1426,0.00386800235431
1427,0.00157830316091
1428,0.0
1429,0.0736425197777
1430,4.79869230983e-05
1431,0.00172334782644
1432,0.00701311564086
1433,0.010174889192
1434,0.00489315637354
1435,0.00546286419709
1436,0.00378648194836
1437,0.0
1438,0.000788505941343
1439,0.0
1440,0.0176487369874
1441,0.0
1442,0.0280493838404
1443,3.92719133437e-05
1444,0.00359511827197
1445,0.0218404097056
1446,0.0
1447,0.0181094711104
1448,0.0
1449,0.0108921230821
1450,0.0226464587461
1451,0.0155892825534
1452,0.0053173320493
1453,0.0224906300281
1454,0.0
1455,3.94396254282e-05
1456,0.0
1457,0.0257195539058
1458,0.032306243847
1459,0.0
1460,0.0
1461,0.0
1462,0.0061906946587
1463,0.0
1464,0.000174043403088
1465,0.0
1466,0.0228296425467
1467,0.00364765151787
1468,0.00473638607425
1469,0.0702085684341
1470,0.0242990871157
1471,0.000547440869289
1472,0.000574773117398
1473,0.013758109959
1474,0.0
1475,0.000132191711687
1476,3.99979766806e-05
1477,0.0159469247472
1478,0.0
1479,0.0
1480,0.000133490347279
1481,0.0
1482,0.00293013080423
1483,0.00293223494377
1484,0.0143570104641
1485,0.0
1486,0.0239256976183
1487,0.0
1488,0.0
1489,0.0195709284472
1490,0.0
1491,0.0376797446172
1492,0.00620672823558
1493,0.0221151473857
1494,0.0
1495,0.00422064203724
1496,0.0157413416767
1497,0.0
1498,0.0191227659873
1499,0.00239302649207
1500,0.0336103955397
1501,0.0
1502,0.000767985551859
1503,0.0
1504,0.0224228411608
1505,6.31655895919e-05
1506,0.0
1507,0.0586307752636
1508,0.00636779957222
1509,0.000120397081031
1510,0.0
1511,0.00504950391801
1512,0.0795725575346
1513,0.0
1514,0.0268584399428
1515,0.0
1516,0.00697209783071
1517,0.0
1518,0.0
1519,0.0
1520,0.00507964841811
1521,0.00608677890302
1522,0.0
1523,0.00589221420126
1524,0.0
1525,0.0277685740628
1526,0.0108901070089
1527,0.00380207872561
1528,0.00449164070841
1529,0.00807845597378
1530,0.000259860611207
1531,0.00222235248731
1532,0.00809320176092
1533,0.0
1534,0.0
1535,0.0172690042232
1536,0.0
1537,0.0153209168702
1538,0.0157101824075
1539,0.0337520517401
1540,0.00706687482986
1541,0.0299643931949
1542,0.00480281689738
1543,0.0119809160745
1544,0.0
1545,0.0189350467492
1546,0.0
1547,0.0
1548,0.0232452170645
1549,0.0
1550,0.0
1551,0.0
1552,4.17471659801e-05
1553,0.0
1554,0.0
1555,0.077775631002
1556,0.0141821753016
1557,0.0235274333554
1558,0.0
1559,0.00616925982603
1560,0.00618063023613
1561,0.00103684082812
1562,0.0
1563,0.00436142534073
1564,0.0119988451504
1565,0.00345413558989
1566,6.60047529485e-05
1567,0.0314851491903
1568,0.00657038353234
1569,0.0175226605804
1570,0.0373798804219
1571,0.0266783448933
1572,0.00867261683888
1573,0.0
1574,0.0162378683766
1575,0.0143344053801
1576,6.22030377642e-05
1577,0.0
1578,0.00787359384035
1579,4.19921044974e-05
1580,0.000406559966482
1581,0.00306434177567
1582,0.0360305756743
1583,0.00105315431677
1584,0.00269224826441
1585,0.00675869615088
1586,0.00333142834719
1587,0.0042420627529
1588,0.000211194616558
1589,0.000462181906614
1590,0.00257467402309
1591,0.0089053422728
1592,0.0
1593,3.94333055975e-05
1594,3.92823661341e-05
1595,0.000275130029201
1596,0.00911940460981
1597,0.0035729124499
1598,0.00518220505947
1599,0.0151674095633
1600,0.000118133979218
1601,0.0
1602,0.0597457994334
1603,0.0330027652143
1604,0.0114778672166
1605,0.000718378169751
1606,0.000569798451697
1607,0.0572112797558
1608,0.00586004702935
1609,0.000592483649269
1610,0.000926371322973
1611,0.00583708339953
1612,0.00512913273639
1613,0.00219955571884
1614,0.0299461145026
1615,0.0
1616,6.26895812462e-05
1617,0.0
1618,3.93451916647e-05
1619,0.00889352807963
1620,0.000733634477826
1621,0.00103281380428
1622,0.00685629086383
1623,0.00265422890095
1624,0.00703373271269
1625,0.0103120893535
1626,0.0
1627,0.0
1628,0.000572990912286
1629,0.0026454308635
1630,0.0
1631,4.01040900457e-05
1632,0.0384989875826
1633,0.0106265156635
1634,0.00850268448071
1635,0.00605148023612
1636,0.0042688386782
1637,0.0073812277861
1638,0.0276211236793
1639,0.0
1640,0.0
1641,0.00428285701158
1642,0.00516851447956
1643,0.0105097264989
1644,0.000195683680907
1645,0.000509197637697
1646,0.00558587459979
1647,0.00368708744447
1648,0.0257888191466
1649,0.0
1650,0.0041744140752
1651,0.034127407368
1652,0.0002182424975
1653,0.00087737934265
1654,0.00759963956927
1655,0.00819955715558
1656,0.00316003355258
1657,0.000684571343898
1658,0.0145044473456
1659,0.000759577333515
1660,0.038832178779
1661,0.0
1662,0.0161780142682
1663,0.0
1664,0.00387448542259
1665,0.000675982177735
1666,0.000911365096546
1667,0.00401060559401
1668,0.00649157355381
1669,0.000324200473791
1670,0.0011234558623
1671,0.00499521388008
1672,0.0
1673,0.000625439803862
1674,0.000990831813467
1675,0.0
1676,0.000357626430157
1677,0.016387906259
1678,3.92803178001e-05
1679,0.0
1680,0.0
1681,0.0
1682,0.0314840583228
1683,0.00316289926841
1684,0.00658398259305
1685,0.0188827823287
1686,0.00555374219916
1687,0.0616915692559
1688,0.0
1689,0.0
1690,0.0
1691,0.0149054658234
1692,0.0
1693,7.83190726618e-05
1694,0.0
1695,0.000321162181825
1696,0.00550497854427
1697,0.0356235883469
1698,0.0
1699,0.000504006719826
1700,0.000724194804652
1701,0.0
1702,0.0
1703,0.000986824608963
1704,0.00259565981038
1705,0.00120865853773
1706,0.00643822629205
1707,0.000844045164524
1708,0.0380147436949
1709,0.0071235895612
1710,0.00195463693976
1711,0.00458644677521
1712,0.000517337989519
1713,0.0355968812721
1714,0.00232563922086
1715,0.00367303768311
1716,0.0399174733193
1717,0.00797867747966
1718,0.00969110110557
1719,0.000838721373266
1720,0.00590537895618
1721,0.0
1722,0.0624254882578
1723,0.00532848465565
1724,0.000169662438842
1725,0.000586820971749
1726,0.000812134988812
1727,0.000122128602788
1728,0.00352647103168
1729,0.000664264165629
1730,0.000506468493936
1731,0.0
1732,0.0
1733,0.00878124491457
1734,0.000755162181258
1735,0.0
1736,0.0
1737,0.000900909777374
1738,0.000326536963286
1739,0.00238561806811
1740,0.00232155340904
1741,0.0102295715375
1742,0.0
1743,0.00351050584618
1744,0.0
1745,0.000750582574205
1746,0.0224814838823
1747,0.0
1748,0.00778768838448
1749,0.0252107039686
1750,0.000246910317643
1751,0.000315858339462
1752,0.00752079859264
1753,0.00785303845671
1754,0.000761424515859
1755,0.0
1756,0.00775879887837
1757,0.0
1758,0.0
1759,0.0145759085111
1760,0.00377056270629
1761,8.22730287528e-05
1762,0.0
1763,0.0001050299379
1764,0.00892705549218
1765,0.0105532167406
1766,0.0
1767,0.0053195101606
1768,0.0498339694851
1769,0.000101562749387
1770,0.0520208488888
1771,0.0447582979728
1772,0.000798108355907
1773,0.00355502343676
1774,0.0
1775,0.000657877652435
1776,0.0140720200502
1777,0.0466430147436
1778,0.00356603304874
1779,0.00644714252601
1780,0.00519540059777
1781,0.0242081016125
1782,0.0054584583538
1783,0.00593270154278
1784,0.00498519570085
1785,7.83616947922e-05
1786,0.00403422148489
1787,0.0
1788,0.00887026893513
1789,0.0063909943
1790,0.0
1791,0.0029527532754
1792,0.0
1793,0.0131607723751
1794,0.0
1795,0.0
1796,0.00335851832885
1797,0.00089405394874
1798,0.00795914445499
1799,0.00503010325243
1800,0.0
1801,0.00741148492534
1802,0.000726321003725
1803,0.00140551085292
1804,0.00127117295695
1805,0.000620860812594
1806,0.000825635469527
1807,0.000555936062189
1808,0.0095625637691
1809,0.0
1810,0.0026774183996
1811,0.000144635563865
1812,0.0057727262575
1813,0.0
1814,0.00105736813851
1815,0.00128520740651
1816,0.000611475243786
1817,0.000117362644307
1818,0.0
1819,0.0112830374635
1820,0.007180281414
1821,0.0
1822,0.00156399850354
1823,0.0129750128646
1824,0.0
1825,0.000166680605933
1826,0.0
1827,0.000567765807438
1828,0.000957117233924
1829,0.00435009789855
1830,0.0
1831,0.0
1832,0.0038252971393
1833,0.000935674329769
1834,0.00518303982457
1835,0.000236221810505
1836,0.00158765066982
1837,0.00322077965192
1838,0.0
1839,0.0188244795661
1840,0.00027813537005
1841,0.0120672458419
1842,0.0
1843,0.00955425590105
1844,0.000968250972289
1845,0.0
1846,0.000684382565981
1847,0.0
1848,0.00574506014738
1849,0.0
1850,0.00311911260278
1851,0.0
1852,4.18977844456e-05
1853,0.0106565039599
1854,0.0105939791337
1855,0.0
1856,0.00698467269818
1857,0.0191910278642
1858,0.0053194046781
1859,0.00489516989089
1860,0.0
1861,0.00655914266732
1862,0.0
1863,0.001423312725
1864,0.0
1865,0.0292161321567
1866,0.0127358822498
1867,0.00353838468619
1868,0.000432302291483
1869,0.00962825725199
1870,0.00738381037962
1871,0.0187910246369
1872,0.0407032651961
1873,0.00566874890442
1874,0.0122466891353
1875,0.000348415283563
1876,0.0
1877,0.0
1878,0.00799609140725
1879,0.0184552530726
1880,0.00528909333663
1881,0.0192471978
1882,0.00286334720521
1883,0.00307190384145
1884,0.00919367385655
1885,0.00118184983697
1886,0.0160079998449
1887,0.00399555378243
1888,0.0
1889,0.0217244844812
1890,0.00347208473142
1891,0.0
1892,0.00565823009664
1893,0.000228563757811
1894,0.0
1895,0.00357315765574
1896,0.00765139357604
1897,0.000794118747705
1898,0.00690383180539
1899,0.0
1900,0.0230069552174
1901,0.00256834457421
1902,0.000378479214681
1903,0.006139696973
1904,0.00530594945725
1905,0.0
1906,4.45220678238e-05
1907,0.000110520800445
1908,0.0102212758713
1909,0.000361235051819
1910,0.0420910935455
1911,0.00291795212299
1912,0.0037109068515
1913,0.00622602953316
1914,0.0
1915,0.000722121836879
1916,0.00127697820924
1917,0.0145404078868
1918,0.000355883993248
1919,0.0
1920,0.000110841038639
1921,0.00125830178129
1922,0.00343656535616
1923,0.0183830602444
1924,0.0118334837343
1925,0.00648026093922
1926,0.0
1927,0.00475425204009
1928,0.00443160816568
1929,0.00177020577788
1930,0.0195715446778
1931,0.0
1932,0.000370783229044
1933,0.0347596601346
1934,0.00171340955131
1935,0.0595349495647
1936,0.0
1937,0.0
1938,0.000930320954434
1939,0.00155907092922
1940,0.0
1941,0.0
1942,0.00608481199093
1943,0.0170555645772
1944,0.013528085201
1945,0.0314612948738
1946,0.00205513119615
1947,0.00320317494262
1948,0.00604856991169
1949,0.0
1950,0.0
1951,0.0
1952,0.0126954142016
1953,0.0386627559781
1954,0.0645607278556
1955,0.0
1956,0.000506429863452
1957,0.0048827770243
1958,0.0
1959,0.0
1960,0.0463203623785
1961,8.40778967745e-05
1962,0.00859549569944
1963,0.0389367386254
1964,0.0226479126074
1965,0.0068752135946
1966,0.0
1967,0.0312525957596
1968,0.00410336885288
1969,0.000460308144071
1970,0.0
1971,0.030208347989
1972,0.0
1973,0.0
1974,0.00119985886883
1975,0.00335993260263
1976,0.0279095327025
1977,0.0
1978,0.00328711957219
1979,0.0
1980,0.0
1981,5.54224640238e-05
1982,0.00479486497817
1983,0.00940705311492
1984,0.00549981156703
1985,0.00340427296954
1986,0.00774018329526
1987,0.0
1988,0.00123755654263
1989,0.0
1990,0.000178452314822
1991,0.0174571870763
1992,0.00314729733561
1993,0.024300505725
1994,0.0
1995,9.77719369383e-05
1996,0.000785376389034
1997,0.0205083523067
1998,0.0
1999,0.0
2000,0.0376065499755
2001,0.000791075974779
2002,0.012716243365
2003,0.0
2004,0.0
2005,0.0
2006,0.0
2007,0.00098445027336
2008,6.61336232898e-05
2009,4.25094463946e-05
2010,0.0133881309442
2011,0.0
2012,0.00332540807932
2013,0.0103506723498
2014,8.95733601058e-05
2015,0.0
2016,0.0050769684078
2017,0.00990533975236
2018,0.0
2019,0.0166672706984
2020,0.000904146056212
2021,0.0216230594171
2022,0.00477097218024
2023,0.000527528584786
2024,0.0
2025,0.00409176085587
2026,0.0114602630935
2027,0.0133537657318
2028,0.00419269749812
2029,0.00705267851706
2030,0.052516241329
2031,0.00961612668398
2032,0.00321198766925
2033,0.00481065726345
2034,0.0
2035,0.0104581854327
2036,0.000276186182675
2037,0.0
2038,0.00481364818752
2039,0.00929191848181
2040,0.00387864860035
2041,0.000598074534532
2042,0.0012013246513
2043,0.00816113035328
2044,0.0102977608174
2045,0.00255650981722
2046,0.00344305000457
2047,0.0202610290349
2048,0.00624510477923
2049,0.0
2050,0.0
2051,0.00610003211115
2052,0.0
2053,0.000535988343431
2054,0.000364827345247
2055,0.0
2056,0.0160770970004
2057,0.0
2058,0.0035519388573
2059,0.00774341645993
2060,0.0163738973146
2061,0.0303264815286
2062,0.0154220504456
2063,0.0
2064,0.0077983276426
2065,0.0299748575932
2066,0.00369810921863
2067,0.0446333221023
2068,0.00417740773057
2069,0.0
2070,0.0
2071,0.00348296113158
2072,0.00509653593585
2073,0.0100428635276
2074,0.00211884988636
2075,0.00481312753501
2076,0.019876174361
2077,0.0752525431306
2078,0.000599408044378
2079,0.00371354720666
2080,0.000607565226616
2081,0.000114080683088
2082,0.0
2083,0.00430080688157
2084,0.00276091486414
2085,0.0938944573867
2086,0.00957037791512
2087,0.00945051437876
2088,0.0
2089,0.00632075711069
2090,0.0166374535455
2091,4.16220147699e-05
2092,0.0284216148991
2093,0.0
2094,0.000523596373959
2095,0.0
2096,3.91438383888e-05
2097,0.0
2098,0.049967924971
2099,0.000665872912615
2100,4.15537868748e-05
2101,0.0
2102,0.00500118825629
2103,0.0
2104,0.0
2105,0.00507170319111
2106,0.0
2107,0.0472927621289
2108,0.0
2109,0.00753821999513
2110,0.00725986243376
2111,0.0
2112,0.00858394812176
2113,0.00501683278388
2114,0.0243370745337
2115,0.0
2116,0.00845418466263
2117,0.0
2118,0.0084457304638
2119,0.0
2120,0.0109192030522
2121,0.00369737134772
2122,0.000118037009451
2123,0.0
2124,0.00573440382982
2125,0.0
2126,0.000103091255177
2127,0.00394766425313
2128,0.0326818721619
2129,0.00386764763
2130,0.000302265967296
2131,0.0
2132,0.000517849554077
2133,0.0207638620198
2134,0.0176670815193
2135,0.0
2136,0.0
2137,0.00446104115488
2138,0.00465539256728
2139,0.0102589307394
2140,0.00297231352619
2141,0.0257361454895
2142,0.0
2143,0.00799928513507
2144,0.00245484282988
2145,4.07890291397e-05
2146,0.0
2147,0.0233576921927
2148,0.002584503572
2149,0.0
2150,0.000303041259714
2151,8.21108062163e-05
2152,4.15463735127e-05
2153,0.00677727682331
2154,0.0156268567312
2155,0.0138646277368
2156,0.0
2157,0.00262586795299
2158,0.00455809362034
2159,0.0
2160,0.0
2161,0.00653682720132
2162,0.0307427014995
2163,0.0
2164,5.02603033133e-05
2165,0.00395023787103
2166,0.000261168865925
2167,0.00248315116691
2168,0.00688696578282
2169,0.00014262774185
2170,0.0043923747205
2171,0.000175079101223
2172,8.8403883581e-05
2173,0.0109933572207
2174,0.000124725034934
2175,0.00282627847346
2176,0.0
2177,0.0265809527426
2178,0.0179665588912
2179,0.0
2180,0.00667571178606
2181,0.00556380369511
2182,0.00200479671345
2183,0.000224007499578
2184,0.0
2185,0.0
2186,0.00373359397337
2187,0.00297057878199
2188,0.00507768582127
2189,0.0131468688657
2190,0.00711655860624
2191,0.0
2192,0.0
2193,0.00716820253038
2194,0.0404166441314
2195,5.49687482713e-05
2196,6.88344015236e-05
2197,0.000799847364564
2198,0.00459018943997
2199,0.00603270061557
2200,0.00527794488809
2201,0.0
2202,0.00321172252196
2203,0.00544027018671
2204,0.00343255576777
2205,0.000354442385234
2206,0.0
2207,0.00364033349383
2208,0.00610292881169
2209,0.00183057628055
2210,0.0236794817417
2211,0.0
2212,0.0104637012698
2213,0.00818067534008
2214,0.014998157561
2215,0.00333933921344
2216,0.0172997297201
2217,0.000431974456825
2218,0.0240832318878
2219,0.026484459383
2220,0.000476623602278
2221,0.0
2222,0.00315534899868
2223,0.00030267212404
2224,0.0249681474712
2225,0.0
2226,0.0089244182935
2227,0.0
2228,6.79807240557e-05
2229,0.00596308663507
2230,0.00269346751278
2231,0.000658973531792
2232,0.000374190267421
2233,0.0106400569863
2234,0.0143352750921
2235,0.0174143918698
2236,0.006398630879
2237,0.00256405322297
2238,0.00371671386917
2239,0.00890060692827
2240,0.000105807516538
2241,0.000134576450387
2242,0.00190075495858
2243,0.0212375183236
2244,0.00288411024965
2245,0.000500699479204
2246,0.000105843451215
2247,0.00459931225886
2248,0.00117444063603
2249,0.0136918690982
2250,0.0
2251,0.0
2252,0.00395262106959
2253,0.0
2254,0.0164793351417
2255,0.00255102499238
2256,0.00722297006482
2257,0.0
2258,0.00392941879812
2259,0.00637283057262
2260,0.0
2261,0.000616678383771
2262,0.0330679001541
2263,0.00160933125513
2264,0.0101488937185
2265,0.00203705519961
2266,0.0024045013726
2267,0.0032318018267
2268,0.0
2269,0.0204680832736
2270,0.0337201423786
2271,0.0
2272,0.0
2273,0.00663940035711
2274,5.64214960731e-05
2275,0.00411971644492
2276,0.0
2277,0.0132839880141
2278,0.00171154283511
2279,0.00807260929325
2280,0.025135201543
2281,0.00419418111816
2282,0.0
2283,0.0106170807991
2284,0.0
2285,0.0109188401132
2286,0.0
2287,0.0
2288,0.000578452934892
2289,0.00220817859058
2290,0.0232059893788
2291,0.000666111778143
2292,0.00221680663217
2293,4.02869046915e-05
2294,0.0
2295,0.0240976736476
2296,0.00250108023684
2297,0.0
2298,0.000560543105934
2299,0.0161243336537
2300,0.00327907728209
2301,0.0381681977266
2302,0.000100541115983
2303,0.0
2304,0.00386664916397
2305,0.0
2306,0.0130059770057
2307,0.00135795257427
2308,0.0
2309,0.0220182973695
2310,0.0
2311,0.00151701959888
2312,0.000763286978159
2313,0.0
2314,9.480165096e-05
2315,0.0518621597549
2316,0.000710182801245
2317,0.0046758902689
2318,0.0337089855602
2319,0.00559797224824
2320,0.00451067466922
2321,0.0
2322,0.000720691363304
2323,0.000764585099522
2324,0.0
2325,0.00570156361615
2326,8.46946635133e-05
2327,0.00256207108974
2328,0.00291965980777
2329,0.0183088517171
2330,0.00304501164966
2331,0.000170324776007
2332,0.0358272546677
2333,0.0045450691982
2334,0.000675216766262
2335,0.00217132245906
2336,0.0
2337,0.00181662109194
2338,0.0
2339,0.0
2340,0.0035659735791
2341,0.000147867520434
2342,0.0
2343,0.0
2344,0.0
2345,0.0
2346,0.000616909516769
2347,0.000127657536756
2348,0.0161595046183
2349,0.0338486651416
2350,7.9501585147e-05
2351,0.00364922325602
2352,0.0177910109571
2353,0.0393577053871
2354,0.0
2355,0.00424736368696
2356,0.0074336249749
2357,0.000141656145868
2358,0.00771588705197
2359,0.0250768764627
2360,0.00424851767078
2361,0.00284058460754
2362,0.00732728713781
2363,0.000134298146018
2364,0.00794508416093
2365,0.0
2366,0.000942799098766
2367,0.000894123044061
2368,0.0231916629127
2369,0.000101557583364
2370,0.00686353980345
2371,0.00518751732434
2372,0.0474981723436
2373,0.00949693059334
2374,0.00396844512576
2375,0.0114813917035
2376,0.0053756974717
2377,0.00184394930654
2378,0.0280784814975
2379,0.0
2380,0.0
2381,0.000547636730775
2382,0.030673650828
2383,0.00196321124285
2384,0.010930892381
2385,0.00053430222411
2386,0.0
2387,0.00157507073483
2388,0.0247969810749
2389,0.00401300783908
2390,0.0258782843749
2391,0.0207630642336
2392,0.0
2393,0.0
2394,0.00128889587301
2395,0.00166345811863
2396,0.00117611237318
2397,0.0021843805411
2398,0.0
2399,5.64092543127e-05
2400,0.00236870953548
2401,0.0
2402,0.0
2403,0.00240344399962
2404,0.000633022418237
2405,0.000876845504696
2406,4.75416798448e-05
2407,0.00313284912318
2408,0.0
2409,4.22507363269e-05
2410,0.00276529176902
2411,0.00132028531399
2412,0.00373432068688
2413,0.0
2414,0.0
2415,0.00256944537452
2416,0.00692446018025
2417,0.000983896007766
2418,0.00264154602448
2419,4.51958652974e-05
2420,0.00838666047117
2421,0.000751922473566
2422,0.0
2423,0.000558047663612
2424,0.0
2425,0.000863881648041
2426,0.0047473781152
2427,0.00151967988441
2428,0.00322575515773
2429,0.0
2430,0.0
2431,0.0102916090685
2432,0.003562246086
2433,9.65753578566e-05
2434,0.00387027068635
2435,0.00127844173636
2436,0.0
2437,0.0
2438,4.15743737288e-05
2439,0.00326753782943
2440,0.00331963030384
2441,0.00222137370895
2442,0.0
2443,0.0
2444,0.0
2445,0.0112458321505
2446,0.0173760512982
2447,0.0158346674906
2448,0.0
2449,0.0120516061336
2450,0.0
2451,0.0219596715484
2452,0.00522812264234
2453,0.00747917548771
2454,0.0
2455,0.0
2456,0.00231763588578
2457,0.000117444131666
2458,0.0226161926836
2459,0.0
2460,0.000822645306455
2461,0.00284264578576
2462,0.0022824692269
2463,0.00783986037492
2464,3.92806428407e-05
2465,0.0215465130597
2466,0.00416059903159
2467,0.00373373670342
2468,0.00438735753426
2469,0.0
2470,0.0
2471,0.0
2472,0.0
2473,0.00446011029596
2474,0.00179565561633
2475,0.000826535718719
2476,0.0108574673837
2477,0.0
2478,0.0160080367739
2479,0.00102850450805
2480,0.0135633802301
2481,0.00130762841352
2482,0.0
2483,0.0
2484,0.00223869894579
2485,0.0
2486,0.000604336228168
2487,0.0
2488,0.0
2489,0.00470665332033
2490,0.0
2491,0.0
2492,0.0
2493,0.00870308097858
2494,0.0264174249485
2495,0.00543740302926
2496,0.000109432444929
2497,0.00504392774969
2498,0.00430973869914
2499,0.0
2500,0.00321559272267
2501,0.000283107608755
2502,0.0150064750719
2503,0.00309920000921
2504,6.72811578816e-05
2505,0.0371705939002
2506,0.00365828166678
2507,0.00318866921145
2508,0.0031386383504
2509,0.0
2510,0.0
2511,0.0
2512,0.00387151203178
2513,6.85025680317e-05
2514,0.00366548803199
2515,0.00414855416211
2516,0.000528423977371
2517,0.000110462199135
2518,0.00262691649784
2519,0.0
2520,0.0
2521,0.000147320125904
2522,0.000327703215534
2523,0.0
2524,0.00609473653098
2525,0.000241990601155
2526,4.54502452983e-05
2527,0.0171729248085
2528,0.00197820651319
2529,0.00526644546644
2530,0.00845241821401
2531,0.00190845880405
2532,0.0
2533,0.00480056248245
2534,0.0
2535,0.00364643403037
2536,0.00243813261977
2537,0.00010880890631
2538,0.00381984859991
2539,5.40256946092e-05
2540,0.0
2541,0.0109328194792
2542,0.00165421368404
2543,0.0136554342616
2544,0.00520358978735
2545,0.00318569097716
2546,0.00149097799973
2547,0.00117553888283
2548,0.000651667210551
2549,0.00410257066285
2550,0.0
2551,0.00147804765732
2552,0.00398073187481
2553,0.0
2554,0.00547318901302
2555,0.0
2556,0.00541333304264
2557,0.00167688485894
2558,0.0
2559,0.00308624736991
2560,0.00999686219967
2561,0.00373118330311
2562,0.00205401579949
2563,0.0521335068452
2564,0.00217637496095
2565,0.00459759100061
2566,0.0110387399606
2567,9.75565375588e-05
2568,0.0337272746797
2569,0.00448601289251
2570,0.0028767470698
2571,0.000666713749019
2572,0.0037971969823
2573,0.00758335769276
2574,0.0
2575,0.00209378371006
2576,0.0
2577,0.000964954836151
2578,0.00545105790273
2579,0.0
2580,0.0
2581,0.00171346186892
2582,0.000363660294163
2583,0.00475758661544
2584,0.0115810369913
2585,0.00315704916853
2586,0.0
2587,0.00159239267921
2588,0.00900740076147
2589,0.000197050771265
2590,0.0096343386251
2591,0.0
2592,0.00218216598616
2593,0.0
2594,0.00461993427638
2595,0.00568469827316
2596,0.00694099280945
2597,0.0
2598,0.0
2599,0.037053578777
2600,0.00311273388274
2601,0.0145072754667
2602,0.0
2603,0.0426500659074
2604,0.000757649051181
2605,0.017545519706
2606,0.00021308751894
2607,0.0106517750573
2608,0.00397867428205
2609,0.0
2610,0.00561040772446
2611,0.000692522473297
2612,0.00348367734021
2613,0.00238846936721
2614,9.08365749511e-05
2615,0.00370042900465
2616,0.0
2617,0.000433975431194
2618,0.011295547684
2619,0.00173260122571
2620,0.00137468160509
2621,0.0
2622,0.00015811919096
2623,0.00607160152152
2624,0.0
2625,0.00162309199243
2626,0.0240296111573
2627,0.0151058187271
2628,0.0106878709648
2629,0.0106218744126
2630,0.00862249736628
2631,0.0
2632,0.000779296042461
2633,0.00348023486048
2634,0.00346946197156
2635,0.0
2636,0.000724464293768
2637,0.0
2638,0.0116736746843
2639,0.00741270489411
2640,0.000110272070053
2641,0.000325189976963
2642,0.000116696678107
2643,0.0
2644,0.000113700987875
2645,0.0
2646,0.00151117568256
2647,0.00194636941495
2648,0.0
2649,0.0
2650,0.0
2651,0.00309684439686
2652,0.00436119383442
2653,0.0
2654,0.0186145899307
2655,0.00680463932293
2656,0.0001587013222
2657,0.0121919005045
2658,0.00212932197231
2659,0.0
2660,0.0
2661,0.00214537995996
2662,0.00333398065887
2663,0.00730897979669
2664,0.00356120251753
2665,0.0
2666,0.000459653521398
2667,0.00280708762908
2668,0.0014769943908
2669,0.00016979951287
2670,0.00964797813914
2671,0.0040036640392
2672,0.0019246690904
2673,0.0184161040108
2674,0.0
2675,0.0074537091675
2676,0.00930853712203
2677,0.0
2678,0.00014705665352
2679,0.000497868141188
2680,0.000167656762675
2681,0.00446507484624
2682,0.0
2683,0.0058286132011
2684,0.0
2685,0.000106764859996
2686,0.000169610850816
2687,0.00013506710734
2688,0.0189363182244
2689,0.0
2690,0.00427786630537
2691,0.00477917532822
2692,0.00491536904907
2693,0.00015291616708
2694,0.00151199474958
2695,0.0028800785487
2696,0.00463749952247
2697,0.0
2698,0.00151692030104
2699,0.0036679459016
2700,0.000905742162884
2701,0.0181649921326
2702,0.0169317563251
2703,0.0
2704,0.00107622532642
2705,0.000199605617467
2706,0.00020931958909
2707,0.00559367297415
2708,0.000947925637202
2709,0.000308312659648
2710,0.0191208671649
2711,0.0
2712,0.0138013685982
2713,0.0
2714,6.7211785261e-05
2715,0.020607305523
2716,0.0
2717,0.00835163184225
2718,0.00171963181121
2719,0.0
2720,0.000260077747832
2721,0.000151024292164
2722,0.0
2723,0.0078384995628
2724,0.000248297226261
2725,0.0247448011243
2726,0.00634658222757
2727,0.0
2728,0.0
2729,0.00232730077911
2730,0.0013323808212
2731,0.0081815483823
2732,0.0381580539842
2733,0.000800988784498
2734,0.000753502900933
2735,0.00325577470535
2736,0.000287768553819
2737,0.00275226528479
2738,0.0156789045499
2739,0.00218122723727
2740,0.0
2741,0.0108230692101
2742,0.00442604631206
2743,0.00440374166591
2744,0.000866665301351
2745,0.000122618394261
2746,0.000162643932841
2747,0.000783446006706
2748,0.00476035377117
2749,0.0
2750,0.000291691832832
2751,0.00110268269392
2752,0.0160583318966
2753,0.0364855130298
2754,0.00497667735558
2755,0.0
2756,0.000449460663906
2757,0.00135471205679
2758,0.000610480582545
2759,0.0148393092522
2760,0.000176925296737
2761,0.00273299576
2762,0.000333624300183
2763,0.015622279234
2764,0.0
2765,0.0083728187196
2766,0.00345043715677
2767,0.0
2768,0.000402998886715
2769,0.000187399655801
2770,0.0
2771,0.0
2772,0.0142100940833
2773,0.0
2774,0.0
2775,0.000260755437709
2776,0.0127170069596
2777,0.00416999475062
2778,0.0304947522233
2779,0.000427824064482
2780,0.0
2781,0.001198885974
2782,0.0
2783,0.0
2784,0.000325162875381
2785,0.0079138561258
2786,0.00471112989143
2787,0.00163700672307
2788,0.0
2789,0.000368869559998
2790,0.0537580427288
2791,0.0
2792,0.000322120864413
2793,0.00129652684142
2794,0.0
2795,0.0
2796,0.0
2797,0.0121485640772
2798,0.000271208450866
2799,0.000689778149807
2800,0.00265570995756
2801,0.000323266354732
2802,0.0
2803,0.0
2804,0.00868696077889
2805,0.00228200984634
2806,0.0
2807,0.0010579399698
2808,0.0168489926597
2809,0.0
2810,0.0407404055383
2811,0.0139117348922
2812,0.00031405440847
2813,0.0
2814,0.00337411159947
2815,0.0
2816,0.00201632919364
2817,0.000739014571877
2818,0.0
2819,0.000267568653768
2820,0.00156141504765
2821,0.000794504000459
2822,0.00342813303155
2823,0.000211992470995
2824,0.000221544228926
2825,0.0
2826,0.0
2827,0.00484048208431
2828,0.000231108581201
2829,0.0
2830,0.000259397312524
2831,0.0
2832,0.0162569093154
2833,0.0106949456724
2834,0.00335555176919
2835,0.0018495534265
2836,0.00167535285693
2837,0.00050676920933
2838,0.00364044595248
2839,0.0297468526558
2840,0.0
2841,0.0266004126853
2842,0.000572367588388
2843,0.0070711373132
2844,0.00731531440062
2845,0.00397250387533
2846,0.00118595061369
2847,0.000246063183866
2848,0.000359216306813
2849,0.00284601030368
2850,0.00197650431271
2851,0.0
2852,0.000641594497163
2853,0.00129713522683
2854,0.000344218955512
2855,0.000721956726619
2856,0.00224821252787
2857,0.00381450078336
2858,0.00870653671329
2859,0.0
2860,0.00565287853412
2861,0.00102171291172
2862,0.0161399413764
2863,0.000181818498299
2864,0.00338246994861
2865,0.00323242010301
2866,0.00200666480162
2867,0.0138120801274
2868,0.000341419104907
2869,0.00784430846502
2870,0.00311448687483
2871,0.0298394904639
2872,0.000690194433998
2873,0.0
2874,0.000286169176428
2875,0.00293560875189
2876,0.0
2877,0.0
2878,0.0146995205612
2879,0.000593244658019
2880,0.0
2881,0.0
2882,0.000559849027137
2883,0.00850040448024
2884,0.0155494208735
2885,0.00400717554681
2886,0.0060934280052
2887,0.0025555445861
2888,0.00263602329439
2889,0.000796875310406
2890,0.0315298906789
2891,0.0300874114469
2892,0.00272572747911
2893,0.0112425983882
2894,0.00245611086646
2895,0.000213017886454
2896,0.00245410884389
2897,0.000680986641241
2898,0.00014239581083
2899,0.0081010917094
2900,0.000610576467131
2901,0.000647720032464
2902,0.0
2903,0.0
2904,0.00173862430264
2905,0.0108035440188
2906,0.000212677651585
2907,0.000170839108124
2908,0.0122017837357
2909,0.0038368828745
2910,0.00244200092797
2911,0.0203542971054
2912,0.00189310289016
2913,0.0104010107414
2914,0.00694823224558
2915,0.00183244552682
2916,0.0
2917,0.00825759464125
2918,0.000757693075523
2919,0.0148890063687
2920,0.0
2921,0.00960799015499
2922,0.00829775575689
2923,0.00665752807005
2924,0.00412408557719
2925,0.0039985074502
2926,0.00249376783519
2927,0.00030563753964
2928,0.00242055974644
2929,0.00655135643411
2930,0.00185065864179
2931,0.00137072206255
2932,0.00336235143515
2933,0.0176699802203
2934,0.0
2935,0.000370305136314
2936,0.00081676567269
2937,0.00244710806118
2938,0.00211759964956
2939,0.013793525204
2940,0.0
2941,0.0
2942,0.000620152834023
2943,0.00552457114462
2944,0.0
2945,0.000756115266085
2946,0.0114117082744
2947,0.00491760835875
2948,0.0021187075402
2949,0.0
2950,0.00240752715407
2951,0.00149141804897
2952,0.0110254173557
2953,0.000199208628414
2954,0.00127561296351
2955,0.00139645587929
2956,0.00580238234373
2957,0.00362001049143
2958,0.0204505584499
2959,0.000469679984735
2960,0.0
2961,0.000208336142274
2962,0.000130741731243
2963,0.00217537898081
2964,0.000702774668081
2965,0.0024005624154
2966,0.000363760243949
2967,0.0
2968,0.00308003079909
2969,0.0
2970,0.0255998262811
2971,0.00291991212763
2972,0.0109576659239
2973,0.000164319304186
2974,0.0
2975,0.000201741251045
2976,0.00303366104117
2977,0.000146409259852
2978,0.0
2979,0.00338109720456
2980,0.00171878013213
2981,0.0
2982,0.0120931502648
2983,0.00158811347934
2984,0.000295607758011
2985,0.000222288201779
2986,0.0
2987,0.00374404058779
2988,0.0
2989,0.0004833775088
2990,0.00566477125757
2991,0.0
2992,0.0196657450228
2993,0.0532094428861
2994,0.0
2995,0.0190199305864
2996,0.0
2997,0.0
2998,0.0039893639171
2999,0.000723043794649
3000,0.00177716264868
3001,0.0137748753799
3002,0.0
3003,0.0
3004,0.00059478910667
3005,0.0
3006,0.000758627676057
3007,0.0002061917453
3008,0.00403934119294
3009,0.0
3010,0.0
3011,0.00106007500576
3012,0.00361261984084
3013,0.00219942901225
3014,0.0
3015,0.000616845106619
3016,0.000633924774595
3017,0.00531577416551
3018,0.00080212554771
3019,0.000209068301565
3020,0.00368497431427
3021,0.000637844562879
3022,0.0010781696507
3023,0.0
3024,0.0547790639065
3025,0.0017866998084
3026,0.0106212893553
3027,0.0
3028,0.000666296001409
3029,0.000333860097128
3030,0.000311731003796
3031,0.0
3032,0.000563447802617
3033,0.0116324691997
3034,0.000196389755102
3035,0.00126997307965
3036,0.0
3037,0.00102560489294
3038,0.000216385435587
3039,0.00940598544378
3040,0.00357916123071
3041,0.0
3042,0.000318989168408
3043,0.0152227818184
3044,0.0
3045,0.0
3046,0.000697937753298
3047,0.0
3048,0.0415245629023
3049,0.00560111124583
3050,0.000176446969516
3051,0.00020984022534
3052,0.00217707890283
3053,0.00801901283631
3054,0.00133172953851
3055,0.0
3056,0.00150142959385
3057,0.00208476299012
3058,0.0061233802945
3059,0.0
3060,0.0
3061,0.0
3062,0.0
3063,0.0
3064,0.0283181215259
3065,0.0020630064745
3066,0.0
3067,0.0
3068,0.00136313484232
3069,0.00532829421559
3070,0.000426152993107
3071,0.00825996134077
3072,0.000256334423552
3073,0.0020873309354
3074,0.0
3075,0.0
3076,0.0
3077,0.00542676642291
3078,0.00131050222258
3079,0.000250949407618
3080,0.000942532759736
3081,0.000992138453709
3082,0.0
3083,0.00025805474568
3084,0.012310232975
3085,0.000195794079135
3086,0.0103676832941
3087,0.00497440544877
3088,0.0
3089,0.0
3090,0.000122712926655
3091,0.000196716770327
3092,0.00251940656559
3093,0.0017635746729
3094,0.00278704461567
3095,0.00454096002905
3096,0.000296779708792
3097,0.00455321667186
3098,0.000245793600428
3099,0.00275058390637
3100,0.0
3101,0.0
3102,0.000592046358854
3103,0.00116330089961
3104,0.0
3105,0.00173476768146
3106,0.0198772153529
3107,0.0166859511126
3108,0.00529202856623
3109,0.0395494948502
3110,0.0202745959379
3111,0.000367607854579
3112,0.0128451070266
3113,0.00351681705117
3114,0.00503480877258
3115,0.000181228365851
3116,0.000780180720448
3117,0.00101270516374
3118,0.0189332484165
3119,0.00418706153767
3120,0.000266481757246
3121,0.000501877342685
3122,0.0
3123,0.00216593430667
3124,0.00306074457094
3125,0.00113338405638
3126,0.00331996753939
3127,0.0
3128,0.00591485531856
3129,0.0
3130,0.0
3131,0.000370491559954
3132,0.00285418436831
3133,0.00500808101969
3134,0.00615588520422
3135,0.0
3136,0.00353233190663
3137,0.0
3138,0.0
3139,0.0
3140,0.000184780725921
3141,0.0
3142,0.00127698348259
3143,0.000287969805869
3144,0.00416238075115
3145,0.0118020706191
3146,0.00253290048844
3147,0.00167999206711
3148,0.00581922949826
3149,0.00333588789088
3150,0.00246016290411
3151,0.0104167727665
3152,0.0
3153,0.000393694515803
3154,0.0
3155,0.00227656927725
3156,0.000943227023404
3157,0.00306332144205
3158,0.0201371830167
3159,0.0150799984073
3160,0.00872025984843
3161,0.0
3162,0.0182792030348
3163,0.0
3164,0.0
3165,0.00144035219273
3166,0.0
3167,0.00608168144449
3168,0.00296253273033
3169,0.000145810093834
3170,0.0
3171,0.000818484916034
3172,0.00091428522285
3173,0.00325677602017
3174,0.00228195150576
3175,0.000242642097189
3176,0.0010635398064
3177,0.0113750592537
3178,0.00646613669715
3179,0.000214300726711
3180,0.00287670853177
3181,0.00811835145204
3182,0.00509403987487
3183,0.00063207222762
3184,0.00663637175151
3185,0.0028928891022
3186,0.0
3187,0.000522148004761
3188,0.00121804769728
3189,0.00202172268354
3190,0.00250256767185
3191,0.00107864543721
3192,0.00164916361034
3193,0.0
3194,0.000713602894028
3195,0.0
3196,0.0
3197,0.0231590347027
3198,0.00128698472148
3199,0.0020386737281
3200,0.000295663051587
3201,0.000672153040196
3202,0.00713801214946
3203,0.0
3204,0.0
3205,0.0104095477563
3206,0.0
3207,0.0
3208,0.000557307135669
3209,0.00208138748272
3210,0.0
3211,0.00093932555602
3212,0.00490997285989
3213,0.00416509822461
3214,0.0110113992612
3215,0.00581098721286
3216,0.0
3217,0.00132271592403
3218,0.0
3219,0.0
3220,0.00111285191167
3221,0.0
3222,0.0
3223,0.0341522966415
3224,0.000430428209411
3225,0.00389260678546
3226,0.000638410748349
3227,0.0167518988152
3228,0.0
3229,0.0
3230,0.0
3231,0.0
3232,0.000247795975223
3233,0.000251397655339
3234,0.00232825979879
3235,0.0188369608619
3236,0.000711226447031
3237,0.00596460536951
3238,0.00124261790808
3239,0.0
3240,0.00225123135981
3241,0.0222719607898
3242,0.0328277115454
3243,0.0116446564347
3244,0.00659391006963
3245,0.0
3246,0.0320796235
3247,0.0498905754345
3248,0.0145745259597
3249,0.00253975519254
3250,0.000681722768441
3251,0.0
3252,0.0
3253,0.00100021786994
3254,0.0
3255,0.00253620222073
3256,0.000350147765853
3257,0.00562170682343
3258,0.00159622593674
3259,0.0044528971142
3260,0.000668966795282
3261,0.00356678801093
3262,0.00100758269378
3263,0.0123770165116
3264,0.00946980415773
3265,0.0
3266,0.000220199090323
3267,0.0260830733201
3268,0.0117715672029
3269,0.0205570425804
3270,0.0
3271,0.000519154135679
3272,0.00510029859391
3273,0.00771066349421
3274,0.00999592983908
3275,0.00197306668591
3276,0.0
3277,0.000765507655348
3278,0.00079806171942
3279,0.00546865442183
3280,0.000802380778099
3281,0.00150058282499
3282,0.00494229396783
3283,0.000246692768526
3284,0.0
3285,0.0
3286,0.00030721983519
3287,0.00203541597466
3288,0.00249656461402
3289,0.0
3290,0.0
3291,0.0
3292,0.00426897675274
3293,0.000403542857913
3294,0.00174590799069
3295,0.00542332693652
3296,0.00063234833012
3297,0.00475254927125
3298,0.0026988784586
3299,0.00977596476805
3300,0.0
3301,0.00190570664452
3302,0.0117825213368
3303,0.00179046761905
3304,0.00284814529862
3305,0.00954836282289
3306,0.00483372918505
3307,0.0136743700628
3308,0.00336102423321
3309,0.0
3310,0.0
3311,0.000656958742535
3312,0.000907884852807
3313,0.0
3314,0.00105612850903
3315,0.000331808801322
3316,0.000284626555051
3317,0.00247531984159
3318,0.00995089693279
3319,0.0131692494078
3320,0.0
3321,0.00968743370827
3322,0.00195879197696
3323,0.000490095807021
3324,0.0
3325,0.00599079641827
3326,0.00136473575042
3327,0.00579225573686
3328,0.00328698951516
3329,0.00330109029269
3330,0.000944767553123
3331,0.0
3332,0.00455157889572
3333,0.00112136873098
3334,0.00151610361439
3335,0.00949115071049
3336,0.00138920304971
3337,0.0100641178662
3338,0.0150496350768
3339,0.00152816285503
3340,0.0
3341,0.0
3342,0.00440553076675
3343,0.0
3344,0.00210769656185
3345,0.00168269900591
3346,0.000774127431549
3347,0.00405922899176
3348,0.0
3349,0.000306301052505
3350,0.0013138121866
3351,0.000687539933788
3352,0.00187598117125
3353,0.00292149137718
3354,0.0214257873029
3355,0.00124716014434
3356,0.000601619494951
3357,0.0100911354773
3358,0.0
3359,0.000468963355141
3360,0.00117459101929
3361,0.0
3362,0.0
3363,0.000454319337365
3364,0.000259631968521
3365,0.00146240373669
3366,0.0125053240634
3367,0.000670980487688
3368,0.0
3369,0.000158238815835
3370,0.000545662121527
3371,0.0
3372,0.00197848891154
3373,0.00191417906318
3374,0.0124554381812
3375,0.0
3376,0.000201017480143
3377,0.00416591911546
3378,0.00433344655915
3379,0.000309211520961
3380,0.000444882838717
3381,0.0175408755917
3382,0.00021566318755
3383,0.0
3384,0.000838910814418
3385,0.00110257396832
3386,0.0157032882798
3387,0.0
3388,0.00771975381008
3389,0.0
3390,0.00448239433312
3391,0.0147885877388
3392,0.000816821634287
3393,0.00319308046687
3394,0.0
3395,0.00363607301711
3396,0.000319037171153
3397,0.00141561334592
3398,0.00243151289042
3399,0.00427820155968
3400,0.00363577613886
3401,0.00387287023263
3402,0.0
3403,0.0
3404,0.000376320763507
3405,0.00705222689341
3406,0.0016632963793
3407,0.0
3408,0.0138066936868
3409,0.0
3410,0.0289778942771
3411,0.0171076284708
3412,0.0
3413,0.0
3414,0.000576022551904
3415,0.00390076030629
3416,0.00180241706134
3417,0.00271369563753
3418,0.0136225507773
3419,0.0
3420,0.0285650597665
3421,0.00186340034947
3422,0.0
3423,0.000335066337005
3424,0.00390071823245
3425,0.000402987029149
3426,0.000277005057685
3427,0.000896757417033
3428,0.0155060495098
3429,0.00121724775751
3430,0.00076278644329
3431,0.0023213498848
3432,0.000983716238679
3433,0.000468236405558
3434,0.011351177012
3435,0.00080785561214
3436,0.000601512012974
3437,0.0116939990765
3438,0.0
3439,0.000582874967533
3440,0.00216059348431
3441,0.0
3442,0.00371233549708
3443,0.000995634370264
3444,0.00427504871953
3445,0.0
3446,0.0577182744218
3447,0.0018633084232
3448,0.00251475440106
3449,0.00043759698652
3450,0.00608748459479
3451,0.00473299036216
3452,0.000327438282977
3453,0.0150737393996
3454,0.000808176562413
3455,0.000785836285493
3456,0.00257630581901
3457,0.0104576762163
3458,0.0
3459,0.0
3460,0.00234602237917
3461,0.0
3462,0.00020215410801
3463,0.000676294920485
3464,0.000533092536343
3465,0.0188778176053
3466,0.00181016453613
3467,0.01137590441
3468,0.000292642012838
3469,0.0
3470,0.00196526136809
3471,0.000572706184123
3472,0.000512577705091
3473,0.0391998019767
3474,0.0
3475,0.00044141998616
3476,0.00423411177425
3477,0.00166392789072
3478,0.00329773349179
3479,0.00106474048639
3480,0.00270792621089
3481,0.00256494915604
3482,0.00223927579448
3483,0.0
3484,0.000331285653054
3485,0.00934398776349
3486,0.00165235023572
3487,0.0
3488,0.000820800066221
3489,0.0
3490,0.00387007314733
3491,0.000902393655263
3492,0.00888463341806
3493,0.000820451115392
3494,0.0
3495,0.0
3496,0.000110825800395
3497,0.0
3498,0.0011490380019
3499,0.000267802679376
3500,0.00118242729527
3501,0.0107990131816
3502,0.000592711944298
3503,0.000376106627854
3504,0.00167096434246
3505,0.00168850542819
3506,0.0
3507,0.0
3508,0.000295387355136
3509,0.000725682928918
3510,0.00326167918523
3511,0.0
3512,0.0
3513,0.00124456894143
3514,0.000341399724296
3515,0.0
3516,0.00112536161863
3517,0.00568027872122
3518,0.000492457743886
3519,0.000868042180136
3520,0.00367612931788
3521,0.0
3522,0.000547320719154
3523,0.0
3524,0.0102038334653
3525,0.000782733447864
3526,0.0125234392533
3527,0.00332840330158
3528,0.00791794229438
3529,0.000285634036851
3530,0.000844159486702
3531,0.00305208248968
3532,0.0
3533,0.0
3534,0.00181816264021
3535,0.00175323471602
3536,0.00510065388922
3537,0.0101487829958
3538,0.00111579089491
3539,0.0666296236951
3540,0.00132831181271
3541,0.0010187541004
3542,0.0
3543,0.00275246801894
3544,0.0
3545,0.0
3546,0.00180108058415
3547,0.000308309615048
3548,0.0
3549,0.0
3550,0.0
3551,0.00706727980541
3552,0.0
3553,0.000384199414982
3554,0.00201520499686
3555,0.000814175840947
3556,0.0
3557,0.000435865758096
3558,0.000760760110849
3559,0.0166548399314
3560,0.00174130753809
3561,0.000451371313073
3562,0.0219906355279
3563,0.000932198695332
3564,0.00187896157522
3565,0.0
3566,0.0
3567,0.0113365071179
3568,0.0114695677526
3569,0.00421723289121
3570,0.0
3571,0.00144558243164
3572,0.00160385161159
3573,0.00544195053103
3574,0.000227385443445
3575,0.0
3576,0.00587351511671
3577,0.0109931046489
3578,0.000429995605959
3579,0.0
3580,0.00185356694271
3581,0.00694245060747
3582,0.0
3583,0.00356105160295
3584,0.00689508866319
3585,0.0
3586,0.0
3587,0.0
3588,0.000690840140783
3589,0.0
3590,0.000950686189878
3591,0.0
3592,0.00180395775339
3593,0.0
3594,0.0012374849217
3595,0.000272112148024
3596,0.00216567055209
3597,0.0
3598,0.00446764915429
3599,0.000961013588094
3600,0.00360702538582
3601,0.0105825710185
3602,0.000610225264431
3603,0.000975431216328
3604,0.00180721331807
3605,0.0
3606,0.00241864899488
3607,0.0
3608,0.0
3609,0.00143770286768
3610,0.000446086877304
3611,0.0018556205733
3612,0.0
3613,0.00190813260442
3614,0.00715327337761
3615,0.00036627974371
3616,0.000966797780519
3617,0.00104392181771
3618,0.000278586445326
3619,0.0
3620,0.00114403744791
3621,0.0
3622,0.000456172518709
3623,0.00120257206185
3624,0.00102509023434
3625,0.00289278240992
3626,0.000357143214343
3627,0.000669880855821
3628,0.00108229334745
3629,0.0059505207719
3630,0.000771189385153
3631,0.00201226517751
3632,0.0
3633,0.000300241772052
3634,0.00236393291256
3635,0.0
3636,0.000467851602792
3637,0.0
3638,0.00047765875225
3639,0.00318294433799
3640,0.0
3641,0.00092411957024
3642,0.00224057198303
3643,0.000723148441866
3644,0.000473976161493
3645,0.00877333054805
3646,0.000486029187631
3647,0.000477568702982
3648,0.0
3649,0.000879156829252
3650,0.0
3651,0.00274496141959
3652,0.00184543654217
3653,0.000559282096502
3654,0.0
3655,0.00200672195142
3656,0.0142434620455
3657,0.00554744612297
3658,0.0
3659,0.0
3660,0.000480101935398
3661,0.0
3662,0.00101328261215
3663,0.0
3664,0.0142584473177
3665,0.000359880557278
3666,0.000856235599595
3667,0.00394854502146
3668,0.0107322321349
3669,0.00719755666437
3670,0.000496271829576
3671,0.0050964858431
3672,0.000608252712731
3673,0.0
3674,0.00187986444165
3675,0.024354191729
3676,0.0289392957938
3677,0.0
3678,0.000374211119291
3679,0.00100642181785
3680,0.00826862934486
3681,0.00765658516327
3682,0.00796244309125
3683,0.0021035834129
3684,0.00163361072746
3685,0.00046328698353
3686,0.0
3687,0.000447010516218
3688,0.00698785081786
3689,0.00547571309671
3690,0.0
3691,0.0
3692,0.0
3693,0.0
3694,0.0
3695,0.00460008286857
3696,0.0100942882986
3697,0.00087513518659
3698,0.0
3699,0.00293687725955
3700,0.00702537891583
3701,0.00092028202981
3702,0.0
3703,0.0
3704,0.000814857428876
3705,0.00208387412554
3706,0.0190225786571
3707,0.00196967197537
3708,0.00265687852927
3709,0.0
3710,0.00817480342658
3711,0.0
3712,0.0101800540223
3713,0.0
3714,0.0
3715,0.000986170921116
3716,0.0
3717,0.00553161454501
3718,0.00232384408365
3719,0.00145677005706
3720,0.00254054660857
3721,0.00132475063583
3722,0.0
3723,0.00176737570421
3724,0.00175079953268
3725,0.00054409548761
3726,0.0
3727,0.00095017841107
3728,0.00841538462861
3729,0.01376320261
3730,0.000250272732459
3731,0.0
3732,0.00290207800629
3733,0.0
3734,0.000523943525065
3735,0.000315085724645
3736,0.00253980849375
3737,0.00522192229809
3738,0.0047804375452
3739,0.0
3740,0.00154541235775
3741,0.00377548524181
3742,0.00463776076138
3743,0.0
3744,0.0
3745,0.00443550941623
3746,0.00143543007074
3747,0.0117839258124
3748,0.0
3749,0.0
3750,0.0
3751,0.000785837329206
3752,0.0
3753,0.000783031458294
3754,0.015840168106
3755,0.00102386104879
3756,0.000322610884854
3757,0.000762656531494
3758,0.00103518809364
3759,0.0
3760,0.00750257193063
3761,0.000545334102744
3762,0.00127421030291
3763,0.0
3764,0.00226303737516
3765,0.0
3766,0.00238948072243
3767,0.0516681995226
3768,0.0
3769,0.0106429798825
3770,0.00168012900259
3771,0.0018794293877
3772,0.00149201899798
3773,0.00178161986392
3774,0.0
3775,0.00769761925246
3776,0.00107793773397
3777,0.00171081841865
3778,0.00126588160601
3779,0.00939118214882
3780,0.0345071358869
3781,0.00134781416509
3782,0.00625724968747
3783,0.0
3784,0.00657195530203
3785,0.0059404965656
3786,0.0150277410178
3787,0.00963448760879
3788,0.00269869397859
3789,0.000279104063706
3790,0.000974916415146
3791,0.0
3792,0.0
3793,0.0
3794,0.00525480659527
3795,0.0
3796,0.0
3797,0.00778655338795
3798,0.00221792752818
3799,0.0
3800,0.000327261080397
3801,0.000605380415281
3802,0.000282305598058
3803,0.000586678095804
3804,0.0
3805,0.00669482930711
3806,0.00775526939691
3807,0.000765232324652
3808,0.00240598106905
3809,0.0
3810,0.00139016904994
3811,0.0
3812,0.00108946685414
3813,0.0246499740779
3814,0.000820019858375
3815,0.0053830802144
3816,0.00185811932624
3817,0.0
3818,0.00077624523851
3819,0.00163825317146
3820,0.000336971170336
3821,0.00631582172422
3822,0.00261053262361
3823,0.000329856328221
3824,0.00350720124391
3825,0.00101084440967
3826,0.000719267879455
3827,0.0395047732733
3828,0.00161011065807
3829,0.00172042789354
3830,0.0
3831,0.000610516136964
3832,0.000561754819285
3833,0.00167879887902
3834,0.000326531091307
3835,0.0148728568685
3836,0.00094527254737
3837,0.00398706128145
3838,0.00160789264727
3839,0.00437951732453
3840,0.00122070138748
3841,0.00225764272817
3842,0.00160470683163
3843,0.0
3844,0.00095193725124
3845,0.0120254944602
3846,0.00191306770959
3847,0.00161365861907
3848,0.00115895455084
3849,0.00173055486974
3850,0.0
3851,0.0
3852,0.00104082321842
3853,0.00038628136301
3854,0.00226600773167
3855,0.00121588524286
3856,0.0
3857,0.0
3858,0.0115771832214
3859,0.00135442831173
3860,0.00166350705315
3861,0.000302617323963
3862,0.0
3863,0.000379078446741
3864,0.0
3865,0.0
3866,0.0
3867,0.0102223991253
3868,0.0257363813585
3869,0.000449939376079
3870,0.00165195848366
3871,0.000551929244676
3872,0.00120973489892
3873,0.00163274037953
3874,0.00771436324447
3875,0.0025349460337
3876,0.00114099333275
3877,0.000658828507305
3878,0.000385485450882
3879,0.0
3880,0.0033704520888
3881,0.0
3882,0.00113147023061
3883,0.000662467886249
3884,0.0108061914139
3885,0.000266391819096
3886,0.00205554724604
3887,0.00182678525199
3888,0.0
3889,0.000664716281083
3890,0.000215292973875
3891,0.00195240906472
3892,0.00204720938975
3893,0.0
3894,0.00217360813136
3895,0.0
3896,0.025486752245
3897,0.000654103403159
3898,0.0
3899,0.0175490029912
3900,0.00479017513177
3901,0.000653138503969
3902,0.000485989727209
3903,0.0
3904,0.00172212493318
3905,0.0
3906,0.00266043436495
3907,0.00230479304949
3908,0.000352400823632
3909,0.0
3910,0.000517705772172
3911,0.0
3912,0.000663233442192
3913,0.000936096038974
3914,0.0
3915,0.000502768423464
3916,0.000652894971358
3917,0.00342311051325
3918,0.00149861390629
3919,0.00413509709162
3920,0.0
3921,0.0
3922,0.0012984189377
3923,0.00196337569075
3924,0.00286719892156
3925,0.00487617436265
3926,0.0397334072107
3927,0.0182060929745
3928,0.000594133094139
3929,0.00365600319999
3930,0.000709669079587
3931,0.00251939284798
3932,0.00473614449604
3933,0.000258613960982
3934,0.00332544522332
3935,0.0173793464662
3936,0.0
3937,0.0
3938,0.00164250195611
3939,0.0
3940,0.0
3941,0.0
3942,0.00214600573616
3943,0.00885700265825
3944,0.0138475355619
3945,0.0
3946,0.0
3947,0.00186092290233
3948,0.000865333602551
3949,0.0005330426119
3950,0.0322983766461
3951,0.00931747639431
3952,0.000874709123027
3953,0.0
3954,0.0
3955,0.0152512997566
3956,0.0
3957,0.00547046843436
3958,0.0
3959,0.00561645551513
3960,0.0
3961,0.00260630346916
3962,0.00900926435672
3963,0.0
3964,0.00334688549957
3965,0.0115818174389
3966,0.0110371936505
3967,0.00511118042051
3968,0.0
3969,0.00439491561566
3970,0.0
3971,0.000399029048453
3972,0.0160372650306
3973,0.0
3974,0.000613742535945
3975,0.000658519787292
3976,0.00388658386688
3977,0.000946010641225
3978,0.000366618941459
3979,0.00130049936642
3980,0.0
3981,0.0
3982,0.00160890402569
3983,0.0271272565707
3984,0.00039362556808
3985,0.0
3986,0.00908854109868
3987,0.0258439361511
3988,0.00168766203926
3989,0.0
3990,0.0
3991,0.0
3992,0.0
3993,0.00153460887419
3994,0.0
3995,0.000659179351669
3996,0.000785740982226
3997,0.0
3998,0.0
3999,0.000525717799456
4000,0.0021146023291
4001,0.000319938782875
4002,0.00152288508411
4003,0.00256532008863
4004,0.000855163559867
4005,0.028656535631
4006,0.0
4007,0.00581677479343
4008,0.000181766823373
4009,0.00232997542984
4010,0.000704300638242
4011,0.00199303793446
4012,0.000361584432425
4013,0.00177523282319
4014,0.0
4015,0.0
4016,0.00523094330237
4017,0.00328828398487
4018,0.00545592430316
4019,0.00156270950522
4020,0.0
4021,0.0
4022,0.0124485953795
4023,0.00627035594721
4024,0.00390535633573
4025,0.000590591291773
4026,0.0
4027,0.000311271303159
4028,0.000594658915127
4029,0.00527541966932
4030,0.00371600780186
4031,0.000325840301098
4032,0.00118516233654
4033,0.00181036820023
4034,0.000638466402493
4035,0.0
4036,0.0
4037,0.0
4038,0.000769702790928
4039,0.000935338979471
4040,0.0016481837268
4041,0.0213585233651
4042,0.000614110353194
4043,0.00205287497678
4044,0.0
4045,0.00187342646819
4046,0.0
4047,0.00175474745956
4048,0.0107368206654
4049,0.0062007702929
4050,0.00112361917822
4051,0.0
4052,0.0
4053,0.0
4054,0.00115376594697
4055,0.0
4056,0.00123954586201
4057,0.00478422226896
4058,0.00175889989016
4059,0.0
4060,0.00133186428697
4061,0.0
4062,0.0128588928127
4063,0.0104036965536
4064,0.0
4065,0.00606407000271
4066,0.00102886002637
4067,0.00914981332307
4068,0.000599910206351
4069,0.0
4070,8.4203891699e-05
4071,0.00658686152711
4072,0.0133104369041
4073,0.012116674406
4074,0.00696507522315
4075,0.0
4076,0.0
4077,0.0
4078,0.000580925285766
4079,0.0
4080,0.00402585892347
4081,0.00215773354879
4082,0.0
4083,0.0376652926608
4084,0.000556930062109
4085,0.0029315648692
4086,0.0396100371848
4087,0.000809127102878
4088,0.0
4089,0.00155155707759
4090,0.0101987144522
4091,0.00247474112178
4092,0.00119773307323
4093,0.00189073514272
4094,0.0025853516034
4095,0.000695455384601
4096,0.00652656434878
4097,0.000874250508365
4098,0.0
4099,0.00146500404883
4100,0.000563647001386
4101,0.0
4102,0.00118650900901
4103,0.0
4104,0.0129891569305
4105,0.00146644016988
4106,0.0
4107,0.000154222597413
4108,0.000595481175857
4109,0.00269098555906
4110,0.000258815895648
4111,0.000958388963658
4112,0.000499313609585
4113,0.00120922534588
4114,0.0
4115,0.0178628063288
4116,0.00158997744391
4117,0.0
4118,0.00503874250701
4119,0.0
4120,0.0
4121,0.00463372257492
4122,0.000981000410865
4123,0.00127637533898
4124,0.000311472101999
4125,0.0191833244918
4126,0.00164846201123
4127,0.00964683645669
4128,0.00206011384196
4129,0.00492534479996
4130,0.0
4131,0.000579614261329
4132,0.0029578464122
4133,0.0
4134,0.00077513763126
4135,0.00392529714686
4136,0.00643416111361
4137,0.0
4138,0.00907172617509
4139,0.00138445919797
4140,0.00199636585499
4141,0.0
4142,0.00012761126633
4143,0.000232388023379
4144,0.0124438316469
4145,0.00081712791667
4146,0.000544821149099
4147,0.0137963104801
4148,0.000634624366141
4149,0.0045028219846
4150,0.0
4151,0.00158178946053
4152,0.000749213243846
4153,0.00267561090839
4154,0.0038026291377
4155,0.000808326061223
4156,6.65324113379e-05
4157,0.00290593225166
4158,0.0
4159,0.0
4160,0.00155699883908
4161,0.000592679788117
4162,0.0
4163,0.0
4164,0.0069248719992
4165,0.00055939014051
4166,0.00101247622555
4167,0.00091619994518
4168,0.0022220399208
4169,0.0276152636299
4170,0.000805539517583
4171,0.00255835739467
4172,0.00523818264092
4173,0.00489189897568
4174,0.000755288649086
4175,0.00133328260864
4176,0.00770695852177
4177,0.00330544274373
4178,0.000325804603783
4179,0.00249088570099
4180,0.0
4181,0.0
4182,0.00935734804755
4183,0.000401209793959
4184,0.00249696880408
4185,0.0
4186,0.00231972160171
4187,0.000519089727942
4188,0.000736299232175
4189,0.00580806759145
4190,0.0
4191,0.00269750716489
4192,0.0
4193,0.00220373465433
4194,0.00303338787023
4195,0.00159149355031
4196,0.00114802471606
4197,0.000558542490762
4198,0.0
4199,0.0
4200,0.0
4201,0.00663954260734
4202,0.0
4203,0.001562239368
4204,0.0
4205,0.00189978074389
4206,0.000739262814068
4207,0.0
4208,0.00157178924228
4209,0.0290698169088
4210,0.0026004811667
4211,0.0
4212,0.00903534570498
4213,0.000497825404614
4214,0.000996074034861
4215,0.00189664806453
4216,0.00692990501689
4217,0.000891625343855
4218,0.0168607864218
4219,0.00058621583432
4220,0.00039415222722
4221,0.00553854921503
4222,0.00321598575236
4223,0.00149391525928
4224,0.000896498670487
4225,0.0
4226,0.00113953110618
4227,0.0
4228,0.000487629736668
4229,0.00447413061782
4230,0.000104828159659
4231,0.0
4232,0.00381475501228
4233,0.00372634320263
4234,0.00225985724347
4235,0.00465691175176
4236,0.0
4237,0.000766588585355
4238,0.00196420323989
4239,0.00412077985792
4240,0.0
4241,0.0
4242,0.00118854876029
4243,0.00118438198411
4244,0.0
4245,0.00111799130895
4246,0.000175530957438
4247,0.00463254705874
4248,0.00173975864558
4249,0.0100567315741
4250,0.00876594058497
4251,0.000535103659346
4252,0.00975214302366
4253,0.000955660997826
4254,0.000906964773941
4255,0.000364786238583
4256,0.000743824865834
4257,0.00109251132926
4258,0.000542847350761
4259,0.000796292769089
4260,0.0
4261,0.00204054377368
4262,0.0
4263,0.0
4264,0.000615815811037
4265,0.0
4266,0.000537914157683
4267,0.0
4268,0.0180543003988
4269,0.000459727805459
4270,0.0
4271,0.0
4272,0.000573909048905
4273,0.00981276970134
4274,0.00107102742282
4275,0.00055641567707
4276,0.0
4277,0.0
4278,0.00634917428605
4279,0.000322317044215
4280,0.0
4281,0.000585461853621
4282,0.00292420330264
4283,0.000208270246161
4284,0.0
4285,0.0
4286,0.00189791840201
4287,0.00206353767252
4288,0.0141104903681
4289,0.00113956513957
4290,0.00237357894537
4291,0.00859613806018
4292,0.00326895253407
4293,0.00799041904261
4294,0.000169311907944
4295,0.0
4296,0.000335797986728
4297,0.00348016237963
4298,0.0
4299,0.00312364609864
4300,0.000572122434911
4301,0.000999706637032
4302,0.0
4303,0.0
4304,0.00155948770127
4305,0.000347194771973
4306,0.0
4307,0.000398886914599
4308,0.000343304331828
4309,0.0106428116844
4310,0.00117838216596
4311,0.00182154232353
4312,0.000198957729753
4313,0.00116080439245
4314,0.000453879855906
4315,0.00550190294407
4316,0.000309677923023
4317,0.000696603781173
4318,0.002715007292
4319,0.00131203486477
4320,0.0
4321,0.000557667972184
4322,0.000364254296802
4323,0.00169720820793
4324,0.0108406152893
4325,0.00225713123655
4326,0.00156709696593
4327,0.00161395462287
4328,0.0
4329,0.0
4330,0.0
4331,0.00151073438021
4332,0.00267363525761
4333,0.00689589506588
4334,0.00289342810985
4335,0.00912429979229
4336,0.000484495410322
4337,0.00313416057617
4338,0.00206203956627
4339,0.0
4340,0.0
4341,0.0330801054945
4342,0.0
4343,0.000987486462942
4344,0.00175796326756
4345,0.00200425489829
4346,0.000538234891099
4347,0.000315447035118
4348,0.0
4349,0.0
4350,0.00135271986136
4351,0.00371609800886
4352,0.000881189268041
4353,0.000527256441734
4354,0.0017897610997
4355,0.00108906083155
4356,0.0
4357,0.000953361498512
4358,0.0
4359,0.00925742579733
4360,0.00112873051238
4361,0.00223004287402
4362,0.00079477289231
4363,0.000158916020003
4364,0.00249761068494
4365,0.00488667594711
4366,0.00339162367274
4367,0.0
4368,0.00160975891096
4369,0.0
4370,0.00112588060223
4371,0.00883615526348
4372,0.00192028191786
4373,0.0253334732567
4374,0.0029973769329
4375,0.000605087004184
4376,0.00440877812356
4377,0.000808592659283
4378,0.00145795054737
4379,0.0
4380,0.0290521471586
4381,0.0134388520846
4382,0.00184580615493
4383,0.000782885182707
4384,0.000311035812512
4385,0.00358141039723
4386,0.00156357543908
4387,0.00125269454546
4388,0.00111491930524
4389,0.00102976486056
4390,0.0
4391,0.000317227354849
4392,0.000547133009635
4393,0.000329781262461
4394,0.000336193751636
4395,0.00057442901668
4396,0.00137271312712
4397,0.000540632543333
4398,0.000235643314379
4399,0.00938518485016
4400,0.00373618412336
4401,0.00554951809537
4402,0.0047593195741
4403,0.00137843795568
4404,0.000777865821317
4405,0.0111056063531
4406,0.0160258242196
4407,0.000965651434726
4408,0.000160423388206
4409,0.000148455454399
4410,0.000689121776782
4411,0.00732275731217
4412,0.00617932268089
4413,0.00122333003367
4414,0.00057262324126
4415,0.0015314800496
4416,0.00119119586683
4417,0.000919184971612
4418,0.00290442501102
4419,0.00704779040961
4420,0.0
4421,0.0
4422,0.0
4423,0.00106449333496
4424,0.000429525565307
4425,0.0
4426,0.00295434884844
4427,0.000659100441846
4428,0.0
4429,0.0
4430,0.00137204689623
4431,0.00140985266326
4432,0.00113414509096
4433,0.0
4434,0.00147304848142
4435,0.00171661831982
4436,0.000376984403096
4437,0.000562445001092
4438,0.00790450977102
4439,0.000378769160748
4440,0.000893577130568
4441,0.0
4442,0.0109096626031
4443,0.0
4444,0.000586992659286
4445,0.000195209687517
4446,0.0027083372387
4447,0.000843932917652
4448,0.000357974787773
4449,0.0026934635143
4450,0.00584731047263
4451,0.000366330392063
4452,0.00340184842686
4453,0.00178630031708
4454,0.000226803415744
4455,0.000573443750303
4456,0.00130575375043
4457,0.0
4458,0.00259800339621
4459,0.0
4460,0.00808538864771
4461,0.00213630657459
4462,0.000903084117284
4463,0.000875895203088
4464,0.000228277464843
4465,0.00498753234273
4466,0.00253692768043
4467,0.0105913533693
4468,0.000552125853181
4469,0.000304886554501
4470,0.00445003347623
4471,0.00213785741871
4472,0.000759259243375
4473,0.0188186640381
4474,0.00146886288336
4475,0.00249387375864
4476,0.000774317814242
4477,0.000435066454719
4478,0.00170756532184
4479,0.0
4480,0.0105420905795
4481,0.000777521310986
4482,0.00148132612728
4483,0.00228263313379
4484,0.000506349085818
4485,0.00146173478241
4486,0.00146272608201
4487,0.00292095386817
4488,0.0
4489,0.0
4490,0.0
4491,0.00352699151681
4492,0.0
4493,0.0
4494,0.00206072612061
4495,0.0012430108935
4496,0.00408928692391
4497,0.00088334053477
4498,0.0007735356349
4499,0.0058409056279
4500,0.0
4501,0.00165164642378
4502,0.00470565253217
4503,0.0022980346148
4504,0.00162704576948
4505,0.00169099137498
4506,0.00220349147177
4507,0.00866951168112
4508,0.00933708475226
4509,0.0034715898108
4510,0.0
4511,0.012402618705
4512,0.000500186178453
4513,0.000845868130138
4514,0.0356110711507
4515,0.00142179419275
4516,0.000736999014802
4517,0.000534310177148
4518,0.000294743507378
4519,0.000739458220328
4520,0.000465503225041
4521,0.00769273853566
4522,0.0
4523,0.00663362419887
4524,0.00129841470128
4525,0.000645966892664
4526,0.0
4527,0.00072486545135
4528,0.00308378733817
4529,0.00137175646559
4530,0.0
4531,0.00120037707862
4532,0.00106531588722
4533,0.0
4534,0.00238572395009
4535,0.00892221779069
4536,0.00173514551432
4537,0.0
4538,0.000561780156629
4539,0.00679982904876
4540,0.03085191264
4541,0.00138618221701
4542,0.00135018983156
4543,0.00136155412355
4544,0.00440013784548
4545,0.0
4546,0.00382130592009
4547,0.0
4548,0.0
4549,0.000877098260834
4550,0.00160612988979
4551,0.0
4552,0.0
4553,0.0
4554,0.0
4555,0.00395385587855
4556,0.0017153090405
4557,0.0
4558,0.0
4559,0.00348011468954
4560,0.00318696392106
4561,0.00200363619074
4562,0.000630152609064
4563,0.00345268642986
4564,0.0
4565,0.0
4566,0.00119083472312
4567,0.00167458262171
4568,0.00164417605847
4569,0.000491252885512
4570,0.000389838089772
4571,0.000151224307282
4572,0.0
4573,0.0
4574,0.00214738832942
4575,0.00193621040238
4576,0.0
4577,0.00483346599966
4578,0.0
4579,0.0104411295119
4580,0.0
4581,0.000845848043537
4582,0.0
4583,0.00058346896774
4584,0.00175969164206
4585,0.00145656703406
4586,0.00172247460189
4587,0.0
4588,0.000750031976732
4589,0.000742480613909
4590,0.000489923788948
4591,0.0115328659015
4592,0.00029979887724
4593,0.00049315752838
4594,0.0101610439937
4595,0.0
4596,0.000455114798411
4597,0.00950606174747
4598,0.00109483103901
4599,0.00205696362995
4600,0.011086845188
4601,0.00150117219409
4602,0.00012383615129
4603,0.000131515084165
4604,0.0064991310251
4605,0.00338037790628
4606,0.00512686541277
4607,0.00184648786019
4608,0.000775247785667
4609,0.00119155850084
4610,0.00191096278274
4611,0.0
4612,0.00776805394583
4613,0.000474757106388
4614,0.0
4615,0.0
4616,0.00170717948247
4617,0.00320935447388
4618,0.00115245455369
4619,0.00493784653575
4620,0.00136445621024
4621,0.0
4622,0.0
4623,0.00174503759559
4624,0.00152736952638
4625,0.00324472611475
4626,0.00138411470348
4627,0.0
4628,0.00322799414535
4629,0.0
4630,0.000625542050046
4631,0.00197445792031
4632,0.000461436759945
4633,0.0
4634,0.0
4635,0.000801337055377
4636,0.0
4637,0.0
4638,0.0
4639,0.000804076133334
4640,0.000484185383471
4641,0.00220481060386
4642,0.0
4643,0.00115348121984
4644,0.0017295743145
4645,0.000821475021885
4646,0.00997101362746
4647,0.0
4648,0.014293916514
4649,0.0187957965829
4650,0.00226053191312
4651,0.0334266634833
4652,0.00310458682585
4653,0.00849806885268
4654,0.00148113959319
4655,0.0
4656,0.00817667682119
4657,0.000525038460072
4658,0.00336237175227
4659,0.0
4660,0.000247595771352
4661,0.000246172638614
4662,0.00315886982867
4663,0.000586304213394
4664,0.0
4665,0.0
4666,0.0
4667,0.00369209628071
4668,0.0031568960656
4669,0.00288325688628
4670,0.00190422870636
4671,0.0331285354602
4672,0.000867074589902
4673,0.0130750014515
4674,0.0
4675,0.000795366811151
4676,0.000448946009242
4677,0.00709621062762
4678,0.0003107254232
4679,0.00255966293579
4680,0.000575098303438
4681,0.000121441775234
4682,0.00294565764568
4683,0.00142036200875
4684,0.000700727049368
4685,0.0
4686,0.00506782964134
4687,0.00736520159195
4688,0.0
4689,0.00100590549195
4690,0.00217825681579
4691,0.0
4692,0.00846326473983
4693,0.00310249095612
4694,0.00110310685333
4695,0.00676147597793
4696,0.0023190167375
4697,0.00496991716801
4698,0.0
4699,0.00993563376502
4700,0.0449917549388
4701,0.000211004612178
4702,0.00117666956434
4703,0.00162510802698
4704,0.00165289594787
4705,0.0117685788789
4706,0.0272295292111
4707,0.0133619441088
4708,0.00139516209234
4709,0.00435778356433
4710,0.00779392494443
4711,0.0013135064049
4712,0.00323815103711
4713,0.000548108822833
4714,0.000554664118523
4715,0.000781928823738
4716,0.00239671865263
4717,0.00118970570326
4718,0.00747866815458
4719,0.0
4720,0.0
4721,0.0
4722,0.00170315660036
4723,0.0
4724,0.00165556626788
4725,0.00151486603159
4726,0.0
4727,0.00192448812113
4728,0.0
4729,0.000568095343218
4730,0.000574389640205
4731,0.0
4732,0.000252735093742
4733,0.0012062010534
4734,0.00409833787255
4735,0.00813010915084
4736,0.0
4737,0.00193556261911
4738,0.00130916737613
4739,0.00976588098497
4740,0.0
4741,0.00180487773712
4742,0.000492072742828
4743,0.000700405830641
4744,0.000606932645
4745,0.0
4746,0.0
4747,0.00162163663383
4748,0.0
4749,0.0201446620596
4750,0.00880760866347
4751,0.00112821122224
4752,0.00653295756749
4753,0.000349662365426
4754,0.0
4755,0.0124871388516
4756,0.000425761271169
4757,0.0
4758,0.00124032055637
4759,0.000849275722929
4760,0.00115586460694
4761,0.000519123793926
4762,0.00356731401021
4763,0.00119215681635
4764,0.0
4765,0.0110079195682
4766,0.000440371583763
4767,0.000800453481999
4768,0.0
4769,0.00154459182268
4770,0.000483887623365
4771,0.00192385054979
4772,0.0
4773,0.00212918715818
4774,0.0
4775,0.00206550513665
4776,0.0
4777,0.00170174333148
4778,0.0
4779,0.00702123994698
4780,0.000605077699202
4781,0.0
4782,0.000695138490599
4783,0.000483514712558
4784,0.0016314025179
4785,0.000529382530795
4786,0.00217918037949
4787,0.000741396444947
4788,0.00127031080945
4789,0.0020134875969
4790,0.0
4791,0.040604942851
4792,0.000454454788615
4793,0.0
4794,0.0040479658533
4795,0.0
4796,0.00124024761059
4797,0.0
4798,0.0
4799,0.00105503375389
4800,0.000485432427766
4801,0.00167591558137
4802,0.000620480487736
4803,0.000320543060324
4804,0.0
4805,0.00120310786736
4806,0.0
4807,0.00116195241754
4808,0.000666202399877
4809,0.0
4810,0.00175452218226
4811,0.00435579565965
4812,0.00192206568327
4813,0.0
4814,0.000911218966558
4815,0.0
4816,0.000376486618212
4817,0.0109668169057
4818,0.00368744276602
4819,0.00154798450552
4820,0.000507042124067
4821,0.0
4822,0.0
4823,0.00151163344399
4824,0.000639470034947
4825,0.00109115195692
4826,0.00113829500277
4827,0.0
4828,0.0
4829,0.00105760264004
4830,0.00418696696384
4831,0.0
4832,0.000985075861171
4833,0.0
4834,0.00113677323065
4835,0.0173244191428
4836,0.00150002725747
4837,0.000568381795862
4838,0.00051612847475
4839,0.00337785570487
4840,0.00108813730298
4841,0.0
4842,0.0196835590257
4843,0.0132480863646
4844,0.0
4845,0.0
4846,0.0
4847,0.000728846414064
4848,0.0
4849,0.00122744121392
4850,0.00793312311631
4851,0.000323413277946
4852,0.0
4853,0.00220387610538
4854,0.000733562294814
4855,0.0255641623527
4856,0.00699548033784
4857,0.0010029176597
4858,0.0
4859,0.0023345557314
4860,0.000271470777325
4861,0.00146494650202
4862,0.0
4863,0.00116596698668
4864,0.0
4865,0.0
4866,0.00498665656531
4867,0.0
4868,0.0
4869,0.00898793096683
4870,0.00495577283968
4871,0.00329872832136
4872,0.00044697248889
4873,0.0
4874,0.0
4875,0.000477840510276
4876,0.00427664527992
4877,0.0028422087419
4878,0.000529996275336
4879,0.0013136233181
4880,0.00328974302357
4881,0.000470099472063
4882,0.000698109263092
4883,0.0181862208574
4884,0.0
4885,0.0
4886,0.0
4887,0.0176176059246
4888,0.00155288664531
4889,0.0116992386303
4890,0.00053577192195
4891,0.0
4892,0.000436801676928
4893,0.0017442688047
4894,0.00258828987512
4895,0.014543473748
4896,0.00139477050901
4897,0.0
4898,0.0
4899,0.000563848781099
4900,0.000491863125847
4901,0.000351054739551
4902,0.00014013180998
4903,0.000427199989284
4904,0.0
4905,0.000671729912617
4906,0.0
4907,0.0129944598268
4908,0.00103699760181
4909,0.0
4910,0.0
4911,0.0078660074362
4912,0.00247284914512
4913,0.000904988560268
4914,0.00208035522195
4915,0.000245751883322
4916,0.00339060323643
4917,0.00136285664048
4918,0.0024109051736
4919,0.00148224908838
4920,0.00565003874482
4921,0.000885457086536
4922,0.00320615736469
4923,0.00147774449217
4924,0.00137336534846
4925,0.000529779952262
4926,0.0101447504446
4927,0.000729692997129
4928,0.00367414181683
4929,0.00990389300941
4930,0.000635071068043
4931,0.0131127345691
4932,0.000542226155823
4933,0.00104915617163
4934,0.000443443362965
4935,0.000183453009783
4936,0.00188732265029
4937,0.0012250881833
4938,0.000446545780054
4939,0.00408793717557
4940,0.000999812971076
4941,0.000565150984381
4942,0.00107978756889
4943,0.000198764164082
4944,0.00215702961139
4945,0.000614347649963
4946,0.001656150818
4947,0.0
4948,0.0
4949,0.0
4950,0.0
4951,0.0
4952,0.0
4953,0.00556032918627
4954,0.0
4955,0.00046583789688
4956,0.0
4957,0.0
4958,0.0023900532617
4959,0.00323972685499
4960,0.000476144933675
4961,0.00639212488208
4962,0.0
4963,0.00185226756713
4964,0.000626253628446
4965,0.00246655802693
4966,0.00251682076264
4967,0.00711285351966
4968,0.00112334241633
4969,0.00354412616431
4970,0.00285394038319
4971,0.0
4972,0.00190494147541
4973,0.0
4974,0.0
4975,0.00271595080803
4976,0.0
4977,0.0212265004112
4978,0.0126389125418
4979,0.00170697065172
4980,0.00101784275362
4981,0.0014218408074
4982,0.000558222831948
4983,0.000544771462788
4984,0.0
4985,0.000937372840319
4986,0.000278044414034
4987,0.0010737012172
4988,0.000481347551387
4989,0.0
4990,0.000270557702308
4991,0.00153121801283
4992,0.00248414371853
4993,0.00185273511438
4994,0.00188362917121
4995,0.00207373357771
4996,0.00112210920587
4997,0.00169762814823
4998,0.00212176211601
4999,0.000800175023595
